1739449810200 98.65257401774278 0
1739449810206 45.83829409011956 1
1739449810213 12.000866705370521 2
1739449810220 0.4346733266339567 3
1739449810225 0.44428651400142705 4
1739449810230 0.18477356586429922 5
1739449810236 0.11741529528735022 6
1739449810242 0.15236329318000288 7
1739449810246 0.07309354346631883 8
1739449810249 0.16089827409560076 9
1739449810253 0.1192522115564388 10
1739449810259 0.03673675600827379 11
1739449810262 0.10993477894578545 12
1739449810265 0.09685609441455088 13
1739449810269 0.09234571492383638 14
1739449810273 0.08208496305944678 15
1739449810277 0.08539844250870758 16
1739449810280 0.25560898541611116 17
1739449810283 0.1720400479211431 18
1739449810289 0.15915669145822353 19
1739449810293 0.07903603467913799 20
1739449810297 0.12483838667086049 21
1739449810300 0.07374974651648789 22
1739449810304 0.10483414592361577 23
1739449810308 0.1439262386219367 24
1739449810312 0.18903168471910595 25
1739449810316 0.08041801175041305 26
1739449810320 0.14458507655150865 27
1739449810325 0.09705912474533207 28
1739449810328 0.19144350574258073 29
1739449810331 0.08673002233731576 30
1739449810336 0.040435178833344396 31
1739449810341 0.12857860466579843 32
1739449810345 0.054837916705520164 33
1739449810348 0.13700862756722684 34
1739449810352 0.16275160073574485 35
1739449810357 0.18364499981682852 36
1739449810360 0.19691886261073405 37
1739449810364 0.174243346505198 38
1739449810367 0.08248112929324328 39
1739449810372 0.09858360450985194 40
1739449810377 0.08731384547346482 41
1739449810381 0.14889568134326475 42
1739449810384 0.2256280524953198 43
1739449810389 0.24123553864896446 44
1739449810394 0.07929851173108016 45
1739449810397 0.08864627451377086 46
1739449810400 0.1775766127726766 47
1739449810406 0.18821396288365247 48
1739449810411 0.17532333588113508 49
1739449810415 0.08985957616013353 50
1739449810419 0.07459463236949573 51
1739449810426 0.10326171168683891 52
1739449810430 0.11167249144232352 53
1739449810434 0.1950585477936217 54
1739449810439 0.19936025173602695 55
1739449810442 0.12868255985898605 56
1739449810445 0.23632336862263456 57
1739449810448 0.052300618630540474 58
1739449810453 0.18483380051142517 59
1739449810458 0.1828345532228065 60
1739449810461 0.15426582099507818 61
1739449810464 0.28163923709094624 62
1739449810468 0.29623369928826865 63
1739449810474 0.04733096631144237 64
1739449810479 0.1550428255789989 65
1739449810482 0.09745489841585733 66
1739449810487 0.15246486450392735 67
1739449810494 0.25203636476702435 68
1739449810497 0.05754009260813171 69
1739449810501 0.06327696998554534 70
1739449810506 0.15060136568612362 71
1739449810510 0.12246336189222207 72
1739449810513 0.09773438273663275 73
