1739450335475 98.4864689761057 0
1739450335495 51.435926656137795 1
1739450335513 40.00828711763281 2
1739450335527 26.962536137983257 3
1739450335540 15.828021421677708 4
1739450335554 16.829185817190258 5
1739450335565 11.735118559866425 6
1739450335578 15.315426083274755 7
1739450335586 11.547522406367637 8
1739450335598 9.522756085594938 9
1739450335607 6.405895008616208 10
1739450335616 5.5934977881176 11
1739450335627 4.376741771039664 12
1739450335642 2.4652750738437854 13
1739450335649 2.822025717827841 14
1739450335655 1.0498689342561711 15
1739450335663 1.0837168393459782 16
1739450335673 0.7328310329033153 17
1739450335684 0.544930066715769 18
1739450335693 0.2818246278326226 19
1739450335702 0.28589582685782056 20
1739450335714 0.14394137105411026 21
1739450335722 0.20029351650667934 22
1739450335729 0.11729419966829527 23
1739450335737 0.3219996259395736 24
1739450335745 0.17230441373067468 25
1739450335750 0.15549380071699237 26
1739450335757 0.213656464787068 27
1739450335763 0.24158781835294385 28
1739450335769 0.1243291221216832 29
1739450335774 0.12248225244379238 30
1739450335780 0.15846352672349323 31
1739450335785 0.12130563537724046 32
1739450335791 0.12142868592135517 33
1739450335797 0.2416463535132003 34
1739450335803 0.10073185933248745 35
1739450335808 0.0956593929358712 36
1739450335815 0.19265578798064864 37
1739450335819 0.09149099681076045 38
1739450335825 0.10036665138660487 39
1739450335831 0.2109939796911366 40
1739450335835 0.09658649916088755 41
1739450335840 0.16455220917769398 42
1739450335847 0.12943439226795744 43
