1739453033915 168.92543757006746 0
1739453033917 167.62760591015928 1
1739453033919 166.33463701497288 2
1739453033922 165.04656499271053 3
1739453033924 163.7634174754809 4
1739453033926 162.4852166847854 5
1739453033928 161.21198038151272 6
1739453033930 159.9437226860165 7
1739453033933 158.68045477052564 8
1739453033935 157.4221854345216 9
1739453033937 156.1689215772349 10
1739453033939 154.92066858216342 11
1739453033941 153.67743062779815 12
1739453033943 152.43921093732243 13
1739453033946 151.20601197837206 14
1739453033948 149.9778356222628 15
1739453033950 148.7546832705285 16
1739453033953 147.53655595522943 17
1739453033955 146.32345441830074 18
1739453033957 145.1153791742065 19
1739453033959 143.9123305593359 20
1739453033962 142.71430877089287 21
1739453033964 141.52131389747728 22
1739453033967 140.33334594310614 23
1739453033969 139.15040484606283 24
1739453033971 137.9724904936744 25
1739453033974 136.7996027338862 26
1739453033976 135.63174138431995 27
1739453033978 134.46890623935684 28
1739453033981 133.3110970756713 29
1739453033984 132.15831365655114 30
1739453033986 131.010555735267 31
1739453033988 129.86782305769796 32
1739453033990 128.73011536437625 33
1739453033992 127.597432392077 34
1739453033996 126.46977387505402 35
1739453033998 125.34713954599866 36
1739453034000 124.22952913678289 37
1739453034003 123.1169423790349 38
1739453034005 122.00937900458356 39
1739453034007 120.9068387458017 40
1739453034009 119.80932133586994 41
1739453034012 118.7168265089798 42
1739453034015 117.62935400048883 43
1739453034017 116.54690354703934 44
1739453034019 115.46947488664834 45
1739453034021 114.39706775877578 46
1739453034023 113.32968190437549 47
1739453034025 112.26731706593324 48
1739453034028 111.20997298749475 49
1739453034030 110.15764941468576 50
1739453034032 109.11034609472631 51
1739453034034 108.0680627764405 52
1739453034037 107.03079921026246 53
1739453034040 105.99855514824021 54
1739453034042 104.97133034403686 55
1739453034045 103.94912455293074 56
1739453034049 102.93193753181407 57
1739453034051 101.91976903919111 58
1739453034053 100.91261883517504 59
1739453034056 99.9104866814849 60
1739453034058 98.91337234144193 61
1739453034062 97.9212755799655 62
1739453034066 96.93419616356904 63
1739453034069 95.9521338603557 64
1739453034071 94.97508844001382 65
1739453034073 94.00305967381247 66
1739453034075 93.03604733459673 67
1739453034079 92.07405119678307 68
1739453034083 91.11707103635456 69
1739453034086 90.16510663085614 70
1739453034088 89.21815775938977 71
1739453034091 88.27622420260964 72
1739453034093 87.33930574271726 73
1739453034097 86.40740216345657 74
1739453034101 85.4805132501091 75
1739453034103 84.55863878948892 76
1739453034106 83.64177856993777 77
1739453034108 82.72993238132003 78
1739453034112 81.82310001501766 79
1739453034117 80.92128126392535 80
1739453034120 80.02447592244519 81
1739453034122 79.13268378648183 82
1739453034125 78.24590465343725 83
1739453034129 77.36413832220556 84
1739453034134 76.48738459316797 85
1739453034137 75.6156432681876 86
1739453034139 74.74891415060407 87
1739453034141 73.88719704522842 88
1739453034144 73.03049175833782 89
1739453034149 72.17879809767018 90
1739453034152 71.33211587241881 91
1739453034154 70.49044489322715 92
1739453034156 69.65378497218323 93
1739453034159 68.82213592281431 94
1739453034169 67.9954975600814 95
1739453034172 67.17386970037371 96
1739453034175 66.35725216150314 97
1739453034180 65.54564476269874 98
1739453034185 64.73904732460102 99
