1739452057777 40.02996823175195 0
1739452057785 0.13231487429065045 1
1739452057790 0.16113899524470382 2
1739452057794 0.07137833900567074 3
1739452057801 0.2081427696717472 4
1739452057806 0.10029810373928594 5
1739452057810 0.15433610762753455 6
1739452057815 0.18357177759797433 7
1739452057821 0.09346609217070856 8
1739452057827 0.08563109818801022 9
1739452057832 0.06490631110768248 10
1739452057839 0.12336908685708427 11
1739452057843 0.14949326904889404 12
1739452057848 0.10339914158485482 13
1739452057855 0.10902538297244835 14
1739452057859 0.09102255832177793 15
1739452057863 0.17450010269173188 16
1739452057870 0.15476820330338792 17
1739452057875 0.22118921499685362 18
1739452057879 0.13696189211114818 19
1739452057886 0.09012079935984045 20
1739452057891 0.05895900370438391 21
1739452057895 0.08315613702983667 22
1739452057902 0.11969519323306341 23
1739452057907 0.1915874794405482 24
1739452057911 0.09249606837581503 25
1739452057918 0.2682172782952306 26
1739452057924 0.13864810275397416 27
1739452057928 0.18830888073010182 28
1739452057935 0.31086350242181066 29
1739452057941 0.09074856124177588 30
1739452057946 0.08489848323441228 31
1739452057953 0.12823008293146182 32
1739452057958 0.10811964388664938 33
1739452057966 0.09232261083353863 34
1739452057972 0.03517231479281649 35
1739452057977 0.15594008240383908 36
1739452057984 0.1386766237501456 37
1739452057990 0.30053997384264136 38
1739452057995 0.04982718915484191 39
1739452058002 0.16536394842852328 40
1739452058007 0.08526330992725908 41
1739452058011 0.21993685836880353 42
1739452058018 0.1567586909751853 43
1739452058023 0.09588618449108731 44
1739452058027 0.1110690581770587 45
1739452058034 0.14548768543592505 46
1739452058043 0.28878004280831665 47
1739452058051 0.23223785493243787 48
1739452058056 0.3030375543666182 49
1739452058062 0.12281179824237293 50
1739452058069 0.1471223857781847 51
1739452058074 0.14158084506543597 52
1739452058078 0.17810856025204935 53
1739452058084 0.10623714031231302 54
1739452058090 0.1265986978720522 55
1739452058095 0.08643369865257292 56
1739452058103 0.14276529055491066 57
1739452058109 0.07117731503068199 58
1739452058114 0.2425349695340587 59
1739452058121 0.18283567690007801 60
1739452058126 0.12267712945525823 61
1739452058131 0.26188825891598916 62
1739452058138 0.09446828530870752 63
1739452058143 0.1596857177695377 64
1739452058149 0.11123119119355593 65
1739452058156 0.09346082842269562 66
1739452058161 0.07827663012350701 67
1739452058167 0.14858619134603276 68
1739452058174 0.0923470578932301 69
1739452058178 0.08222969055705215 70
1739452058185 0.14622323559613953 71
1739452058191 0.09546115594048775 72
1739452058195 0.11628929606166197 73
1739452058202 0.21822611196980451 74
1739452058208 0.08703093850864282 75
1739452058212 0.11388486674902823 76
1739452058220 0.11363588260478338 77
1739452058226 0.08665398078649515 78
1739452058232 0.19493853467296507 79
