1739451646543 169.01961904378464 0
1739451646547 168.75943079958154 1
1739451646550 168.44747014037236 2
1739451646554 168.12541476492925 3
1739451646559 167.80159356283437 4
1739451646563 167.4776707584939 5
1739451646567 167.15397887594443 6
1739451646571 166.83058435421583 7
1739451646576 166.50750046669188 8
1739451646579 166.18472986391265 9
1739451646582 165.8622730739077 10
1739451646585 165.54013020061672 11
1739451646590 165.2183012632447 12
1739451646594 164.89678626406678 13
1739451646596 164.57558520197625 14
1739451646599 164.2546980751916 15
1739451646603 163.93412488179715 16
1739451646608 163.61386561985125 17
1739451646611 163.2939202874079 18
1739451646614 162.97428888252105 19
1739451646617 162.6549714032453 20
1739451646622 162.33596784763634 21
1739451646627 162.0172782137508 22
1739451646630 161.6989024996463 23
1739451646633 161.38084070338144 24
1739451646640 161.06309282301584 25
1739451646646 160.74565885661013 26
1739451646649 160.428538802226 27
1739451646654 160.11173265792593 28
1739451646661 159.79524042177363 29
1739451646665 159.47906209183367 30
1739451646669 159.1631976661717 31
1739451646675 158.84764714285424 32
1739451646680 158.532410519949 33
1739451646683 158.21748779552453 34
1739451646687 157.90287896765048 35
1739451646693 157.5885840343974 36
1739451646697 157.27460299383694 37
1739451646700 156.96093584404164 38
1739451646705 156.64758258308518 39
1739451646710 156.33454320904218 40
1739451646714 156.0218177199881 41
1739451646717 155.70940611399965 42
1739451646722 155.3973083891544 43
1739451646729 155.08552454353097 44
1739451646732 154.77405457520896 45
1739451646735 154.4628984822689 46
1739451646743 154.15205626279254 47
1739451646749 153.8415279148623 48
1739451646754 153.53131343656187 49
1739451646763 153.22141282597588 50
1739451646767 152.91182608118987 51
1739451646775 152.60255320029046 52
1739451646781 152.29359418136528 53
1739451646787 151.98494902250283 54
1739451646792 151.67661772179287 55
1739451646797 151.36860027732584 56
1739451646800 151.06089668719346 57
1739451646807 150.75350694948827 58
1739451646812 150.4464310623039 59
1739451646815 150.13966902373497 60
1739451646819 149.83322083187707 61
1739451646826 149.52708648482675 62
1739451646830 149.22126598068175 63
1739451646833 148.91575931754056 64
1739451646839 148.61056649350286 65
1739451646844 148.30568750666922 66
1739451646847 148.00112235514132 67
1739451646850 147.6968710370217 68
1739451646855 147.39293355041403 69
1739451646860 147.0893098934229 70
1739451646864 146.78600006415397 71
1739451646867 146.48300406071385 72
1739451646870 146.18032188121015 73
1739451646876 145.8779535237515 74
1739451646880 145.57589898644753 75
1739451646882 145.27415826740892 76
1739451646886 144.97273136474726 77
1739451646892 144.6716182765752 78
1739451646896 144.37081900100642 79
1739451646899 144.07033353615552 80
1739451646902 143.77016188013818 81
1739451646908 143.47030403107104 82
1739451646912 143.17075998707173 83
1739451646915 142.8715297462589 84
1739451646917 142.5726133067523 85
1739451646922 142.27401066667252 86
1739451646927 141.9757218241412 87
1739451646930 141.67774677728113 88
1739451646933 141.3800855242159 89
1739451646938 141.0827380630702 90
1739451646943 140.7857043919697 91
1739451646947 140.4889845090411 92
1739451646949 140.19257841241213 93
1739451646953 139.89648610021146 94
1739451646958 139.60070757056877 95
1739451646962 139.3052428216148 96
1739451646964 139.0100918514812 97
1739451646967 138.7152546583008 98
1739451646971 138.42073124020723 99
