1739449857059 96.33826636851258 0
1739449857063 32.73513548898163 1
1739449857068 4.511269548314431 2
1739449857075 0.2383104108833487 3
1739449857079 0.21296503682820558 4
1739449857083 0.23824413460154983 5
1739449857089 0.185015883612127 6
1739449857093 0.16237462813241063 7
1739449857096 0.14542209334144576 8
1739449857102 0.11234315382560131 9
1739449857107 0.11806888750102418 10
1739449857110 0.14294456846566633 11
1739449857115 0.11631259440420794 12
1739449857122 0.09694851815740181 13
1739449857127 0.09523078976223057 14
1739449857130 0.14297360340970836 15
1739449857136 0.2635368516682395 16
1739449857142 0.12083838042120074 17
