1739449678763 100.47074891777253 0
1739449678768 44.91592973212265 1
1739449678772 12.371468553958328 2
1739449678775 0.43251572014410994 3
1739449678779 0.11932460110410238 4
1739449678783 0.15384864030803533 5
1739449678787 0.20128737084346038 6
1739449678789 0.2275547362719396 7
1739449678794 0.11463909973029797 8
1739449678798 0.25719445899282833 9
1739449678802 0.19091568343399537 10
1739449678805 0.08539974976801468 11
1739449678809 0.13032396395153545 12
1739449678813 0.0815266080096442 13
1739449678817 0.11104576466249191 14
1739449678821 0.30870475237542805 15
1739449678824 0.12257577065794974 16
1739449678828 0.10130537981040037 17
1739449678832 0.10129386652296594 18
1739449678836 0.17076505864032754 19
1739449678839 0.08419925858509636 20
1739449678843 0.15868921794717727 21
1739449678849 0.313741297270003 22
1739449678853 0.11998610594680204 23
1739449678855 0.20513587361802677 24
1739449678859 0.17847076750106114 25
1739449678865 0.06708531454057749 26
1739449678869 0.08450398854949943 27
1739449678873 0.15232164377468754 28
1739449678876 0.2099809623917931 29
1739449678880 0.07482173374956387 30
1739449678884 0.27865665654732785 31
1739449678887 0.13725806632907964 32
1739449678890 0.07848972694898765 33
1739449678895 0.17053618626509268 34
1739449678899 0.06623101834205973 35
1739449678903 0.10825860275346708 36
1739449678906 0.455584148609137 37
1739449678910 0.23417636497407054 38
1739449678914 0.2078088901208038 39
1739449678918 0.23047101746547008 40
1739449678921 0.12996815381634047 41
1739449678924 0.23187212347928846 42
1739449678928 0.05684083130420413 43
1739449678933 0.19675073318301295 44
1739449678936 0.06267987323324603 45
1739449678939 0.18385431330965715 46
1739449678943 0.10446877022895378 47
1739449678948 0.09653163372992149 48
1739449678953 0.24107635937310584 49
1739449678956 0.17268288137004806 50
1739449678960 0.06915595473979644 51
1739449678965 0.10300835986130305 52
1739449678968 0.06716653074235708 53
1739449678971 0.13377148830496136 54
1739449678974 0.27069769335942595 55
1739449678978 0.22909284223730206 56
1739449678983 0.12299171850778685 57
1739449678986 0.2003037143750814 58
1739449678989 0.08927370123456771 59
1739449678993 0.14874943567157367 60
1739449678997 0.11826993300873768 61
1739449679001 0.11700488035807423 62
