1739449206911 8.045359141435764 0
1739449206914 6.898256696116109 1
1739449206917 9.871784315666872 2
1739449206922 1.9565087040657914 3
1739449206927 0.6947069411698599 4
1739449206930 0.0924679477808906 5
1739449206933 0.06888677622243071 6
1739449206938 0.12953939632763176 7
1739449206942 0.6967304442387552 8
1739449206946 0.13476261338876155 9
1739449206948 0.19910777876703792 10
1739449206952 0.06506631782411525 11
1739449206957 0.6998441564833529 12
1739449206961 0.4082490304054122 13
1739449206964 0.11723896709187454 14
1739449206967 0.21195056299413156 15
1739449206971 0.020581416891135823 16
1739449206975 0.10253746780305537 17
1739449206979 0.23943840353574997 18
1739449206982 0.07766608811912765 19
1739449206985 0.037483249381634165 20
1739449206989 0.12058076224545883 21
1739449206993 0.04007386971982718 22
