1739451093002 39.52420689867182 0
1739451093008 0.127252310593357 1
1739451093012 0.19261322783778906 2
1739451093018 0.07960328289174551 3
1739451093022 0.15518387603425507 4
1739451093026 0.14353962937902023 5
1739451093029 0.3303640587305293 6
1739451093032 0.167309402670197 7
1739451093039 0.0987458957772527 8
1739451093042 0.13991275114811902 9
1739451093046 0.2048535535406389 10
1739451093051 0.21730359351054554 11
1739451093056 0.0845684434754395 12
1739451093060 0.08081402140512715 13
1739451093063 0.15498243249858407 14
1739451093068 0.1545456094805259 15
1739451093073 0.15492932204023901 16
1739451093077 0.08273087078190951 17
1739451093080 0.20158685110444582 18
1739451093087 0.05909335434478178 19
1739451093093 0.18348254080569984 20
1739451093098 0.15393187154491367 21
1739451093105 0.11843754469476901 22
1739451093112 0.1695362019565294 23
1739451093120 0.06215204265174836 24
1739451093128 0.09919469297794496 25
1739451093134 0.26124458688349467 26
1739451093141 0.14723937896280878 27
1739451093147 0.27406407295208685 28
1739451093154 0.15246173264913265 29
1739451093161 0.0728749736731505 30
1739451093166 0.20980493374348907 31
1739451093173 0.14117966979757737 32
1739451093179 0.3548255233876742 33
1739451093185 0.18906348676956128 34
1739451093192 0.16385438768797583 35
1739451093197 0.09492560707989511 36
1739451093203 0.20657571123781993 37
1739451093213 0.16499700607908932 38
1739451093221 0.13540862470555856 39
1739451093226 0.19229433528756507 40
1739451093231 0.07673512465348331 41
1739451093241 0.09655347497724771 42
1739451093245 0.10415468590864957 43
1739451093253 0.12698955131979991 44
1739451093259 0.19380260380647088 45
1739451093264 0.09885432788009747 46
1739451093271 0.1381449542226283 47
1739451093276 0.1510368619447629 48
1739451093279 0.17645998612609495 49
1739451093286 0.1168334258787598 50
1739451093293 0.11694952869125466 51
1739451093297 0.10363836335551262 52
1739451093304 0.15636741083699257 53
1739451093309 0.055895639315783716 54
1739451093313 0.2612044827125902 55
1739451093321 0.13855740523890972 56
1739451093327 0.13587091484311603 57
1739451093331 0.17738670573597956 58
1739451093339 0.18056387814000482 59
1739451093344 0.13850179316385422 60
1739451093348 0.19084618628448324 61
1739451093355 0.10288897056585057 62
1739451093360 0.15581260393102558 63
1739451093363 0.11768383479332095 64
1739451093370 0.11237552311653122 65
1739451093375 0.16136956425095939 66
1739451093378 0.062235488496832636 67
1739451093384 0.08495515298447869 68
1739451093390 0.09250354964244847 69
1739451093394 0.14055900932471257 70
1739451093397 0.21109546080186123 71
1739451093403 0.1189063899784513 72
1739451093407 0.06903902371248377 73
1739451093410 0.19583040612934102 74
1739451093414 0.22839330767419766 75
1739451093421 0.11669561986706635 76
1739451093426 0.07292185998244281 77
1739451093430 0.1940919569236753 78
1739451093436 0.13115541582831597 79
1739451093440 0.2136297727404866 80
1739451093444 0.16388450847340152 81
1739451093447 0.12140331786145163 82
1739451093453 0.07662409918104161 83
1739451093458 0.07600080020822346 84
1739451093462 0.099996234255089 85
1739451093466 0.10071086784423569 86
1739451093473 0.18899586248177033 87
1739451093477 0.17289453885187123 88
1739451093481 0.0795774537857183 89
1739451093486 0.16016929303622462 90
1739451093491 0.0937675292593882 91
1739451093494 0.2186486162420437 92
1739451093497 0.12211358639193756 93
1739451093503 0.23116581604144137 94
1739451093508 0.14376439581439973 95
1739451093511 0.2478017210263122 96
1739451093514 0.19422568041017524 97
1739451093520 0.08671986992193219 98
1739451093524 0.40462884264613697 99
