1739450300603 151.40199061396945 0
1739450300610 130.03290138378628 1
1739450300618 102.2399497344932 2
1739450300626 81.34850309005897 3
1739450300638 61.81222115300706 4
1739450300649 44.28380148781126 5
1739450300657 30.73398020290053 6
1739450300670 20.634196665524705 7
1739450300680 11.903400135789193 8
1739450300689 6.312418773764131 9
1739450300699 1.3944596755164647 10
1739450300707 0.34612340643049494 11
1739450300718 0.09067161380067659 12
1739450300723 0.1544743160282953 13
1739450300732 0.14056608991393763 14
1739450300736 0.1633592908257145 15
1739450300739 0.1913235670759416 16
1739450300745 0.08234004117664023 17
1739450300751 0.05654052733688266 18
1739450300755 0.06713159662471868 19
1739450300760 0.12098184680398387 20
1739450300767 0.2114450031849159 21
1739450300771 0.20595122632433416 22
1739450300775 0.16497671892948834 23
1739450300783 0.12516141741237605 24
1739450300788 0.12874455926552045 25
1739450300793 0.2000079564070239 26
1739450300802 0.15947939279712703 27
1739450300806 0.07570175428535174 28
1739450300814 0.3285596939197758 29
1739450300821 0.20715772953351946 30
1739450300826 0.11345278876598625 31
1739450300833 0.05150232724290765 32
1739450300837 0.1503624000696515 33
1739450300841 0.0832466666936727 34
1739450300849 0.18153595193146824 35
1739450300854 0.15116083866601954 36
1739450300858 0.09271853426030192 37
1739450300866 0.12647778931274994 38
1739450300870 0.12018855933419867 39
1739450300875 0.13887617622399362 40
1739450300883 0.11137345657319464 41
1739450300888 0.09828734913536634 42
1739450300892 0.20425642060333016 43
1739450300898 0.13914376538538528 44
1739450300902 0.22113375571556368 45
1739450300905 0.08311051422097042 46
1739450300911 0.09688305600889326 47
1739450300915 0.11671964987479284 48
1739450300919 0.2805881794391749 49
1739450300922 0.17175782294377223 50
