1739453162311 0.09722884228620148 0
1739453162425 0.3010536211409275 1
1739453162550 5.38501173001223e-06 2
1739453162682 0.05806214112375615 3
1739453162793 0.0018094893495011052 4
1739453162904 0.051492180657208425 5
1739453163015 0.12074826318993379 6
1739453163124 5.1552007596642184e-05 7
1739453163241 0.14266737505001806 8
1739453163356 0.005124254185368442 9
1739453163475 0.185352167835177 10
1739453163661 0.13884409327712213 11
1739453163867 0.1088644546471113 12
1739453164008 0.050833888932899765 13
1739453164117 0.00554624724648449 14
1739453164233 0.04537869423372222 15
1739453164346 0.1323784769984387 16
1739453164459 0.04198084447170197 17
1739453164568 0.7268847922564268 18
1739453164683 0.04549056357901788 19
1739453164797 0.02441698862843664 20
1739453164909 0.0036158129304008245 21
1739453165018 0.00983143617885711 22
1739453165131 0.0481480856057541 23
1739453165249 0.005302658837930088 24
1739453165368 0.8557851172943618 25
1739453165483 0.07021979805192358 26
1739453165597 0.08312192180987779 27
1739453165712 0.007759716106199771 28
1739453165852 0.015753129601660712 29
1739453165996 0.4975599024432379 30
1739453166113 0.060853489466811926 31
1739453166241 0.15893678939691028 32
1739453166377 0.4409226033303004 33
1739453166511 0.06332772784531551 34
1739453166639 0.015098641846876289 35
1739453166761 0.025500223991185 36
1739453166876 0.054983125459843185 37
1739453167013 0.0037749523351488824 38
1739453167133 0.043376659063484625 39
1739453167263 0.09056756405757778 40
1739453167386 0.019000396984857486 41
1739453167524 0.3981192003476492 42
1739453167665 0.015613589819132212 43
1739453167790 0.42603027149977035 44
1739453167911 0.008590009351864833 45
1739453168027 0.3671072500653881 46
1739453168154 0.004928794647785821 47
1739453168278 0.12340915852876252 48
1739453168394 3.123433022171656e-05 49
1739453168533 0.23469174438510726 50
1739453168666 0.00762560657006441 51
1739453168788 0.44574660169412217 52
1739453168980 0.009577119483518203 53
1739453169109 0.39103547417150836 54
1739453169239 0.006317833604662295 55
1739453169392 0.022666894519371424 56
1739453169546 0.008911002543662262 57
