1739453066869 111.53118997277704 0
1739453066874 63.74089492649591 1
1739453066879 40.4325604672409 2
1739453066884 21.011600938765117 3
1739453066888 20.42344241947989 4
1739453066893 15.824919011419668 5
1739453066898 12.177242660557212 6
1739453066902 11.664059281004276 7
1739453066906 8.544161673206112 8
1739453066911 9.755342029761461 9
1739453066915 6.682948673539115 10
1739453066920 7.050596803576507 11
1739453066924 5.233036617950681 12
1739453066931 2.85309813959923 13
1739453066936 2.0355207930472625 14
1739453066940 1.8855796247350145 15
1739453066945 1.3725319036872425 16
1739453066950 0.7074353378494097 17
1739453066954 0.8378850392140167 18
1739453066958 0.22509631690002152 19
1739453066963 0.47914860923889996 20
1739453066968 0.18972467864512557 21
1739453066972 0.15820770939307116 22
1739453066978 0.2556075694470672 23
1739453066983 0.19181023145752427 24
1739453066987 0.1766593499362107 25
1739453066992 0.1172340331431785 26
1739453066999 0.1501679985515242 27
1739453067004 0.058636066139930894 28
1739453067009 0.11733569835848796 29
1739453067014 0.21383913165722526 30
1739453067019 0.1528408082700758 31
1739453067023 0.08315411817112318 32
1739453067028 0.09591369474957545 33
1739453067033 0.08388883583989623 34
1739453067037 0.09955391980299017 35
1739453067042 0.07430056889180292 36
1739453067048 0.11544759654011963 37
