1739453016859 168.9111973065381 0
1739453016863 168.53982079259794 1
1739453016865 168.168838495185 2
1739453016868 167.7982612469533 3
1739453016870 167.4280922935257 4
1739453016872 167.0583326055211 5
1739453016874 166.6889824719796 6
1739453016876 166.32004197779892 7
1739453016879 165.95151114673848 8
1739453016882 165.58338998424867 9
1739453016884 165.21567849029776 10
1739453016887 164.84837666321283 11
1739453016889 164.48148450083048 12
1739453016891 164.11500200084134 13
1739453016893 163.7489291608931 14
1739453016897 163.38326597862155 15
1739453016899 163.01801245165967 16
1739453016901 162.65316857764054 17
1739453016904 162.2887343541982 18
1739453016906 161.92470977896772 19
1739453016908 161.5610948495855 20
1739453016910 161.197889563689 21
1739453016912 160.83509391891704 22
1739453016915 160.47270791290973 23
1739453016918 160.11073154330833 24
1739453016920 159.74916480775536 25
1739453016922 159.38800770389457 26
1739453016924 159.02726022937097 27
1739453016926 158.66692238183083 28
1739453016929 158.3069941589216 29
1739453016932 157.9474755582921 30
1739453016934 157.5883665775922 31
1739453016937 157.2296672144732 32
1739453016939 156.87137746658752 33
1739453016941 156.5134973315888 34
1739453016943 156.15602680713204 35
1739453016946 155.79896589087335 36
1739453016949 155.4423145804702 37
1739453016951 155.08607287358123 38
1739453016953 154.73024076786626 39
1739453016955 154.3748182609865 40
1739453016957 154.0198053506043 41
1739453016960 153.6652020343832 42
1739453016963 153.31100830998813 43
1739453016965 152.95722417508506 44
1739453016967 152.60384962734145 45
1739453016970 152.2508846644257 46
1739453016972 151.89832928400773 47
1739453016974 151.54618348375845 48
1739453016976 151.1944472613502 49
1739453016979 150.84312061445647 50
1739453016982 150.49220354075197 51
1739453016984 150.14169603791268 52
1739453016986 149.7915981036158 53
1739453016988 149.4419097355398 54
1739453016991 149.0926309313643 55
1739453016993 148.74376168877026 56
1739453016996 148.39530200543985 57
1739453016999 148.04725187905635 58
1739453017001 147.69961130730445 59
1739453017003 147.35238028787 60
1739453017006 147.00555881844008 61
1739453017008 146.65914689670296 62
1739453017010 146.31314452034826 63
1739453017014 145.9675516870667 64
1739453017016 145.62236839455034 65
1739453017018 145.27759464049237 66
1739453017021 144.93323042258731 67
1739453017023 144.58927573853086 68
1739453017025 144.24573058602 69
1739453017027 143.90259496275283 70
1739453017031 143.55986886642884 71
1739453017033 143.2175522947486 72
1739453017035 142.87564524541398 73
1739453017037 142.53414771612813 74
1739453017040 142.19305970459533 75
1739453017042 141.8523812085212 76
1739453017044 141.51211222561244 77
1739453017047 141.17225275357714 78
1739453017050 140.83280279012453 79
1739453017052 140.49376233296508 80
1739453017054 140.15513137981046 81
1739453017057 139.8169099283737 82
1739453017059 139.47909797636885 83
1739453017062 139.14169552151137 84
1739453017066 138.80470256151784 85
1739453017068 138.46811909410616 86
1739453017071 138.13194511699535 87
1739453017073 137.79618062790573 88
1739453017076 137.46082562455885 89
1739453017078 137.1258801046774 90
1739453017081 136.7913440659854 91
1739453017084 136.4572175062081 92
1739453017086 136.12350042307187 93
1739453017088 135.7901928143044 94
1739453017091 135.45729467763454 95
1739453017093 135.12480601079244 96
1739453017096 134.79272681150937 97
1739453017098 134.46105707751795 98
1739453017101 134.12979680655195 99
