1739453062447 139.77234864751568 0
1739453062452 117.05105658809521 1
1739453062456 96.02127913783288 2
1739453062461 74.53223127808408 3
1739453062467 55.052535257132604 4
1739453062471 40.206769169850325 5
1739453062475 28.366728713707353 6
1739453062481 17.457052760471633 7
1739453062485 8.91348499947709 8
1739453062489 3.622054200423385 9
1739453062495 0.7856375038752345 10
1739453062501 0.15032128637344355 11
1739453062506 0.06938013864784161 12
1739453062512 0.109279118587843 13
1739453062517 0.06541245749291486 14
1739453062521 0.10975496075317967 15
1739453062526 0.09556029458205204 16
