1739451178411 37.49306432479075 0
1739451178418 0.1691747130816739 1
1739451178424 0.16843886305027067 2
1739451178432 0.0965082707506298 3
1739451178439 0.5141685653244707 4
1739451178446 0.13991793355830437 5
1739451178453 0.12610057063427882 6
1739451178458 0.14355783069405353 7
1739451178465 0.07588576733554754 8
1739451178471 0.3437133798530409 9
1739451178479 0.12028618656416337 10
1739451178488 0.19338134680663116 11
1739451178492 0.1972993558265306 12
1739451178497 0.08819304840427848 13
1739451178503 0.13245839258076778 14
1739451178507 0.10205229194087373 15
1739451178511 0.10074895611194767 16
