1739450788019 124.31982198042847 0
1739450788023 58.153943695633494 1
1739450788026 41.973938724635005 2
1739450788029 30.613149279042688 3
1739450788035 39.75122211962598 4
1739450788040 21.17054234402477 5
1739450788044 22.827889546199938 6
1739450788047 16.614021552823598 7
1739450788054 22.768334798748963 8
1739450788058 16.127153406677884 9
1739450788061 12.770624545083432 10
1739450788064 10.534421395119272 11
1739450788070 11.573114166168816 12
1739450788074 8.887826947137972 13
1739450788077 8.63561110222997 14
1739450788080 5.1465743700071 15
1739450788086 6.3573961800270995 16
1739450788090 3.8859154382776415 17
1739450788094 2.3078595523295853 18
1739450788097 2.451829734325804 19
1739450788104 2.0543356527010763 20
1739450788107 0.7176579686529058 21
1739450788110 0.7394044758091949 22
1739450788114 0.6367120879811539 23
1739450788120 0.5739485846616085 24
1739450788123 0.3881322212511223 25
1739450788127 0.3985437116186561 26
1739450788130 0.34856954646653876 27
1739450788135 0.30563698521795457 28
1739450788140 0.44207093749240056 29
1739450788144 0.13485604703509665 30
1739450788147 0.1715224932462392 31
1739450788154 0.2529305498895038 32
1739450788159 0.19579134663195244 33
1739450788163 0.0928958675362289 34
1739450788169 0.23072991405766838 35
1739450788174 0.11178662576382929 36
1739450788177 0.10159732749652661 37
1739450788181 0.111440975122002 38
1739450788187 0.1577273649879232 39
1739450788192 0.17222717044199767 40
1739450788195 0.1683201297182455 41
1739450788199 0.22960481089670523 42
1739450788205 0.1486786481481726 43
1739450788210 0.1828599913700108 44
1739450788214 0.07813305315633386 45
1739450788221 0.1375483299341846 46
1739450788225 0.20959043603305588 47
1739450788228 0.10265729921581153 48
1739450788232 0.28138650206218524 49
1739450788237 0.14686495293896987 50
1739450788241 0.18217837952158328 51
1739450788244 0.1748921256330768 52
1739450788247 0.09516724515055468 53
1739450788253 0.22290905335472272 54
1739450788257 0.16871882482554254 55
1739450788260 0.10567252638475477 56
1739450788264 0.12289078905226085 57
1739450788270 0.26391594867408985 58
1739450788274 0.09783813909437804 59
1739450788277 0.09556552721032172 60
1739450788280 0.07972825750422087 61
1739450788286 0.14527712818624125 62
1739450788290 0.06342711486483917 63
1739450788293 0.1441365016539706 64
1739450788297 0.09468636345329055 65
1739450788303 0.18945962116033738 66
1739450788307 0.1738038779219878 67
1739450788310 0.1162437425241037 68
1739450788314 0.06651560588804988 69
1739450788320 0.15517291658116586 70
1739450788324 0.16640220640034112 71
1739450788327 0.130406885980505 72
1739450788330 0.21355307223842437 73
1739450788336 0.0991241467088545 74
1739450788340 0.1328835023366294 75
1739450788344 0.1504427241002719 76
1739450788347 0.2523062533052731 77
1739450788352 0.15344029970582143 78
1739450788356 0.13675214514056117 79
1739450788359 0.17445174366492625 80
1739450788362 0.17331633991010825 81
1739450788366 0.1715198495044606 82
1739450788372 0.1705181156821288 83
1739450788375 0.1926817434916993 84
1739450788378 0.13099569090384502 85
1739450788383 0.09360859832345281 86
1739450788389 0.11163474382734813 87
1739450788392 0.1142318799603099 88
1739450788396 0.1916146300784279 89
1739450788401 0.10560822547378483 90
1739450788406 0.08407054196647115 91
1739450788410 0.1987888137099244 92
1739450788413 0.09561795445012156 93
1739450788418 0.129201990488736 94
1739450788423 0.08788661588349343 95
1739450788427 0.10908385899543736 96
1739450788430 0.1444224080602702 97
1739450788436 0.23869517902175397 98
1739450788440 0.12396205493872178 99
