1739449906273 133.46288827568873 0
1739449906277 110.85152958733067 1
1739449906282 85.47123181431978 2
1739449906287 62.31005895852139 3
1739449906290 41.808361119048776 4
1739449906293 28.546705755792512 5
1739449906298 15.826161657640554 6
1739449906303 6.953490262734039 7
1739449906308 2.1424675578465306 8
1739449906311 0.22755979756577113 9
1739449906315 0.14817023699357332 10
1739449906320 0.1902165723190446 11
1739449906323 0.23772839057705453 12
1739449906326 0.1526152814897197 13
1739449906330 0.3687760042683741 14
1739449906335 0.20190903640548663 15
1739449906338 0.13912578665805836 16
1739449906341 0.2250913562098633 17
1739449906344 0.21034752650249286 18
1739449906350 0.1795910732176742 19
1739449906354 0.28897056432585877 20
1739449906358 0.0942589247499531 21
1739449906361 0.09212432849514059 22
1739449906366 0.09878162168316348 23
1739449906371 0.14893721687390826 24
1739449906374 0.13865876180527884 25
1739449906377 0.22619603463886118 26
1739449906383 0.05998193258365244 27
1739449906387 0.16492407442249188 28
1739449906390 0.14856177867034864 29
1739449906393 0.17612111486061233 30
1739449906397 0.09280453861915336 31
