1739449619379 155.62297702420784 0
1739449619385 141.15663831987428 1
1739449619389 131.30274701011146 2
1739449619395 129.83954029017747 3
1739449619403 120.04454633240036 4
1739449619413 109.29133768220461 5
1739449619421 106.33338674701763 6
1739449619426 95.14601130547187 7
1739449619434 88.48274916930878 8
1739449619439 84.09870025723029 9
1739449619444 75.19211327298004 10
1739449619449 64.5649235388505 11
1739449619453 59.758254419144535 12
1739449619456 53.61890240404559 13
1739449619459 48.38964839706878 14
1739449619463 45.719319979414394 15
1739449619469 39.931382662951805 16
1739449619473 34.99621593886634 17
1739449619476 28.22664596271286 18
1739449619480 24.992099995895508 19
1739449619484 20.832223720499833 20
1739449619487 18.011557803592357 21
1739449619490 14.809553929044927 22
1739449619493 13.380317767469117 23
1739449619497 10.82180549263595 24
1739449619502 7.279394563082884 25
1739449619505 6.754989929416631 26
1739449619508 4.415165399380102 27
1739449619511 2.8889160245133483 28
1739449619516 1.7344209532843198 29
1739449619520 1.3365949681842113 30
1739449619523 0.24702411676378122 31
1739449619525 0.4380689446140541 32
1739449619528 0.34747640838178245 33
1739449619532 0.31151171473390904 34
1739449619535 0.12265555761757566 35
1739449619538 0.2752362286610814 36
1739449619541 0.10972368099775431 37
1739449619543 0.17344214539767538 38
1739449619547 0.20302921723555772 39
1739449619551 0.1772994335130738 40
1739449619554 0.2211702192507253 41
1739449619557 0.11522423863558362 42
1739449619560 0.09950574701554418 43
1739449619564 0.20684047543947873 44
