1739449982072 168.91119730653813 0
1739449982074 168.18573896171486 1
1739449982079 167.46226970075804 2
1739449982082 166.74086665461675 3
1739449982083 166.02153324197778 4
1739449982085 165.30426925754244 5
1739449982087 164.58907431532285 6
1739449982089 163.87594801771786 7
1739449982090 163.1648899637868 8
1739449982093 162.45589974962795 9
1739449982097 161.74897696836916 10
1739449982099 161.04412121013954 11
1739449982101 160.34133206203919 12
1739449982103 159.64060910810915 13
1739449982105 158.94195192930044 14
1739449982107 158.24536010344315 15
1739449982112 157.55083320521484 16
1739449982114 156.8583708061086 17
1739449982116 156.16797247440084 18
1739449982118 155.4796377751186 19
1739449982120 154.7933662700062 20
1739449982121 154.10915751749215 21
1739449982123 153.42701107265472 22
1739449982126 152.7469264871877 23
1739449982129 152.06890330936565 24
1739449982131 151.39294108400856 25
1739449982133 150.71903935244603 26
1739449982135 150.04719765248115 27
1739449982136 149.37741551835373 28
1739449982138 148.7096924807033 29
1739449982140 148.04402806653138 30
1739449982144 147.38042179916337 31
1739449982147 146.71887319820993 32
1739449982150 146.0593817795279 33
1739449982152 145.40194705518064 34
1739449982154 144.74656853339786 35
1739449982156 144.09324571853497 36
1739449982157 143.44197811103191 37
1739449982162 142.79276520737125 38
1739449982166 142.14560650003602 39
1739449982168 141.5005014774667 40
1739449982170 140.85744962401793 41
1739449982172 140.21645041991428 42
1739449982176 139.57750334120587 43
1739449982180 138.94060785972295 44
1739449982183 138.3057634430302 45
1739449982185 137.67296955438022 46
1739449982186 137.04222565266647 47
1739449982188 136.41353119237567 48
1739449982190 135.7868856235393 49
1739449982193 135.16228839168468 50
1739449982197 134.53973893778533 51
1739449982199 133.9192366982104 52
1739449982201 133.30078110467397 53
1739449982202 132.684371584183 54
1739449982204 132.07000755898505 55
1739449982206 131.45768844651505 56
1739449982208 130.84741365934133 57
1739449982211 130.23918260511104 58
1739449982214 129.6329946864947 59
1739449982216 129.02884930112995 60
1739449982217 128.42674584156475 61
1739449982219 127.82668369519932 62
1739449982221 127.22866224422785 63
1739449982223 126.63268086557888 64
1739449982225 126.03873893085519 65
1739449982229 125.44683580627263 66
1739449982232 124.85697085259818 67
1739449982234 124.26914342508718 68
1739449982236 123.6833528734194 69
1739449982238 123.09959854163469 70
1739449982240 122.51787976806716 71
1739449982242 121.93819588527886 72
1739449982246 121.36054621999216 73
1739449982248 120.7849300930215 74
1739449982250 120.21134681920383 75
1739449982252 119.63979570732826 76
1739449982254 119.07027606006463 77
1739449982256 118.50278717389101 78
1739449982259 117.93732833902017 79
1739449982265 117.37389883932501 80
1739449982268 116.81249795226287 81
1739449982270 116.25312494879861 82
1739449982271 115.69577909332695 83
1739449982274 115.140459643593 84
1739449982279 114.58716585061237 85
1739449982284 114.03589695858959 86
1739449982287 113.48665220483547 87
1739449982289 112.93943081968317 88
1739449982290 112.39423202640329 89
1739449982294 111.8510550411172 90
1739449982297 111.30989907270965 91
1739449982301 110.77076332273953 92
1739449982303 110.23364698534958 93
1739449982305 109.69854924717495 94
1739449982306 109.1654692872497 95
1739449982308 108.6344062769127 96
1739449982311 108.1053593797114 97
1739449982315 107.5783277513047 98
1739449982317 107.05331053936388 99
