1739452088262 36.59290308360993 0
1739452088269 0.11030736997681218 1
1739452088275 0.13706856876088203 2
1739452088283 0.24159365975501718 3
1739452088290 0.14741270016003963 4
1739452088296 0.1579591605828417 5
1739452088304 0.11372998309015654 6
1739452088309 0.16724403392796625 7
1739452088319 0.09021928697023002 8
1739452088325 0.10152478520914612 9
1739452088332 0.09703537505701626 10
1739452088338 0.1836961952513921 11
1739452088342 0.08362548410705238 12
1739452088349 0.19537599541317432 13
1739452088355 0.15205789389446425 14
1739452088359 0.12114181436791957 15
1739452088366 0.053884076503631716 16
1739452088372 0.18702228860161546 17
1739452088376 0.06090267670217989 18
1739452088383 0.1558952745652202 19
1739452088389 0.17589301136402996 20
1739452088393 0.1295374880269843 21
1739452088400 0.18592653609948026 22
1739452088405 0.3102705307319995 23
1739452088409 0.12890184540482172 24
1739452088416 0.24991781812447827 25
1739452088422 0.16066449259650786 26
1739452088426 0.07681629280477488 27
1739452088434 0.10489527572934162 28
1739452088439 0.12997081592475315 29
1739452088445 0.17001374894975252 30
1739452088454 0.11153784503742552 31
1739452088460 0.223249271800472 32
1739452088469 0.1951618030398287 33
1739452088474 0.071706308223973 34
1739452088481 0.09755480203061924 35
1739452088487 0.10257156070855436 36
1739452088491 0.14616040097138866 37
