1739452089172 34.08185302694732 0
1739452089177 0.06397119380607659 1
1739452089185 0.1506920159509178 2
1739452089191 0.061160113654980724 3
1739452089196 0.09384013304979974 4
1739452089202 0.09994459463141461 5
1739452089207 0.1173583701800515 6
1739452089211 0.2949716480198235 7
1739452089219 0.1722249270108763 8
1739452089224 0.14553902294871462 9
1739452089230 0.10060380500285862 10
1739452089236 0.20854608406572306 11
1739452089240 0.19583724257169965 12
1739452089245 0.19242238079853027 13
1739452089251 0.14227222489206678 14
1739452089255 0.17124774913695848 15
1739452089260 0.11634929521855444 16
1739452089266 0.22264469501430462 17
1739452089272 0.09772644328079978 18
1739452089276 0.09985983947284764 19
1739452089284 0.11223374395048356 20
1739452089289 0.16617798489502572 21
1739452089293 0.07280793901353581 22
1739452089300 0.21677601267592647 23
1739452089306 0.1157356459654246 24
1739452089310 0.23791529450935778 25
1739452089319 0.1258818451898565 26
1739452089327 0.22053513957601886 27
1739452089337 0.19552053311296674 28
1739452089342 0.26071930906348073 29
1739452089348 0.09763295930100517 30
1739452089355 0.1300053833345677 31
1739452089360 0.11057040076654832 32
1739452089369 0.21512795367141796 33
1739452089375 0.08299762521576841 34
1739452089380 0.13061345304743957 35
1739452089387 0.18441436751350607 36
1739452089392 0.10068282117125997 37
1739452089399 0.11450367338233372 38
1739452089404 0.09086947621958803 39
1739452089408 0.2256805722402679 40
