1739453072848 50.16203830334863 0
1739453072853 23.229119627462584 1
1739453072857 22.745237559022826 2
1739453072863 9.254061718531673 3
1739453072867 5.7384444108937585 4
1739453072871 2.201849180395052 5
1739453072876 1.8357788000270276 6
1739453072881 0.7122839347048224 7
1739453072885 0.6318088423062781 8
1739453072889 0.10331786214288956 9
1739453072894 0.1536533822389719 10
1739453072899 0.07586933629436517 11
1739453072903 0.05067023005626658 12
1739453072907 0.09611982130152708 13
1739453072915 0.08453297968849163 14
1739453072920 0.1430588147779995 15
1739453072924 0.11093887263077698 16
1739453073204 0.11544010505482866 17
1739453073209 0.11414444184046876 18
1739453073214 0.18625273909252374 19
1739453073218 0.09292356776808727 20
1739453073222 0.13413002509305277 21
1739453073225 0.0951149182181118 22
1739453073230 0.1217282286612437 23
1739453073234 0.06754306301854002 24
1739453073238 0.10287777838717822 25
1739453073243 0.08778760820070704 26
