1739453072600 50.10492636742201 0
1739453072605 22.250997902654984 1
1739453072609 15.316398923042552 2
1739453072614 6.834678298720708 3
1739453072619 9.579155257517638 4
1739453072623 3.1874184083748207 5
1739453072628 1.3219674908241834 6
1739453072633 0.5189590533675174 7
1739453072637 0.27509530709577074 8
1739453072641 0.1989333606528692 9
1739453072647 0.1280269878521194 10
1739453072651 0.09790179984123312 11
1739453072655 0.16941660078614218 12
1739453072659 0.08370675533917488 13
1739453072665 0.05633225364256478 14
1739453072669 0.04864987473506186 15
1739453072673 0.07151402472784471 16
1739453072678 0.12845898768883632 17
1739453072682 0.10966851685785729 18
1739453072686 0.2215849618122648 19
1739453072690 0.1519030304062627 20
1739453072696 0.13247489932990505 21
1739453072701 0.0842482349179549 22
1739453072705 0.2975114473647002 23
1739453072709 0.15360288700700786 24
1739453072713 0.14718347825628522 25
1739453072717 0.05131385842210587 26
1739453072721 0.07271395387302089 27
1739453072725 0.14719356785920917 28
1739453072730 0.12541889071239914 29
