1739453062858 144.43691745231268 0
1739453062863 124.28029750847136 1
1739453062867 94.22297134640004 2
1739453062871 74.49032143229117 3
1739453062876 60.772341123545196 4
1739453062881 38.92704740169135 5
1739453062886 28.178258620578525 6
1739453062890 17.80126683545693 7
1739453062895 9.034910189664354 8
1739453062900 3.9326466177986377 9
1739453062904 0.7793379659854522 10
1739453062908 0.169573029328044 11
1739453062915 0.08919714598679504 12
1739453062920 0.09718172531390809 13
1739453062924 0.10311585228984041 14
1739453062932 0.07004172178574695 15
