1739451690115 168.91407275456154 0
1739451690121 166.32598850031113 1
1739451690125 163.75766395948227 2
1739451690129 161.20912426495707 3
1739451690132 158.68039332699652 4
1739451690139 156.17149368204696 5
1739451690143 153.68244640689468 6
1739451690147 151.21327108274832 7
1739451690151 148.76398579691642 8
1739451690156 146.3346071722585 9
1739451690160 143.92515041662682 10
1739451690163 141.53562938616935 11
1739451690167 139.1660566577022 12
1739451690173 136.81644360643523 13
1739451690177 134.48680048620312 14
1739451690180 132.17713651004678 15
1739451690184 129.8874599295436 16
1739451690190 127.61777811172533 17
1739451690194 125.36809761276746 18
1739451690197 123.13842424790735 19
1739451690202 120.92876315725897 20
1739451690208 118.73911886735455 21
1739451690212 116.56949534836733 22
1739451690215 114.41989606706196 23
1739451690222 112.29032403558632 24
1739451690227 110.18078185626696 25
1739451690231 108.09127176260232 26
1739451690238 106.02179565666869 27
1739451690242 103.97235514316509 28
1739451690246 101.94295156032715 29
1739451690250 99.93358600793906 30
1739451690255 97.94425937266716 31
1739451690260 95.97497235093141 32
1739451690263 94.02572546952035 33
1739451690268 92.0965191041444 34
1739451690274 90.18735349611065 35
1739451690278 88.29822876728936 36
1739451690281 86.42914493353116 37
1739451690287 84.58010191668106 38
1739451690294 82.75109955532413 39
1739451690297 80.94213761438698 40
1739451690306 79.15321579370755 41
1739451690311 77.38433373567716 42
1739451690314 75.6354910320483 43
1739451690321 73.90668722999364 44
1739451690326 72.19792183749362 45
1739451690329 70.50919432812263 46
1739451690332 68.84050414529676 47
1739451690338 67.19185070604023 48
1739451690342 65.56323340432186 49
1739451690345 63.95465161400752 50
1739451690348 62.36610469147009 51
1739451690353 60.79759197789423 52
1739451690358 59.2491128013089 53
1739451690361 57.72066647837782 54
1739451690363 56.21225231597427 55
1739451690367 54.723869612564116 56
1739451690372 53.255517659418196 57
1739451690376 51.80719574167321 58
1739451690378 50.37890313925774 59
1739451690381 48.970639127698334 60
1739451690385 47.58240297881933 61
1739451690390 46.21419396134775 62
1739451690393 44.86601134143405 63
1739451690395 43.53785438309779 64
1739451690398 42.22972234860653 65
1739451690401 40.941614498795026 66
1739451690406 39.67353009333112 67
1739451690409 38.425468390933744 68
1739451690412 37.197428649548115 69
1739451690414 35.989410126482014 70
1739451690418 34.801412078507035 71
1739451690423 33.63343376192775 72
1739451690426 32.48547443262161 73
1739451690429 31.35753334605156 74
1739451690431 30.249609757253516 75
1739451690437 29.161702920799776 76
1739451690440 28.093812090739952 77
1739451690443 27.04593652051985 78
1739451690445 26.018075462878997 79
1739451690447 25.010228169727082 80
1739451690451 24.022393891999076 81
1739451690455 23.054571879488872 82
1739451690459 22.1067613806607 83
1739451690461 21.178961642437407 84
1739451690464 20.27117190996441 85
1739451690468 19.383391426347675 86
1739451690472 18.515619432363813 87
1739451690476 17.6678551661401 88
1739451690478 16.840097862801358 89
1739451690481 16.032346754080685 90
1739451690486 15.244601067890141 91
1739451690490 14.47686002784681 92
1739451690493 13.729122852749022 93
1739451690496 13.001388755996665 94
1739451690498 12.293656944948246 95
1739451690502 11.605926620206443 96
1739451690506 10.938196974822036 97
1739451690509 10.290467193404647 98
1739451690511 9.662736451126301 99
