1739451667954 168.91119730653813 0
1739451667957 168.04535019951368 1
1739451667960 167.18169814691646 2
1739451667962 166.3202519021871 3
1739451667964 165.46101897332613 4
1739451667966 164.60400458512348 5
1739451667970 163.7492123634764 6
1739451667973 162.89664481822953 7
1739451667976 162.04630368200222 8
1739451667978 161.19819014704953 9
1739451667980 160.35230503039637 10
1739451667982 159.50864888874227 11
1739451667985 158.66722209830374 12
1739451667989 157.82802491023625 13
1739451667992 156.9910574890758 14
1739451667995 156.15631993938743 15
1739451667997 155.32381232422983 16
1739451667999 154.4935346779452 17
1739451668004 153.6654870150158 18
1739451668009 152.8396693361951 19
1739451668012 152.01608163275125 20
1739451668014 151.19472388940397 21
1739451668016 150.37559608635624 22
1739451668021 149.55869820069972 23
1739451668024 148.74403020738697 24
1739451668027 147.93159207990368 25
1739451668029 147.12138379073343 26
1739451668031 146.31340531167896 27
1739451668034 145.5076566140845 28
1739451668038 144.70413766898892 29
1739451668041 143.90284844723195 30
1739451668044 143.10378891952743 31
1739451668047 142.30695905651385 32
1739451668049 141.51235882878933 33
1739451668055 140.71998820693574 34
1739451668059 139.9298471615352 35
1739451668062 139.14193566318184 36
1739451668065 138.3562536824894 37
1739451668069 137.5728011900969 38
1739451668075 136.79157815667236 39
1739451668079 136.0125845529153 40
1739451668082 135.2358203495587 41
1739451668086 134.46128551736993 42
1739451668091 133.6889800271519 43
1739451668095 132.91890384974332 44
1739451668098 132.15105695601943 45
1739451668103 131.385439316892 46
1739451668107 130.6220509033095 47
1739451668111 129.86089168625745 48
1739451668115 129.10196163675823 49
1739451668122 128.34526072587124 50
1739451668126 127.59078892469293 51
1739451668129 126.8385462043568 52
1739451668132 126.08853253603338 53
1739451668137 125.34074789093026 54
1739451668142 124.595192240292 55
1739451668146 123.85186555540024 56
1739451668150 123.11076780757357 57
1739451668156 122.37189896816757 58
1739451668160 121.63525900857482 59
1739451668163 120.90084790022479 60
1739451668167 120.16866561458389 61
1739451668173 119.43871212315541 62
1739451668177 118.71098739747958 63
1739451668180 117.98549140913346 64
1739451668183 117.26222412973085 65
1739451668189 116.54118553092249 66
1739451668193 115.82237558439587 67
1739451668196 115.10579426187523 68
1739451668199 114.39144153512161 69
1739451668203 113.67931737593267 70
1739451668208 112.9694217561429 71
1739451668211 112.26175464762329 72
1739451668214 111.55631602228169 73
1739451668217 110.85310585206243 74
1739451668222 110.15212410894647 75
1739451668226 109.45337076495142 76
1739451668230 108.75684579213132 77
1739451668232 108.06254916257683 78
1739451668237 107.37048084841506 79
1739451668241 106.68064082180967 80
1739451668245 105.99302905496072 81
1739451668248 105.30764552010466 82
1739451668252 104.62449018951435 83
1739451668257 103.94356303549908 84
1739451668260 103.26486403040442 85
1739451668263 102.5883931466123 86
1739451668266 101.91415035654092 87
1739451668270 101.2421356326447 88
1739451668274 100.57234894741437 89
1739451668276 99.90479027337675 90
1739451668278 99.23945958309494 91
1739451668280 98.57635684916814 92
1739451668282 97.91548204423164 93
1739451668290 97.25683514095684 94
1739451668296 96.60041611205116 95
1739451668303 95.94622493025807 96
1739451668311 95.29426156835702 97
1739451668317 94.6445259991634 98
1739451668326 93.99701819552853 99
