1739451572136 37.532307826669395 0
1739451572143 0.06427115424433874 1
1739451572150 0.06536510730876761 2
1739451572156 0.12586747118547992 3
1739451572162 0.1463814972012768 4
1739451572168 0.15239105966069283 5
1739451572173 0.23058664371827164 6
1739451572180 0.3627188651898192 7
1739451572185 0.130955459679595 8
1739451572190 0.09576241436436485 9
1739451572197 0.3121446143935273 10
1739451572202 0.3386492906825998 11
1739451572207 0.1372604606149133 12
1739451572214 0.07260011168065768 13
1739451572218 0.10850447693812335 14
1739451572222 0.3695108459220723 15
1739451572228 0.08174421239866891 16
1739451572233 0.16325816039624874 17
1739451572237 0.07621033717921742 18
1739451572243 0.23036205110611463 19
1739451572249 0.21175950271296393 20
1739451572253 0.1484873961907689 21
1739451572258 0.16487716337723388 22
1739451572265 0.45051876595093127 23
1739451572269 0.11222526085527598 24
1739451572274 0.14370438105110844 25
1739451572282 0.11387570993406806 26
1739451572287 0.18062779256531922 27
1739451572293 0.1351295776531467 28
1739451572298 0.1024266223987361 29
1739451572302 0.09415736955923765 30
1739451572308 0.258259883249701 31
1739451572315 0.15149812472566812 32
1739451572319 0.1003942348236279 33
1739451572326 0.1686625370431995 34
1739451572332 0.16179661123376138 35
1739451572338 0.2211735427023523 36
1739451572346 0.24781605555958716 37
1739451572351 0.19631797869447704 38
1739451572355 0.12362984247437137 39
1739451572361 0.17552280651250657 40
1739451572367 0.1516358832543494 41
1739451572371 0.07326174000933024 42
1739451572381 0.15101624679747602 43
1739451572387 0.15890733322523318 44
1739451572394 0.12448376167804161 45
1739451572399 0.112498369241266 46
1739451572403 0.16416332362329 47
1739451572410 0.1394607162215235 48
1739451572415 0.10931016671735887 49
1739451572419 0.11127904242445028 50
1739451572424 0.27998387717582596 51
1739451572431 0.24764818075686895 52
1739451572436 0.08738110024306882 53
1739451572441 0.07110651113019172 54
1739451572449 0.2121721783664062 55
1739451572453 0.20509712658300877 56
1739451572460 0.10292974455252821 57
1739451572465 0.13323486674118076 58
1739451572470 0.17175356206468953 59
1739451572477 0.1527702686346693 60
1739451572483 0.12215200700977391 61
1739451572488 0.05720516031375828 62
1739451572494 0.1827040465777267 63
1739451572499 0.12976586122200656 64
1739451572504 0.26921570927053473 65
1739451572509 0.11808342337358727 66
1739451572514 0.17912157222148983 67
1739451572519 0.11200927816343005 68
1739451572523 0.06354230964098456 69
1739451572530 0.17737422128874245 70
1739451572534 0.16638085695697016 71
1739451572539 0.13411186874430353 72
1739451572545 0.13502516516983198 73
1739451572550 0.20323305390297453 74
1739451572554 0.11425158846417739 75
1739451572560 0.17091144968143326 76
1739451572565 0.11451794492563624 77
1739451572569 0.0979007508621671 78
1739451572575 0.08670635579126364 79
1739451572581 0.13201055416148477 80
1739451572586 0.12312123487486437 81
1739451572591 0.10477242965660348 82
1739451572597 0.082475267463356 83
1739451572601 0.1253696646381525 84
1739451572605 0.3520999096777569 85
1739451572611 0.14713296615097787 86
1739451572616 0.12045571320779842 87
