1739449986904 168.92543757006746 0
1739449986906 168.6364451622631 1
1739449986912 168.3476882938628 2
1739449986916 168.0591786690072 3
1739449986921 167.7709174497158 4
1739449986927 167.48290474857293 5
1739449986933 167.19514057372373 6
1739449986939 166.907624922923 7
1739449986945 166.62035779289485 8
1739449986951 166.3333391802642 9
1739449986956 166.0465690816494 10
1739449986963 165.76004749367138 11
1739449986969 165.4737744129547 12
1739449986973 165.18774983612752 13
1739449986980 164.90197375982177 14
1739449986985 164.61644618067297 15
1739449986990 164.3311670953203 16
1739449986997 164.04613650040667 17
1739449987002 163.76135439257865 18
1739449987006 163.47682076848648 19
1739449987013 163.19253562478394 20
1739449987018 162.90849895812872 21
1739449987023 162.62471076518193 22
1739449987029 162.3411710426086 23
1739449987035 162.05787978707718 24
1739449987040 161.77483699525996 25
1739449987048 161.49204266383285 26
1739449987052 161.20949678947537 27
1739449987056 160.92719936887082 28
1739449987060 160.64515039870602 29
1739449987066 160.36334987567156 30
1739449987070 160.08179779646173 31
1739449987073 159.80049415777432 32
1739449987079 159.519438956311 33
1739449987082 159.23863218877696 34
1739449987084 158.95807385188107 35
1739449987086 158.67776394233584 36
1739449987088 158.39770245685762 37
1739449987091 158.1178893921662 38
1739449987096 157.83832474498513 39
1739449987098 157.55900851204163 40
1739449987101 157.2799406900666 41
1739449987104 157.00112127579453 42
1739449987107 156.72255026596363 43
1739449987112 156.4442276573158 44
1739449987116 156.16615344659644 45
1739449987119 155.88832763055484 46
1739449987122 155.6107502059438 47
1739449987126 155.3334211695198 48
1739449987133 155.05634051804304 49
1739449987136 154.7795082482773 50
1739449987139 154.50292435699006 51
1739449987142 154.2265888409525 52
1739449987148 153.95050169693937 53
1739449987151 153.6746629217291 54
1739449987154 153.3990725121038 55
1739449987158 153.12373046484933 56
1739449987165 152.84863677675503 57
1739449987169 152.57379144461396 58
1739449987172 152.2991944652229 59
1739449987178 152.02484583538228 60
1739449987183 151.75074555189607 61
1739449987185 151.47689361157197 62
1739449987188 151.20329001122144 63
1739449987190 150.9299347476594 64
1739449987193 150.65682781770448 65
1739449987198 150.38396921817912 66
1739449987201 150.1113589459092 67
1739449987204 149.83899699772437 68
1739449987206 149.56688337045793 69
1739449987210 149.2950180609468 70
1739449987215 149.02340106603154 71
1739449987219 148.7520323825564 72
1739449987222 148.48091200736926 73
1739449987225 148.21003993732168 74
1739449987230 147.9394161692688 75
1739449987233 147.66904070006953 76
1739449987236 147.39891352658623 77
1739449987239 147.12903464568518 78
1739449987242 146.85940405423608 79
1739449987247 146.5900217491124 80
1739449987250 146.32088772719118 81
1739449987254 146.05200198535317 82
1739449987256 145.78336452048276 83
1739449987260 145.51497532946797 84
1739449987264 145.24683440920043 85
1739449987268 144.97894175657552 86
1739449987270 144.71129736849213 87
1739449987273 144.44390124185296 88
1739449987277 144.17675337356417 89
1739449987282 143.9098537605357 90
1739449987285 143.6432023996811 91
1739449987288 143.37679928791755 92
1739449987291 143.11064442216588 93
1739449987297 142.8447377993505 94
1739449987301 142.57907941639962 95
1739449987304 142.31366927024493 96
1739449987307 142.0485073578219 97
1739449987314 141.78359367606953 98
1739449987318 141.51892822193042 99
