1739451678458 168.90082104802957 0
1739451678460 167.6026806768726 1
1739451678463 166.30944903435952 2
1739451678465 165.02115066400643 3
1739451678469 163.73780540056586 4
1739451678472 162.45942916156883 5
1739451678476 161.18603464580772 6
1739451678479 159.91763193203016 7
1739451678481 158.654228981828 8
1739451678485 157.3958320558958 9
1739451678489 156.14244605481426 10
1739451678492 154.89407479569843 11
1739451678494 153.6507212353022 12
1739451678497 152.41238764899902 13
1739451678499 151.17907577375888 14
1739451678503 149.95078692196896 15
1739451678507 148.72752207178465 16
1739451678510 147.5092819386793 17
1739451678512 146.29606703198945 18
1739451678514 145.0878776995256 19
1739451678517 143.88471416271307 20
1739451678522 142.68657654423743 21
1739451678524 141.49346488976667 22
1739451678528 140.30537918500093 23
1739451678531 139.12231936904166 24
1739451678535 137.9442853448649 25
1739451678539 136.77127698751823 26
1739451678542 135.60329415053133 27
1739451678545 134.4403366709245 28
1739451678548 133.28240437311902 29
1739451678553 132.12949707198743 30
1739451678559 130.98161457523028 31
1739451678562 129.83875668522748 32
1739451678564 128.70092320047814 33
1739451678568 127.5681139167195 34
1739451678572 126.44032862779589 35
1739451678576 125.31756712633243 36
1739451678579 124.19982920425699 37
1739451678581 123.08711465320354 38
1739451678584 121.9794232648244 39
1739451678589 120.87675483103025 40
1739451678592 119.77910914417545 41
1739451678594 118.68648599720001 42
1739451678596 117.59888518373843 43
1739451678599 116.5163064982031 44
1739451678603 115.43874973584734 45
1739451678607 114.36621469281359 46
1739451678611 113.29870116616947 47
1739451678613 112.23620895393489 48
1739451678615 111.17873785510223 49
1739451678622 110.12628766965095 50
1739451678626 109.07885819855849 51
1739451678629 108.03644924380751 52
1739451678632 106.9990606083913 53
1739451678638 105.96669209631695 54
1739451678642 104.93934351260732 55
1739451678645 103.91701466330198 56
1739451678648 102.89970535545734 57
1739451678651 101.88741539714619 58
1739451678655 100.88014459745654 59
1739451678659 99.87789276649082 60
1739451678663 98.88065971536398 61
1739451678668 97.88844525620203 62
1739451678672 96.90124920214006 63
1739451678676 95.91907136732053 64
1739451678679 94.941911566891 65
1739451678684 93.96976961700227 66
1739451678688 93.0026453348063 67
1739451678692 92.04053853845399 68
1739451678695 91.08344904709303 69
1739451678699 90.13137668086581 70
1739451678702 89.1843212609072 71
1739451678706 88.24228260934235 72
1739451678710 87.30526054928457 73
1739451678713 86.37325490483293 74
1739451678717 85.44626550107024 75
1739451678722 84.52429216406074 76
1739451678726 83.60733472084786 77
1739451678729 82.69539299945198 78
1739451678732 81.78846682886815 79
1739451678736 80.88655603906386 80
1739451678740 79.9896604609768 81
1739451678744 79.09777992651242 82
1739451678747 78.21091426854186 83
1739451678752 77.32906332089948 84
1739451678757 76.45222691838062 85
1739451678760 75.58040489673917 86
1739451678764 74.71359709268539 87
1739451678766 73.85180334388343 88
1739451678770 72.99502348894903 89
1739451678774 72.1432573674471 90
1739451678778 71.29650481988939 91
1739451678780 70.45476568773202 92
1739451678784 69.61803981337309 93
1739451678788 68.78632704015033 94
1739451678792 67.95962721233848 95
1739451678795 67.13794017514702 96
1739451678797 66.32126577471759 97
1739451678800 65.50960385812154 98
1739451678805 64.70295427335739 99
