1739451578675 42.92176927510936 0
1739451578684 0.2882481858412947 1
1739451578690 0.15880268308552956 2
1739451578698 0.15414534109002628 3
1739451578702 0.15714353371803527 4
1739451578707 0.08049701116241383 5
1739451578714 0.05229495689635777 6
1739451578718 0.40592460640425776 7
1739451578721 0.12789360021704582 8
1739451578726 0.2355949922451873 9
1739451578731 0.12288430221862343 10
1739451578736 0.23866654984562247 11
1739451578741 0.06463151037566404 12
1739451578748 0.11013449431277877 13
1739451578754 0.13759619704609002 14
1739451578761 0.12300416679254159 15
1739451578767 0.19403801779606364 16
1739451578771 0.12545713022442348 17
1739451578778 0.14891388636298958 18
1739451578784 0.15561784799991835 19
1739451578788 0.22020619309030737 20
1739451578794 0.11963145650985754 21
1739451578799 0.14567023302275753 22
1739451578802 0.09446060060037162 23
1739451578807 0.19646159648366196 24
1739451578814 0.21746087868409622 25
1739451578818 0.16644526144443494 26
1739451578824 0.1337707485965391 27
1739451578831 0.05392949208177743 28
1739451578836 0.07280191396500789 29
1739451578845 0.14926937269443225 30
1739451578850 0.1394862795360396 31
1739451578856 0.15703992422668372 32
1739451578864 0.14242185802229693 33
1739451578871 0.11436218800461351 34
1739451578880 0.14531494123004976 35
1739451578885 0.090359590980251 36
1739451578891 0.246395808584084 37
1739451578897 0.1640143810575914 38
1739451578902 0.10094852141411612 39
1739451578907 0.19228561854671278 40
1739451578913 0.055610282331469515 41
1739451578918 0.05996764612287782 42
1739451578922 0.1459203706916293 43
1739451578928 0.1607373127708161 44
1739451578934 0.22924790118185695 45
1739451578938 0.19716804924297018 46
1739451578947 0.14554933971020895 47
1739451578953 0.17822205435464797 48
1739451578962 0.16141873110149557 49
1739451578967 0.12792360757437854 50
1739451578971 0.14730276711554408 51
1739451578978 0.10527314141684985 52
1739451578985 0.07634240674278103 53
1739451578991 0.09264949341810289 54
1739451578997 0.13608889555279602 55
1739451579002 0.13458783585600323 56
1739451579007 0.14900531327714267 57
1739451579013 0.15249961648376478 58
1739451579017 0.24214476920605846 59
1739451579020 0.11537229941515034 60
1739451579027 0.16486179754008784 61
1739451579032 0.07232374523184715 62
1739451579037 0.141400783393476 63
1739451579043 0.10952852603623095 64
1739451579048 0.09398537772919452 65
1739451579052 0.20681877053384853 66
1739451579056 0.09138095167818447 67
1739451579062 0.19016562423622996 68
1739451579067 0.19017807572768558 69
1739451579071 0.12184734060356699 70
1739451579076 0.0822803504037608 71
1739451579081 0.08654960576664128 72
1739451579085 0.10256727774116414 73
1739451579090 0.06804910015219004 74
1739451579097 0.07446220581893151 75
1739451579102 0.07512310252536344 76
1739451579107 0.08017515267305227 77
1739451579114 0.11561423735021947 78
1739451579118 0.1265835955387381 79
1739451579122 0.07652484512892342 80
1739451579129 0.14874464942291826 81
1739451579135 0.15032895475299324 82
1739451579140 0.2404075585242818 83
1739451579146 0.10307266946971469 84
1739451579151 0.11636572861964822 85
1739451579156 0.1318477215559979 86
1739451579163 0.21444693001232906 87
1739451579168 0.18591755755947287 88
1739451579174 0.18602142265553082 89
1739451579180 0.12754129173054535 90
1739451579184 0.16207528105725544 91
1739451579189 0.08632171041905798 92
1739451579195 0.16991113188563678 93
1739451579201 0.18471070306256684 94
1739451579206 0.11020127433654592 95
1739451579212 0.16098288835630395 96
1739451579217 0.09138092659388478 97
1739451579221 0.10500534002075097 98
1739451579228 0.1821988710975362 99
