1739450786914 109.97578897519358 0
1739450786926 74.78859994576118 1
1739450786936 43.05624534988774 2
1739450786947 38.90427937777664 3
1739450786956 23.64934833741061 4
1739450786963 32.84581142674903 5
1739450786973 16.2974453636373 6
1739450786978 11.16303710301644 7
1739450786984 16.73621569662679 8
1739450786990 10.104847782621395 9
1739450786995 13.727322550251788 10
1739450787002 12.08605853565655 11
1739450787009 5.869861957990575 12
1739450787015 7.9590751044225145 13
1739450787023 8.97321696055705 14
1739450787028 6.627076422451436 15
1739450787034 4.654521661465837 16
1739450787040 1.6973097341208774 17
1739450787044 1.7072522259080074 18
1739450787050 1.310955699178561 19
1739450787057 2.0129838726310685 20
1739450787061 1.029794521190306 21
1739450787067 1.23628043579592 22
1739450787074 0.4670618017923589 23
1739450787080 0.3880672681665476 24
1739450787087 0.45003575916318395 25
1739450787092 0.4907693166051252 26
1739450787096 0.29810898834900457 27
1739450787104 0.3056125473824317 28
1739450787111 0.18813565796527246 29
1739450787118 0.1752451546794347 30
1739450787125 0.3252676579226792 31
1739450787129 0.054844767615637655 32
1739450787134 0.2681712511846358 33
1739450787139 0.1397031928806437 34
1739450787143 0.1478970524213443 35
1739450787147 0.09814855464372954 36
1739450787155 0.11500170215760024 37
1739450787159 0.07985602821689368 38
1739450787163 0.14539711226123758 39
1739450787167 0.10026130825828065 40
1739450787172 0.15475287854781744 41
1739450787176 0.13178092990110665 42
1739450787179 0.16575406452373928 43
1739450787183 0.11926222860285804 44
1739450787189 0.13327707728654964 45
1739450787192 0.12976780613382707 46
1739450787195 0.05558231430185284 47
1739450787198 0.07392914727620968 48
1739450787204 0.15055916524241403 49
1739450787208 0.22163729807945848 50
1739450787211 0.1204952669569892 51
1739450787218 0.13274633769765587 52
1739450787223 0.10285475063103233 53
