1739449207189 23.467528486656335 0
1739449207194 1.1429954547542072 1
1739449207197 9.143014980394605 2
1739449207200 1.6937001099836766 3
1739449207205 0.5094500088885852 4
1739449207209 0.959060961584377 5
1739449207212 0.05195435088594891 6
1739449207215 0.07568632505081624 7
1739449207219 0.09901906604603194 8
1739449207223 0.31299736722694754 9
1739449207227 0.08807368416632796 10
1739449207231 0.13163014543289345 11
1739449207234 0.20246497870359642 12
1739449207238 0.08385895969200682 13
1739449207242 0.33057693345649697 14
1739449207246 0.13628190071922047 15
1739449207249 0.12264640013508961 16
1739449207256 0.28222920935502926 17
1739449207260 0.10169750539976195 18
1739449207264 0.1167953992497571 19
1739449207267 0.101592351034838 20
1739449207271 0.03962045142986956 21
1739449207275 0.1691705309620291 22
1739449207279 0.0343527856093793 23
1739449207282 0.0707105063578081 24
1739449207286 0.06612226498894323 25
1739449207291 0.05231183541478602 26
1739449207295 0.08083404628929464 27
1739449207299 0.16986465116472307 28
1739449207302 0.3746386101185393 29
1739449207307 0.30224361800961774 30
1739449207311 0.08224138053768221 31
1739449207314 0.0888546677413348 32
1739449207318 0.1970908499675858 33
1739449207322 0.022215208967708067 34
1739449207326 0.09900445841698906 35
1739449207330 0.02713350181581988 36
1739449207333 0.12518774535678098 37
1739449207338 0.21709934623606936 38
1739449207342 0.025928716026990078 39
1739449207345 0.43100737529539096 40
1739449207348 0.05603079800575943 41
1739449207352 0.11505955992935857 42
1739449207356 0.02404666131219253 43
1739449207360 0.2806396576692252 44
1739449207363 0.10902225800721446 45
1739449207367 0.10403504980088885 46
1739449207371 0.21090269852923382 47
