1739449856756 93.91513924627141 0
1739449856760 32.95329518893687 1
1739449856763 3.8097522553887067 2
1739449856766 0.1501444341862616 3
1739449856771 0.09533097646346436 4
1739449856775 0.20320740819050773 5
1739449856778 0.16464211127429795 6
1739449856781 0.24696118242020912 7
1739449856786 0.10755482041787845 8
1739449856790 0.10811294064571983 9
1739449856793 0.07158675630124882 10
1739449856796 0.07358431615183596 11
1739449856800 0.11844364901073431 12
1739449856805 0.11464216864327088 13
1739449856809 0.15828897118364874 14
1739449856813 0.11034043485530465 15
1739449856817 0.14160053993747 16
1739449856825 0.08149035412856417 17
1739449856832 0.14644490910717461 18
1739449856840 0.08049160946113659 19
1739449856844 0.05978844740645699 20
1739449856847 0.21493912797055226 21
1739449856852 0.19417522063728687 22
1739449856857 0.14292987543794566 23
1739449856860 0.10496015224033775 24
1739449856863 0.22600082329866203 25
1739449856870 0.14357233071068884 26
1739449856874 0.2816846155732684 27
1739449856880 0.07207300315167024 28
1739449856886 0.1454541043299147 29
1739449856890 0.09813710434658555 30
1739449856894 0.1155437306626428 31
1739449856900 0.18549563641768763 32
1739449856908 0.11211571491381798 33
1739449856914 0.1264489078454764 34
1739449856920 0.11845858136393958 35
1739449856926 0.08445627041068264 36
1739449856933 0.197567775964595 37
1739449856941 0.06033285967946199 38
1739449856946 0.2568466106164252 39
1739449856952 0.11976971966562314 40
1739449856957 0.20051004007691875 41
1739449856962 0.1408308090800541 42
1739449856967 0.2531558004731106 43
1739449856973 0.2350887262916406 44
1739449856978 0.06629636020753843 45
1739449856984 0.22462397270751155 46
1739449856990 0.1370838858858315 47
1739449856996 0.1947501845260756 48
1739449857001 0.13507423691820808 49
1739449857008 0.25394800785294586 50
1739449857011 0.10864947307502255 51
1739449857015 0.1799156077584423 52
1739449857022 0.30926601390669073 53
1739449857027 0.2006202158822431 54
1739449857030 0.09870286160992858 55
1739449857035 0.2175747595429182 56
1739449857041 0.0850576934217323 57
