1739450765605 104.09815574358005 0
1739450765608 57.09319732614591 1
1739450765611 25.488199940733153 2
1739450765614 6.289698723807331 3
1739450765619 0.47013219776894805 4
1739450765623 0.17038810584148664 5
1739450765627 0.12288007455256453 6
1739450765630 0.2767439011620365 7
1739450765635 0.13839973281438592 8
1739450765641 0.08919486513450152 9
1739450765644 0.21759047376753163 10
1739450765647 0.13905683734686464 11
1739450765651 0.10268814090708486 12
1739450765657 0.09025907750903103 13
1739450765663 0.21657049300290576 14
1739450765669 0.09826300096810987 15
1739450765673 0.08725274115271421 16
1739450765676 0.140440994005619 17
1739450765679 0.2934633234446671 18
1739450765682 0.13569841495643387 19
1739450765688 0.15718003315750462 20
1739450765693 0.27546160368884953 21
1739450765696 0.2551818851100296 22
1739450765700 0.1616245996933652 23
1739450765706 0.12649276244451138 24
1739450765709 0.07208862225765864 25
1739450765712 0.25818236675973 26
1739450765714 0.043835723254447775 27
1739450765719 0.16310115561210436 28
1739450765724 0.3156790056540332 29
1739450765727 0.07792166533195963 30
1739450765730 0.268762523333357 31
1739450765735 0.14597494091717542 32
1739450765740 0.24523165769205033 33
1739450765743 0.11072859164974325 34
1739450765746 0.10659835642535517 35
