1739449870869 32.60947888407538 0
1739449870873 19.428202148704624 1
1739449870876 7.844464439039686 2
1739449870879 4.233269224726877 3
1739449870885 1.8063287047872147 4
1739449870889 0.2768149503632097 5
1739449870892 0.32259629052036837 6
1739449870896 0.17330242811266544 7
1739449870903 0.10013793077856548 8
1739449870907 0.1750677065528302 9
1739449870912 0.14563948277640118 10
1739449870917 0.12350887725999303 11
1739449870924 0.21817682667698338 12
1739449870928 0.19506099862927184 13
1739449870932 0.1956343696109068 14
1739449870940 0.12743588863684935 15
1739449870943 0.07749560175493501 16
1739449870946 0.2012360406839749 17
1739449870952 0.1255199438373463 18
1739449870955 0.18824062630964652 19
1739449870958 0.17648068276199608 20
1739449870961 0.14306829437292898 21
1739449870965 0.11139918329913596 22
1739449870971 0.15152980405761501 23
1739449870974 0.26364229719154836 24
1739449870977 0.1845217537911751 25
1739449870981 0.31380265298274557 26
1739449870986 0.11674104775095444 27
1739449870990 0.11374786800576868 28
1739449870994 0.12389542246053048 29
1739449871002 0.1220138394009639 30
1739449871008 0.18911374796605174 31
1739449871012 0.08616184717036242 32
1739449871016 0.21605406111715264 33
1739449871021 0.12223246369495287 34
1739449871024 0.206869597755328 35
1739449871027 0.20401023932687445 36
1739449871030 0.10637873520573168 37
1739449871037 0.09837224360111176 38
1739449871041 0.1796641612922838 39
1739449871044 0.4062259240433811 40
1739449871048 0.1413795128827144 41
1739449871055 0.15053084714204198 42
1739449871058 0.1852596781897185 43
1739449871061 0.19096963386177931 44
1739449871066 0.2593559366953563 45
1739449871073 0.18916152486359053 46
1739449871077 0.10496327436186234 47
1739449871080 0.1518451707974236 48
1739449871085 0.1076032620266677 49
1739449871090 0.12127439867041889 50
1739449871093 0.11218889710839035 51
1739449871096 0.2176723452357561 52
1739449871102 0.13574797991003706 53
1739449871107 0.09851008277608556 54
1739449871110 0.08734007455853772 55
1739449871113 0.1289966949180069 56
1739449871117 0.2247007969337067 57
1739449871122 0.23537373895921482 58
