1739450010021 148.02995017339293 0
1739450010029 113.17453628988709 1
1739450010036 96.44217368667117 2
1739450010040 90.22900370397144 3
1739450010046 66.9688069003934 4
1739450010052 50.775097843302426 5
1739450010056 39.32564271373197 6
1739450010062 26.493134351607512 7
1739450010068 16.998279927664335 8
1739450010072 10.628622909344525 9
1739450010079 5.927266487959627 10
1739450010084 1.7258152937096116 11
1739450010087 0.44107250074280674 12
1739450010092 0.23746038228028585 13
1739450010098 0.2018334930901775 14
1739450010102 0.13465092629577766 15
1739450010106 0.11828352888316515 16
1739450010112 0.1177194611741699 17
1739450010118 0.15415909413388898 18
1739450010121 0.23479502983132788 19
1739450010126 0.056871288392024294 20
1739450010132 0.10347353926840566 21
1739450010136 0.13014884409046906 22
1739450010139 0.17319611772627383 23
1739450010147 0.11830210187754801 24
1739450010151 0.1852783889809318 25
1739450010155 0.16217758975398558 26
1739450010159 0.2656653352465173 27
1739450010166 0.22206339444261816 28
1739450010169 0.15538236856295568 29
1739450010173 0.11583022629974729 30
1739450010179 0.24361630135332848 31
1739450010183 0.18040887945067774 32
1739450010186 0.14843871174243312 33
1739450010190 0.09166723781098113 34
1739450010196 0.24114965091626017 35
1739450010200 0.11483788143641734 36
1739450010204 0.22130630726795936 37
1739450010208 0.07692264070772478 38
1739450010217 0.21514060020363052 39
1739450010221 0.13292079918474375 40
1739450010227 0.1854181944401891 41
1739450010232 0.1768452609150543 42
1739450010236 0.11911095719781412 43
