1739451678823 168.91119730653813 0
1739451678826 167.6133788503353 1
1739451678829 166.32051450119732 2
1739451678831 165.03261741848178 3
1739451678835 163.74969815477806 4
1739451678839 162.47176513306013 5
1739451678842 161.19882504957778 6
1739451678844 159.93088320876387 7
1739451678847 158.66794379842432 8
1739451678850 157.41001011388116 9
1739451678854 156.1570847393003 10
1739451678858 154.90916969360103 11
1739451678861 153.66626654736652 12
1739451678864 152.4283765161982 13
1739451678866 151.19550053505222 14
1739451678870 149.96763931729683 15
1739451678874 148.7447934015412 16
1739451678877 147.5269631887085 17
1739451678880 146.31414897134607 18
1739451678883 145.10635095677046 19
1739451678887 143.90356928532648 20
1739451678892 142.70580404477806 21
1739451678894 141.5130552816417 22
1739451678897 140.32532301010593 23
1739451678899 139.1426072190456 24
1739451678904 137.96490787753513 25
1739451678907 136.79222493917914 26
1739451678909 135.62455834551233 27
1739451678912 134.46190802866687 28
1739451678915 133.30427391346467 29
1739451678918 132.15165591905668 30
1739451678922 131.0040539602077 31
1739451678925 129.86146794830182 32
1739451678928 128.7238977921294 33
1739451678930 127.59134339850257 34
1739451678932 126.46380467273617 35
1739451678936 125.34128151902345 36
1739451678941 124.22377384072948 37
1739451678943 123.11128154061988 38
1739451678946 122.00380452103914 39
1739451678949 120.90134268404962 40
1739451678954 119.80389593153957 41
1739451678957 118.7114641653072 42
1739451678960 117.62404728712615 43
1739451678962 116.541645198796 44
1739451678964 115.46425780218158 45
1739451678968 114.39188499924346 46
1739451678972 113.32452669206143 47
1739451678976 112.2621827828525 48
1739451678978 111.20485317398513 49
1739451678981 110.15253776798976 50
1739451678984 109.10523646756708 51
1739451678988 108.06294917559434 52
1739451678991 107.02567579513013 53
1739451678994 105.99341622941795 54
1739451678996 104.96617038188906 55
1739451678998 103.94393815616424 56
1739451679004 102.92671945605561 57
1739451679008 101.91451418556748 58
1739451679012 100.90732224889722 59
1739451679014 99.90514355043562 60
1739451679017 98.90797799476756 61
1739451679022 97.91582548667184 62
1739451679026 96.92868593112144 63
1739451679030 95.94655923328354 64
1739451679034 94.96944529851937 65
1739451679039 93.99734403238419 66
1739451679042 93.030255340627 67
1739451679045 92.06817912919045 68
1739451679048 91.11111530421066 69
1739451679052 90.15906377201688 70
1739451679057 89.21202443913135 71
1739451679060 88.26999721226899 72
1739451679063 87.33298199833713 73
1739451679065 86.40097870443525 74
1739451679070 85.4739872378547 75
1739451679074 84.5520075060784 76
1739451679077 83.63503941678051 77
1739451679080 82.72308287782623 78
1739451679083 81.81613779727127 79
1739451679087 80.91420408336178 80
1739451679090 80.01728164453382 81
1739451679093 79.12537038941319 82
1739451679095 78.23847022681493 83
1739451679098 77.3565810657431 84
1739451679101 76.4797028153903 85
1739451679105 75.6078353851374 86
1739451679108 74.74097868455316 87
1739451679110 73.87913262339376 88
1739451679112 73.02229711160247 89
1739451679114 72.17047205930928 90
1739451679116 71.32365737683041 91
1739451679120 70.48185297466793 92
1739451679124 69.64505876350937 93
1739451679128 68.81327465422717 94
1739451679131 67.98650055787832 95
1739451679136 67.16473638570382 96
1739451679140 66.3479820491283 97
1739451679144 65.53623745975945 98
1739451679147 64.72950252938752 99
