1739451705905 35.55368781966655 0
1739451705911 0.16779538360831286 1
1739451705916 0.08083150564398041 2
1739451705923 0.12383626774192273 3
1739451705927 0.12969397496827983 4
1739451705931 0.08405495653607284 5
1739451705937 0.2046568580317341 6
1739451705942 0.09456698699486116 7
1739451705947 0.19603920419406198 8
1739451705953 0.32003736602010563 9
1739451705958 0.2710886399421448 10
1739451705963 0.20421685426696123 11
1739451705968 0.09242808512733605 12
1739451705976 0.22467967362357774 13
1739451705981 0.11282964212545493 14
1739451705989 0.15405104618932752 15
1739451705995 0.11460739563089478 16
1739451706002 0.23887270073396927 17
1739451706009 0.06924897598214408 18
1739451706015 0.11070749492541901 19
