1739453086471 18.664381686438936 0
1739453086476 4.0618076844235675 1
1739453086480 0.9023605549607949 2
1739453086484 0.1011719347198845 3
1739453086488 0.20032386896929566 4
1739453086492 0.1123224987953368 5
1739453086496 0.1475028753287022 6
1739453086500 0.11542222821813354 7
1739453086504 0.05765827881250253 8
1739453086508 0.060997697051762265 9
1739453086512 0.12587233494192623 10
1739453086516 0.1077782524176972 11
1739453086520 0.25874905013453875 12
1739453086524 0.1264262556981032 13
1739453086528 0.05968806058120074 14
