1739451653234 168.91407275456154 0
1739451653240 168.05694614256288 1
1739451653243 167.2023258273138 2
1739451653245 166.35052320233893 3
1739451653247 165.50159882402832 4
1739451653249 164.65556403229712 5
1739451653252 163.81242051313848 6
1739451653256 162.97216805606644 7
1739451653259 162.13480607443984 8
1739451653261 161.3003339032459 9
1739451653263 160.46875085735667 10
1739451653265 159.64005624287498 11
1739451653267 158.81424935929755 12
1739451653273 157.9913294998797 13
1739451653276 157.17129595164832 14
1739451653278 156.3541479953446 15
1739451653280 155.53988490535244 16
1739451653283 154.72850594962333 17
1739451653286 153.92001038959913 18
1739451653290 153.11439748013396 19
1739451653293 152.3116664694148 20
1739451653295 151.51181659888093 21
1739451653297 150.71484710314198 22
1739451653299 149.92075720989502 23
1739451653301 149.12954613984024 24
1739451653306 148.34121310659526 25
1739451653308 147.55575731660835 26
1739451653311 146.77317796907016 27
1739451653313 145.99347425582422 28
1739451653315 145.21664536127597 29
1739451653317 144.4426904623004 30
1739451653321 143.67160872814839 31
1739451653324 142.90339932035135 32
1739451653327 142.13806139262476 33
1739451653328 141.3755940907698 34
1739451653331 140.61599655257373 35
1739451653333 139.8592679077086 36
1739451653338 139.1054072776285 37
1739451653341 138.35441377546474 38
1739451653344 137.60628650592022 39
1739451653346 136.86102456516133 40
1739451653348 136.11862704070845 41
1739451653350 135.3790930113249 42
1739451653354 134.64242154690368 43
1739451653358 133.90861170835285 44
1739451653361 133.17766254747886 45
1739451653363 132.4495731068678 46
1739451653366 131.7243424197653 47
1739451653370 131.0019695099539 48
1739451653375 130.28245339162882 49
1739451653378 129.56579306927142 50
1739451653380 128.85198753752093 51
1739451653382 128.1410357810439 52
1739451653385 127.43293677440137 53
1739451653390 126.72768948191415 54
1739451653393 126.02529285752581 55
1739451653395 125.32574584466317 56
1739451653397 124.62904737609477 57
1739451653399 123.93519637378691 58
1739451653401 123.24419174875715 59
1739451653406 122.55603240092564 60
1739451653409 121.87071721896369 61
1739451653412 121.18824508013988 62
1739451653414 120.50861485016381 63
1739451653415 119.83182538302677 64
1739451653418 119.15787552084016 65
1739451653424 118.48676409367096 66
1739451653427 117.81848991937422 67
1739451653429 117.15305180342317 68
1739451653431 116.49044853873595 69
1739451653433 115.83067890549967 70
1739451653439 115.17374167099128 71
1739451653445 114.51963558939546 72
1739451653447 113.86835940161929 73
1739451653450 113.2199118351038 74
1739451653455 112.57429160363206 75
1739451653459 111.9314974071342 76
1739451653462 111.29152793148874 77
1739451653464 110.65438184832068 78
1739451653466 110.02005781479588 79
1739451653471 109.38855447341187 80
1739451653475 108.75987045178499 81
1739451653478 108.13400436243388 82
1739451653480 107.5109548025588 83
1739451653482 106.8907203538172 84
1739451653486 106.2732995820956 85
1739451653490 105.65869103727674 86
1739451653493 105.04689325300319 87
1739451653495 104.43790474643627 88
1739451653497 103.83172401801083 89
1739451653499 103.22834955118563 90
1739451653502 102.62777981218895 91
1739451653507 102.03001324975996 92
1739451653510 101.43504829488506 93
1739451653512 100.84288336052954 94
1739451653514 100.25351684136429 95
1739451653516 99.6669471134876 96
1739451653518 99.08317253414165 97
1739451653523 98.50219144142403 98
1739451653526 97.92400215399368 99
