1739451663530 168.91407275456154 0
1739451663533 167.93546275448222 1
1739451663539 166.95971635224498 2
1739451663543 165.98747943912102 3
1739451663546 165.01894164290422 4
1739451663549 164.05415809558227 5
1739451663554 163.09314431469303 6
1739451663557 162.135904151035 7
1739451663560 161.1824380159258 8
1739451663563 160.2327453020184 9
1739451663565 159.28682509525416 10
1739451663568 158.3446763840909 11
1739451663573 157.40629812089452 12
1739451663576 156.4716892398723 13
1739451663579 155.54084866223585 14
1739451663581 154.6137752976115 15
1739451663583 153.6904680443472 16
1739451663588 152.77092578949424 17
1739451663591 151.85514740869138 18
1739451663594 150.94313176601858 19
1739451663597 150.03487771383985 20
1739451663600 149.1303840926412 21
1739451663605 148.22964973086462 22
1739451663609 147.33267344473933 23
1739451663612 146.43945403810997 24
1739451663614 145.5499903022615 25
1739451663617 144.66428101574147 26
1739451663622 143.78232494417864 27
1739451663626 142.9041208400989 28
1739451663628 142.02966744273752 29
1739451663630 141.15896347784832 30
1739451663633 140.2920076575094 31
1739451663638 139.4287986799252 32
1739451663642 138.56933522922526 33
1739451663645 137.71361597525927 34
1739451663647 136.86163957338826 35
1739451663649 136.01340466427237 36
1739451663654 135.16890987365437 37
1739451663658 134.32815381213948 38
1739451663660 133.49113507497103 39
1739451663663 132.65785224180223 40
1739451663665 131.82830387646334 41
1739451663668 131.00248852672502 42
1739451663673 130.18040472405696 43
1739451663676 129.362050983382 44
1739451663678 128.54742580282618 45
1739451663680 127.73652766346322 46
1739451663683 126.92935502905515 47
1739451663688 126.12590634578751 48
1739451663691 125.32618004199958 49
1739451663693 124.53017452790981 50
1739451663696 123.73788819533561 51
1739451663698 122.9493194174083 52
1739451663700 122.1644665482821 53
1739451663706 121.38332792283796 54
1739451663709 120.60590185638142 55
1739451663711 119.83218664433487 56
1739451663714 119.0621805619237 57
1739451663717 118.29588186385628 58
1739451663722 117.53328878399809 59
1739451663725 116.77439953503901 60
1739451663728 116.01921230815438 61
1739451663733 115.26772527265948 62
1739451663739 114.51993657565683 63
1739451663743 113.77584434167694 64
1739451663745 113.03544667231172 65
1739451663748 112.29874164584052 66
1739451663750 111.56572731684895 67
1739451663755 110.83640171583994 68
1739451663758 110.1107628488369 69
1739451663761 109.38880869697905 70
1739451663763 108.67053721610861 71
1739451663765 107.95594633634936 72
1739451663769 107.24503396167695 73
1739451663773 106.53779796948035 74
1739451663776 105.8342362101142 75
1739451663778 105.13434650644217 76
1739451663780 104.43812665337089 77
1739451663783 103.74557441737416 78
1739451663787 103.0566875360075 79
1739451663791 102.37146371741252 80
1739451663793 101.68990063981087 81
1739451663795 101.01199595098797 82
1739451663797 100.33774726776561 83
1739451663799 99.66715217546366 84
1739451663804 99.00020822735036 85
1739451663807 98.33691294408109 86
1739451663810 97.67726381312525 87
1739451663812 97.02125828818095 88
1739451663814 96.36889378857725 89
1739451663816 95.72016769866377 90
1739451663821 95.07507736718694 91
1739451663824 94.43362010665325 92
1739451663827 93.79579319267859 93
1739451663829 93.1615938633235 94
1739451663831 92.53101931841435 95
1739451663834 91.90406671884934 96
1739451663839 91.28073318588997 97
1739451663842 90.66101580043659 98
1739451663845 90.04491160228847 99
