1739451214522 41.86424918149355 0
1739451214529 0.0907562632259076 1
1739451214535 0.1847111068054371 2
1739451214539 0.1158617102850031 3
1739451214544 0.1484582416832077 4
1739451214550 0.138762748117018 5
1739451214554 0.110387413498447 6
1739451214559 0.11771958880161733 7
1739451214565 0.2958114158228386 8
1739451214569 0.1028172880356887 9
1739451214573 0.2010915706869142 10
1739451214578 0.09018304121407308 11
1739451214583 0.108035718372359 12
1739451214587 0.2071466827907025 13
1739451214591 0.06621331262605831 14
1739451214598 0.16916726272157728 15
1739451214603 0.18845996372719412 16
1739451214607 0.12308754627314837 17
1739451214614 0.12161231312561085 18
1739451214618 0.1922829198185474 19
1739451214622 0.09511394377342805 20
1739451214626 0.058049172478737546 21
1739451214632 0.20978835157318598 22
1739451214637 0.21894459524006274 23
1739451214641 0.1792601774586981 24
1739451214647 0.15262917574145166 25
1739451214651 0.13217198144899153 26
1739451214656 0.20070299006514092 27
1739451214661 0.1346796485216968 28
1739451214667 0.08685125476816816 29
1739451214671 0.17691795714245703 30
1739451214675 0.22540289874330205 31
1739451214683 0.14845876488952414 32
1739451214687 0.0830677266702776 33
1739451214690 0.10973847283682274 34
1739451214697 0.17328246420212043 35
1739451214704 0.1278574282806921 36
1739451214711 0.190578767042842 37
1739451214718 0.18798851771977118 38
1739451214723 0.16940795572777712 39
