1739453046383 168.91407275456154 0
1739453046385 167.99190442060976 1
1739453046388 166.48333584659898 2
1739453046390 164.4553674430554 3
1739453046393 161.97158174296854 4
1739453046397 159.0917206037802 5
1739453046400 155.87146261598025 6
1739453046402 152.36234940788736 7
1739453046404 148.61182071125972 8
1739453046406 144.66332695566263 9
1739453046408 140.5564952362151 10
1739453046411 136.32733010932293 11
1739453046414 132.00843510486473 12
1739453046416 127.62924433540161 13
1739453046418 123.21625632216515 14
1739453046421 118.79326429582059 15
1739453046423 114.38157888944208 16
1739453046425 110.00024041983117 17
1739453046428 105.66621892981026 18
1739453046430 101.39460090125134 19
1739453046433 97.19876209645345 20
1739453046435 93.09052638386191 21
1739453046437 89.08031068449756 22
1739453046439 85.17725636252571 23
1739453046442 81.38934749629796 24
1739453046444 77.72351651953953 25
1739453046447 74.18573772692577 26
1739453046449 70.78110910166163 27
1739453046452 67.51392284963481 28
1739453046454 64.38772491759393 29
1739453046456 61.405363631809145 30
1739453046458 58.569027417230195 31
1739453046461 55.880271342547225 32
1739453046464 53.34003198115038 33
1739453046467 50.94862978171113 34
1739453046469 48.70575781241264 35
1739453046471 46.610455404133766 36
1739453046473 44.661064928951454 37
1739453046476 42.85516983506299 38
1739453046479 41.18951235677741 39
1739453046481 39.65989045548952 40
1739453046484 38.2610362190482 41
1739453046486 36.9864831340023 42
1739453046488 35.82843839355922 43
1739453046491 34.77768902797387 44
1739453046494 33.82358505874294 45
1739453046497 32.95415255674615 46
1739453046499 32.156383505592565 47
1739453046501 31.416718334142885 48
1739453046503 30.721684208484504 49
1739453046506 30.058599340952135 50
1739453046508 29.41622875426459 51
1739453046511 28.785292498656855 52
1739453046514 28.158771184722546 53
1739453046516 27.53200208452899 54
1739453046519 26.902594153766202 55
1739453046521 26.270206954585642 56
1739453046523 25.636240242915527 57
1739453046526 25.003474218855207 58
1739453046528 24.375690398060623 59
1739453046531 23.75729301678835 60
1739453046533 23.1529424836248 61
1739453046535 22.567206391747835 62
1739453046538 22.00423051110198 63
1739453046540 21.467432694010036 64
1739453046542 20.959227787095724 65
1739453046546 20.48080224930698 66
1739453046550 20.031971889708128 67
1739453046552 19.611168287019343 68
1739453046554 19.21559575520116 69
1739453046557 18.841568644334895 70
1739453046559 18.484982983052106 71
1739453046563 18.141825982912525 72
1739453046566 17.80861400280896 73
1739453046568 17.48267958968519 74
1739453046571 17.162278141580313 75
1739453046574 16.846528076404706 76
1739453046577 16.53522367316982 77
1739453046580 16.228569664730472 78
1739453046583 15.9268887720345 79
1739453046587 15.630353023334434 80
1739453046590 15.338786975762059 81
1739453046592 15.051581063788518 82
1739453046596 14.76773109961039 83
1739453046599 14.485987401030329 84
1739453046602 14.205066422607416 85
1739453046604 13.923864100005439 86
1739453046606 13.64161864520782 87
1739453046608 13.357993523303117 88
1739453046612 13.073076257518714 89
1739453046616 12.787307155411689 90
1739453046618 12.50136204055457 91
1739453046620 12.216016346645988 92
1739453046622 11.93201676158304 93
1739453046624 11.649982247169337 94
1739453046627 11.370348984625231 95
1739453046629 11.093363939414832 96
1739453046632 10.819120783099708 97
1739453046634 10.54762264471256 98
1739453046636 10.278851491230267 99
