1739451449990 44.40728854789372 0
1739451449994 0.18119431589878318 1
1739451450001 0.17115589158844247 2
1739451450007 0.1482098669487708 3
1739451450011 0.21579298592760818 4
1739451450019 0.15468579761686532 5
1739451450023 0.16307134021358827 6
1739451450027 0.1711227663927631 7
1739451450032 0.17636410166051833 8
1739451450039 0.13785868924876535 9
1739451450043 0.10176443249822523 10
1739451450049 0.16092011846138832 11
1739451450055 0.27864406160021804 12
1739451450059 0.08211094273226871 13
1739451450063 0.12403396466367794 14
1739451450070 0.08791791678323463 15
1739451450075 0.16152877895396076 16
1739451450078 0.27827272272979287 17
1739451450085 0.061873255167607194 18
1739451450090 0.14227662827376536 19
1739451450094 0.18667045177181826 20
1739451450101 0.256742513101275 21
1739451450106 0.10759288225802179 22
1739451450110 0.1721316341320208 23
1739451450117 0.1870459596517477 24
1739451450122 0.06180147894637997 25
1739451450126 0.18539270033754676 26
1739451450132 0.24589900988760463 27
1739451450140 0.1269563219247219 28
1739451450144 0.14038662352631753 29
1739451450151 0.1714882163005805 30
1739451450156 0.059217161144712996 31
1739451450162 0.1307655746981933 32
1739451450170 0.155458220427054 33
1739451450174 0.1534806078165268 34
1739451450180 0.21298715672644325 35
1739451450187 0.17793144037565264 36
1739451450193 0.12900867073768416 37
1739451450199 0.1731875111907654 38
1739451450206 0.23813064171279935 39
1739451450211 0.12813175273077754 40
1739451450217 0.1287313890009431 41
1739451450222 0.12255717080192745 42
1739451450226 0.14586628716542177 43
1739451450231 0.18105493067828715 44
1739451450239 0.06365968075067695 45
1739451450244 0.2057828821885491 46
1739451450251 0.21751165295761718 47
1739451450256 0.07542611177326451 48
1739451450260 0.18899165988289335 49
1739451450265 0.21101661664738622 50
1739451450272 0.17045216448844686 51
1739451450275 0.18076546258398865 52
1739451450281 0.09150818962613022 53
1739451450288 0.15541116400203417 54
1739451450292 0.10928516153418483 55
1739451450296 0.1709799941717667 56
1739451450303 0.10127412319460628 57
1739451450307 0.06694504188459888 58
1739451450311 0.14306977951922525 59
1739451450316 0.15879462936976046 60
1739451450321 0.12946550115978087 61
1739451450326 0.1760670987094542 62
1739451450332 0.1382100358188145 63
1739451450339 0.0473351946178114 64
1739451450344 0.0745729691499075 65
1739451450351 0.11209170571537867 66
1739451450356 0.18185017122036923 67
1739451450360 0.1317987406916039 68
1739451450366 0.16236919025601523 69
1739451450372 0.10543737439119726 70
1739451450375 0.1795705237457872 71
1739451450380 0.151369611704912 72
1739451450387 0.1808317030614207 73
1739451450391 0.09925903251807823 74
1739451450396 0.11512184003919693 75
1739451450403 0.10310517424073969 76
1739451450408 0.057189214622078974 77
1739451450412 0.1669203000737521 78
