1739450655685 144.92221478970836 0
1739450655690 118.14024185470576 1
1739450655696 99.73710232714174 2
1739450655699 74.1595668709936 3
1739450655702 60.04959318036865 4
1739450655706 45.428868912710065 5
1739450655712 31.688825661062268 6
1739450655715 18.230591646730936 7
1739450655718 11.260123841501231 8
1739450655722 4.75557458642134 9
1739450655727 1.3988077486703314 10
1739450655731 0.5127711685967009 11
1739450655735 0.1486285060599245 12
1739450655740 0.23929651670508914 13
1739450655746 0.32342899702655636 14
1739450655750 0.06445508644304847 15
1739450655753 0.12767282714905084 16
1739450655757 0.22507063942473834 17
1739450655763 0.08175749920601325 18
1739450655768 0.11357453438969187 19
