1739453037334 169.01961904378462 0
1739453037336 168.33176530618746 1
1739453037339 167.09830049643207 2
1739453037341 165.43585896739427 3
1739453037343 163.4393262034822 4
1739453037346 161.18542766244863 5
1739453037349 158.73591138828402 6
1739453037352 156.14028601235034 7
1739453037354 153.43812796837602 8
1739453037356 150.66099719966698 9
1739453037358 147.83401061035005 10
1739453037362 144.9771238860228 11
1739453037366 142.1061692165411 12
1739453037368 139.23369132626942 13
1739453037370 136.36961844084254 14
1739453037372 133.52179914608817 15
1739453037375 130.69643089801642 16
1739453037378 127.89840137672802 17
1739453037382 125.13155997273329 18
1739453037384 122.3989334177761 19
1739453037386 119.70289685973209 20
1739453037388 117.04530945781721 21
1739453037391 114.4276217657047 22
1739453037394 111.8509607073822 23
1739453037398 109.31619677288212 24
1739453037400 106.82399711619664 25
1739453037402 104.37486748183001 26
1739453037404 101.9691852831119 27
1739453037406 99.60722567468599 28
1739453037409 97.28918207913604 29
1739453037411 95.01518232378993 30
1739453037415 92.78530130245723 31
1739453037418 90.59957088544276 32
1739453037420 88.45798764942283 33
1739453037423 86.3605188785091 34
1739453037425 84.30710719255255 35
1739453037428 82.2976740832797 36
1739453037431 80.3321225790834 37
1739453037433 78.41033921194553 38
1739453037435 76.53219542245026 39
1739453037438 74.69754850909676 40
1739453037440 72.90624220451025 41
1739453037442 71.1581069423848 42
1739453037445 69.45295986405276 43
1739453037448 67.79060460165311 44
1739453037451 66.17083086532979 45
1739453037453 64.59341385422958 46
1739453037455 63.058113504897264 47
1739453037458 61.56467358567994 48
1739453037461 60.11282064172414 49
1739453037465 58.702262791908495 50
1739453037468 57.3326883764876 51
1739453037470 56.003764452258295 52
1739453037472 54.71513513067837 53
1739453037475 53.46641975359079 54
1739453037477 52.25721090110486 55
1739453037482 51.0870722268848 56
1739453037484 49.95553611777819 57
1739453037487 48.86210117763301 58
1739453037489 47.80622953963017 59
1739453037491 46.78734401790788 60
1739453037495 45.8048251181715 61
1739453037498 44.858007938942805 62
1739453037500 43.94617901073869 63
1739453037503 43.06857314042423 64
1739453037505 42.22437035282291 65
1739453037507 41.412693051731864 66
1739453037510 40.63260355769236 67
1739453037515 39.8831022193783 68
1739453037519 39.16312633734675 69
1739453037521 38.47155017964011 70
1739453037524 37.807186402865604 71
1739453037528 37.16878921220223 72
1739453037531 36.5550595895119 73
1739453037534 35.964652879300125 74
1739453037536 35.39618893708752 75
1739453037539 34.84826490646901 76
1739453037544 34.31947049920258 77
1739453037547 33.808405416876454 78
1739453037550 33.31369829540437 79
1739453037553 32.834026309056526 80
1739453037555 32.36813438051833 81
1739453037557 31.914852848065568 82
1739453037560 31.473112469417632 83
1739453037564 31.041955802829936 84
1739453037566 30.62054428346445 85
1739453037569 30.208160668718193 86
1739453037571 29.80420690801192 87
1739453037573 29.408197846821892 88
1739453037576 29.01975145735317 89
1739453037580 28.638576472196885 90
1739453037583 28.264458374947143 91
1739453037585 27.897244682299675 92
1739453037588 27.53683035626344 93
1739453037591 27.18314403859912 94
1739453037594 26.836135628024206 95
1739453037597 26.495765545758545 96
1739453037600 26.161995872605736 97
1739453037602 25.83478340104057 98
1739453037605 25.51407453361872 99
