1739451684192 168.9111973065381 0
1739451684195 167.70450907655302 1
1739451684197 166.0581529567317 2
1739451684200 164.06672864749626 3
1739451684205 161.80781952218834 4
1739451684208 159.34452319872494 5
1739451684211 156.72782605412579 6
1739451684213 153.9987199886751 7
1739451684215 151.1900291851919 8
1739451684220 148.32795227980935 9
1739451684223 145.43334407612835 10
1739451684226 142.52276862276932 11
1739451684229 139.60935698775336 12
1739451684232 136.70350132851513 13
1739451684237 133.81341360307061 14
1739451684242 130.94557348775493 15
1739451684244 128.10508630301098 16
1739451684247 125.29596827540952 17
1739451684249 122.52137339894817 18
1739451684254 119.78377353079237 19
1739451684257 117.08510114794993 20
1739451684260 114.42686236133304 21
1739451684262 111.81022628325199 22
1739451684264 109.23609562400307 23
1739451684269 106.70516240666528 24
1739451684273 104.217951895513 25
1739451684276 101.77485719728963 26
1739451684279 99.37616648623207 27
1739451684281 97.0220843984847 28
1739451684286 94.71274881910918 29
1739451684291 92.44824402875915 30
1739451684294 90.22861097387434 31
1739451684296 88.05385526318454 32
1739451684298 85.92395336576053 33
1739451684303 83.83885738489445 34
1739451684307 81.79849870222425 35
1739451684310 79.80279072334373 36
1739451684313 77.85163090617287 37
1739451684316 75.94490221383025 38
1739451684322 74.08247410245419 39
1739451684325 72.26420312961967 40
1739451684328 70.48993324931452 41
1739451684330 68.75949584378273 42
1739451684333 67.07270953004917 43
1739451684338 65.42937976893116 44
1739451684342 63.829298296280754 45
1739451684344 62.2722423896654 46
1739451684347 60.757973978359715 47
1739451684349 59.28623860013044 48
1739451684354 57.856764204665176 49
1739451684358 56.469259800483904 50
1739451684361 55.123413939695645 51
1739451684363 53.818893032975545 52
1739451684366 52.55533948564629 53
1739451684372 51.332369644800785 54
1739451684375 50.14957154711055 55
1739451684378 49.00650245749615 56
1739451684381 47.90268619044072 57
1739451684384 46.837610208747655 58
1739451684390 45.810722499427314 59
1739451684394 44.82142823372297 60
1739451684399 43.869086228767785 61
1739451684407 42.95300524286136 62
1739451684413 42.07244015584585 63
1739451684420 41.22658811159722 64
1739451684426 40.41458473222766 65
1739451684430 39.63550055396702 66
1739451684437 38.88833788302317 67
1739451684443 38.17202832511483 68
1739451684446 37.48543130222327 69
1739451684448 36.82733392934191 70
1739451684453 36.19645267429734 71
1739451684458 35.591437253028786 72
1739451684461 35.010877205484356 73
1739451684464 34.45331153589596 74
1739451684468 33.917241669154556 75
1739451684473 33.40114776209461 76
1739451684476 32.90350811709958 77
1739451684479 32.42282109641496 78
1739451684484 31.957628570839884 79
1739451684490 31.506539615598722 80
1739451684496 31.068252955395394 81
1739451684499 30.64157661617293 82
1739451684504 30.225443391831636 83
1739451684508 29.818921070246258 84
1739451684513 29.42121683552771 85
1739451684515 29.031675796486947 86
1739451684523 28.64977410072768 87
1739451684526 28.275107507961835 88
1739451684529 27.90737656952944 89
1739451684532 27.54636967937591 90
1739451684537 27.1919452379697 91
1739451684542 26.844014036249344 92
1739451684545 26.502522760961764 93
1739451684547 26.167439284013632 94
1739451684550 25.838740158331444 95
1739451684556 25.51640052366662 96
1739451684559 25.20038644110315 97
1739451684562 24.89064953044089 98
1739451684565 24.58712368038404 99
