1739453012356 169.01961904378464 0
1739453012359 168.33176530618746 1
1739453012361 167.50878793595976 2
1739453012368 166.66118199586114 3
1739453012370 165.81098461930387 4
1739453012372 164.96258839004233 5
1739453012375 164.1168683549753 6
1739453012377 163.27399840344012 7
1739453012383 162.4340126627347 8
1739453012386 161.5969173980851 9
1739453012388 160.76271331664793 10
1739453012391 159.9314000130634 11
1739453012393 159.1029768554723 12
1739453012398 158.27744316205536 13
1739453012403 157.45479823616265 14
1739453012406 156.63504137325725 15
1739453012408 155.81817186224077 16
1739453012411 155.00418898565758 17
1739453012417 154.19309201967533 18
1739453012420 153.38488023401956 19
1739453012422 152.5795528918986 20
1739453012425 151.77710924992502 21
1739453012427 150.9775485580362 22
1739453012432 150.1808700594131 23
1739453012437 149.38707299039814 24
1739453012439 148.5961565804115 25
1739453012442 147.80812005186652 26
1739453012444 147.02296262008363 27
1739453012450 146.24068349320274 28
1739453012453 145.4612818720947 29
1739453012456 144.68475695027115 30
1739453012458 143.91110791379313 31
1739453012460 143.140333941178 32
1739453012467 142.37243420330515 33
1739453012471 141.6074078633204 34
1739453012473 140.84525407653848 35
1739453012475 140.08597199034435 36
1739453012479 139.32956074409265 37
1739453012484 138.5760194690061 38
1739453012488 137.8253472880716 39
1739453012490 137.0775433159354 40
1739453012493 136.33260665879584 41
1739453012497 135.59053641429523 42
1739453012503 134.85133167140935 43
1739453012506 134.11499151033553 44
1739453012508 133.38151500237865 45
1739453012511 132.6509012098357 46
1739453012517 131.92314918587817 47
1739453012520 131.19825797443272 48
1739453012523 130.4762266100597 49
1739453012525 129.75705411783 50
1739453012527 129.0407395131996 51
1739453012534 128.32728180188232 52
1739453012537 127.61667997972027 53
1739453012540 126.90893303255233 54
1739453012543 126.20403993608045 55
1739453012548 125.50199965573367 56
1739453012552 124.80281114652995 57
1739453012554 124.10647335293557 58
1739453012558 123.41298520872245 59
1739453012561 122.72234563682292 60
1739453012567 122.03455354918201 61
1739453012571 121.34960784660741 62
1739453012573 120.66750741861675 63
1739453012575 119.98825114328247 64
1739453012578 119.3118378870739 65
1739453012583 118.63826650469689 66
1739453012586 117.96753583893029 67
1739453012589 117.2996447204602 68
1739453012591 116.63459196771093 69
1739453012594 115.97237638667326 70
1739453012600 115.31299677072977 71
1739453012604 114.65645190047701 72
1739453012607 114.00274054354477 73
1739453012609 113.35186145441214 74
1739453012611 112.70381337422026 75
1739453012617 112.05859503058204 76
1739453012620 111.41620513738832 77
1739453012622 110.77664239461083 78
1739453012624 110.13990548810155 79
1739453012626 109.50599308938858 80
1739453012630 108.8749038554684 81
1739453012634 108.24663642859447 82
1739453012636 107.62118943606205 83
1739453012638 106.99856148998916 84
1739453012640 106.37875118709377 85
1739453012642 105.76175710846677 86
1739453012645 105.14757781934098 87
1739453012649 104.53621186885626 88
1739453012651 103.92765778981972 89
1739453012653 103.32191409846236 90
1739453012655 102.71897929419076 91
1739453012657 102.11885185933448 92
1739453012660 101.52153025888879 93
1739453012663 100.92701294025271 94
1739453012666 100.33529833296225 95
1739453012668 99.74638484841881 96
1739453012670 99.16027087961241 97
1739453012672 98.57695480083999 98
1739453012674 97.99643496741837 99
