1739450893769 35.06403490917618 0
1739450893772 0.13881648053141288 1
1739450893777 0.06975808568803396 2
1739450893782 0.10559009384408131 3
1739450893786 0.11004988140620303 4
1739450893790 0.14143934502033573 5
1739450893794 0.19863003491973866 6
1739450893800 0.20749291154279478 7
1739450893804 0.10856479475280534 8
1739450893808 0.14285942822393097 9
1739450893813 0.1358623656685896 10
1739450893817 0.030487477124993164 11
1739450893821 0.2569377432065326 12
1739450893824 0.16637807200973626 13
1739450893829 0.06961954284034723 14
1739450893834 0.13306133294760356 15
1739450893837 0.12177023342773899 16
1739450893840 0.09741810242784159 17
1739450893846 0.2110443951374808 18
1739450893851 0.1370566083150516 19
1739450893854 0.15260503682815685 20
1739450893858 0.21143431917256492 21
1739450893863 0.17152606160487918 22
1739450893867 0.15187757565013293 23
1739450893871 0.14811780124379983 24
1739450893875 0.09004226736411078 25
1739450893882 0.09604648960965594 26
1739450893885 0.17287157958213692 27
1739450893889 0.07546531513288454 28
1739450893892 0.10692394703808261 29
1739450893897 0.09027361917989792 30
1739450893902 0.06724333058886957 31
1739450893905 0.110328196359276 32
1739450893908 0.09898690604191751 33
1739450893914 0.22877260841772915 34
1739450893918 0.16512090643458963 35
1739450893922 0.13548449717009983 36
1739450893925 0.14316734990317911 37
1739450893930 0.06815248596486193 38
1739450893934 0.16489264480313534 39
1739450893937 0.31474508044583416 40
1739450893940 0.07945620923784474 41
1739450893946 0.06857703509155752 42
1739450893951 0.11885423371066116 43
1739450893954 0.08875890311603012 44
1739450893958 0.12030841041326629 45
1739450893964 0.09592200719825394 46
1739450893969 0.11983074705475495 47
1739450893972 0.2679056839323348 48
1739450893976 0.03601987247913078 49
1739450893982 0.07340565074700008 50
1739450893985 0.15203020253504085 51
1739450893988 0.07788670283428249 52
1739450893992 0.2230572916567642 53
1739450893997 0.18497014374287402 54
1739450894003 0.16125618194462552 55
1739450894007 0.1556036013969592 56
1739450894013 0.07034023300591583 57
1739450894018 0.1244473869968868 58
1739450894022 0.1801530027908138 59
1739450894026 0.16530401623571345 60
1739450894032 0.25138962829297645 61
1739450894036 0.14451301558539112 62
1739450894040 0.12235364244829314 63
1739450894045 0.06749616386394035 64
1739450894051 0.11457390168209916 65
1739450894054 0.05911104121216394 66
1739450894058 0.11691536171784087 67
1739450894064 0.21593631725887152 68
