1739452033614 36.53782396678855 0
1739452033622 0.2001119250876009 1
1739452033626 0.14638540855660573 2
1739452033631 0.10937622336473408 3
1739452033638 0.11921644235824076 4
1739452033643 0.16468873884708116 5
1739452033647 0.14558893388854088 6
1739452033654 0.11139987835269534 7
1739452033659 0.11891270929714524 8
1739452033663 0.07752333933978148 9
1739452033671 0.1643195050540489 10
1739452033676 0.33375023106700624 11
1739452033680 0.12656957707531752 12
1739452033687 0.10829333561045926 13
1739452033693 0.2096342361790238 14
1739452033697 0.3948836280219439 15
1739452033705 0.1331475703953455 16
1739452033709 0.11761339218049136 17
1739452033714 0.157197983639919 18
1739452033722 0.05130794411279569 19
1739452033727 0.0891125686146889 20
1739452033732 0.1328622437115698 21
1739452033739 0.2774676981184726 22
1739452033744 0.10819166342314498 23
1739452033748 0.14802637584719194 24
1739452033755 0.12274109374391137 25
1739452033760 0.260853642265697 26
1739452033765 0.16376326713835634 27
1739452033772 0.3508310189922003 28
1739452033778 0.40191713068268925 29
1739452033786 0.17362614725508368 30
1739452033791 0.11808918419408661 31
1739452033796 0.2075040151952767 32
1739452033803 0.15614263925662733 33
1739452033809 0.10252793455558204 34
1739452033813 0.3211095380008842 35
1739452033820 0.13071890982439555 36
1739452033827 0.09040454495767743 37
1739452033833 0.1036748698746158 38
1739452033840 0.16642476708113002 39
1739452033845 0.11900005095444112 40
1739452033850 0.0982796680585345 41
1739452033856 0.10736322348227902 42
1739452033860 0.11820003583615912 43
1739452033867 0.18265636973713822 44
1739452033874 0.22227125302248515 45
1739452033878 0.13564358780799987 46
1739452033883 0.1642994713519086 47
1739452033890 0.08335629609616874 48
1739452033895 0.11827699170153155 49
1739452033900 0.10426484396056895 50
1739452033906 0.16671056836818335 51
1739452033910 0.1568069548233736 52
1739452033916 0.257359798102398 53
1739452033922 0.04398678878667644 54
1739452033927 0.09731878060084354 55
1739452033931 0.1561458442899027 56
1739452033940 0.16774100734641573 57
1739452033945 0.19453776318113122 58
1739452033952 0.19645875911825952 59
1739452033957 0.1798347331283796 60
1739452033962 0.1386157950424979 61
1739452033972 0.2204782034742668 62
1739452033977 0.14350790532992302 63
1739452033982 0.12452675731088454 64
1739452033989 0.1281159100513533 65
1739452033995 0.18925861425441895 66
1739452034003 0.3116180032920119 67
1739452034009 0.0712132272585414 68
1739452034013 0.1663841138514449 69
1739452034020 0.16225067080049232 70
1739452034026 0.05194802223067472 71
1739452034031 0.10125030566408293 72
1739452034039 0.14938402810484058 73
1739452034044 0.13561764710332488 74
1739452034050 0.10235951724853017 75
1739452034056 0.1298037349745683 76
1739452034061 0.12345331451023495 77
1739452034067 0.12921373889919993 78
1739452034075 0.1436578328913188 79
1739452034082 0.21951680890494132 80
1739452034092 0.16638280548092238 81
1739452034099 0.13033369855532956 82
1739452034107 0.15490630767366545 83
1739452034113 0.13114421277765256 84
1739452034122 0.14121850585981274 85
1739452034131 0.13036237920137936 86
1739452034141 0.202114593504937 87
1739452034148 0.1807815635036874 88
1739452034156 0.1845268877525843 89
1739452034164 0.2327487449168573 90
1739452034176 0.05989208675564067 91
1739452034186 0.194629438324659 92
1739452034194 0.10452605407325942 93
1739452034202 0.21330897126344328 94
1739452034209 0.12166123745527531 95
1739452034213 0.15169226235901037 96
1739452034220 0.18660279958012047 97
1739452034227 0.2482549818251803 98
1739452034233 0.16290756827927697 99
