1739451705759 32.84583151556908 0
1739451705768 0.23928741638650722 1
1739451705777 0.08440327806591934 2
1739451705784 0.13860012090286872 3
1739451705791 0.17131864655714416 4
1739451705795 0.12233726015853037 5
1739451705801 0.05054579474174396 6
1739451705807 0.06234684585692298 7
1739451705812 0.5200347770601224 8
1739451705818 0.08269819710839524 9
1739451705824 0.09789020046132242 10
1739451705829 0.14723848933946115 11
1739451705834 0.09637202020461101 12
1739451705840 0.10241677717404754 13
1739451705846 0.15951701681360436 14
1739451705851 0.23502682099479233 15
1739451705857 0.08308655042767504 16
1739451705862 0.2608729919418412 17
1739451705867 0.16535339260793647 18
1739451705873 0.17531494597767958 19
1739451705878 0.07145295435554055 20
1739451705883 0.16662889019900048 21
