1739451679541 168.91407275456154 0
1739451679544 167.61657348380612 1
1739451679546 166.32402377229639 2
1739451679548 165.0364367402598 3
1739451679552 163.75382295223758 4
1739451679558 162.47619087342798 5
1739451679562 161.20354725913694 6
1739451679564 159.93589748110693 7
1739451679567 158.6732457973332 8
1739451679572 157.4155955729365 9
1739451679575 156.16294945959453 10
1739451679578 154.91530954044313 11
1739451679580 153.67267744654416 12
1739451679582 152.43505445014955 13
1739451679586 151.20244153915888 14
1739451679590 149.9748394764165 15
1739451679593 148.7522488468395 16
1739451679595 147.53467009481164 17
1739451679598 146.32210355381116 18
1739451679601 145.1145494698583 19
1739451679606 143.9120080200524 20
1739451679609 142.7144793272146 21
1739451679612 141.52196347144428 22
1739451679615 140.33446049923526 23
1739451679618 139.1519704306609 24
1739451679623 137.974493265035 25
1739451679626 136.80202898536947 26
1739451679629 135.63457756188222 27
1739451679632 134.47213895475713 28
1739451679635 133.31471311631395 29
1739451679639 132.16229999271394 30
1739451679643 131.01489952529982 31
1739451679646 129.872511651648 32
1739451679648 128.73513630639462 33
1739451679651 127.60277342188353 34
1739451679655 126.47542292867452 35
1739451679659 125.35308475594181 36
1739451679661 124.2357588317861 37
1739451679665 123.12344508347897 38
1739451679668 122.01614343765426 39
1739451679673 120.91385382045769 40
1739451679676 119.81657615766376 41
1739451679678 118.72431037476716 42
1739451679681 117.63705639705417 43
1739451679684 116.55481414965816 44
1739451679688 115.47758355760303 45
1739451679691 114.40536454583687 46
1739451679694 113.33815703925826 47
1739451679697 112.27596096273653 48
1739451679699 111.21877624112767 49
1739451679704 110.16660279928632 50
1739451679708 109.1194405620754 51
1739451679711 108.07728945437316 52
1739451679714 107.04014940107875 53
1739451679717 106.00802032711658 54
1739451679722 104.98090215743922 55
1739451679726 103.95879481703003 56
1739451679729 102.9416982309047 57
1739451679731 101.92961232411278 58
1739451679735 100.92253702173832 59
1739451679740 99.92047224890058 60
1739451679743 98.92341793075437 61
1739451679746 97.93137399249035 62
1739451679749 96.94434035933482 63
1739451679752 95.96231695654996 64
1739451679757 94.98530370943345 65
1739451679760 94.01330054331841 66
1739451679763 93.046307383573 67
1739451679765 92.08432415560021 68
1739451679769 91.12735078483742 69
1739451679772 90.17538719675608 70
1739451679775 89.22843331686123 71
1739451679778 88.28648907069115 72
1739451679780 87.34955438381685 73
1739451679782 86.4176291818416 74
1739451679786 85.49071339040047 75
1739451679790 84.56880693515978 76
1739451679793 83.65190974181665 77
1739451679795 82.74002173609843 78
1739451679797 81.83314284376213 79
1739451679801 80.93127299059385 80
1739451679805 80.03441210240831 81
1739451679809 79.14256010504813 82
1739451679811 78.25571692438325 83
1739451679814 77.3738824863104 84
1739451679816 76.49705671675235 85
1739451679820 75.62523954165734 86
1739451679823 74.7584308869983 87
1739451679826 73.89663067877233 88
1739451679828 73.03983884299983 89
1739451679830 72.1880553057239 90
1739451679832 71.34127999300959 91
1739451679836 70.499512830943 92
1739451679840 69.66275374563072 93
1739451679842 68.83100266319887 94
1739451679845 68.00425950979236 95
1739451679847 67.18252421157405 96
1739451679849 66.36579669472384 97
1739451679851 65.55407688543782 98
1739451679854 64.74736470992744 99
