1739449392430 78.85326899778802 0
1739449392433 24.55894527823208 1
1739449392436 0.4290574361005196 2
1739449392439 0.10312189353299683 3
1739449392442 0.15568724873040782 4
1739449392446 0.049566241949640225 5
1739449392449 0.11597181661691203 6
1739449392452 0.09424279870489399 7
1739449392455 0.4714090234736156 8
1739449392458 0.24501794122106008 9
1739449392463 0.04998126197709201 10
1739449392466 0.13935469105523268 11
1739449392468 0.07943368224400818 12
1739449392471 0.05268489702458677 13
1739449392474 0.03831058501260402 14
1739449392478 0.20524502710692194 15
