1739448865433 149.0402991496103 0
1739448865437 121.92338270518269 1
1739448865441 82.19832802399172 2
1739448865444 64.53459803260894 3
1739448865446 61.35136941613095 4
1739448865449 44.64087581064051 5
1739448865453 31.070781640124718 6
1739448865457 21.034073223857042 7
1739448865460 12.204278870739067 8
1739448865462 5.129119659874062 9
1739448865465 1.588614454014675 10
1739448865468 0.42332189594707126 11
1739448865472 0.46776825479797957 12
1739448865475 0.06533793522057393 13
1739448865477 0.029230819051812653 14
1739448865480 0.1214164903552338 15
1739448865483 0.02792173835522218 16
1739448865486 0.05464498428521407 17
1739448865489 0.005250025848846146 18
1739448865492 0.18700601887728288 19
1739448865495 0.22665284218961446 20
1739448865498 0.19619831581339597 21
1739448865500 0.04347216777662261 22
1739448865504 0.34370842023857756 23
1739448865509 0.21567635588075906 24
1739448865512 0.028977588949685135 25
1739448865514 0.04863100412977473 26
1739448865517 0.15639493777029465 27
1739448865521 0.29217491245893334 28
1739448865524 0.0015682761769768628 29
1739448865527 0.10589323119554997 30
1739448865530 0.029296894473109 31
1739448865532 0.11674529468766118 32
1739448865535 0.0747337681634717 33
1739448865539 0.028508215684905632 34
1739448865542 0.29070446796439403 35
1739448865545 0.029628924161264846 36
1739448865548 0.24474082128167352 37
1739448865551 0.053464114539255606 38
1739448865555 0.03650410635006607 39
1739448865558 0.20516481856145863 40
1739448865562 0.21600589763853834 41
1739448865565 0.09609698511645426 42
1739448865568 0.05975910964726147 43
1739448865574 0.032274522964620536 44
1739448865577 0.011492994182391327 45
1739448865580 0.012877610408876115 46
1739448865582 0.06953606154058016 47
1739448865585 0.42315902156987156 48
1739448865590 0.03789023812174314 49
1739448865593 0.38470505396409765 50
1739448865596 0.05250610208648804 51
1739448865599 0.06255225703203784 52
1739448865602 0.31599983315286984 53
1739448865607 0.09148809090486827 54
1739448865611 0.014682939959032183 55
1739448865614 0.22703881045151825 56
1739448865620 0.04966438355885891 57
1739448865624 0.05490558569558428 58
1739448865627 0.13057413806799772 59
1739448865630 0.0314353843975758 60
1739448865632 0.048997935171240896 61
