1739450285998 152.09032820859287 0
1739450286004 135.46128286596056 1
1739450286010 116.28794683539783 2
1739450286017 92.74774809534995 3
1739450286021 84.84598021578961 4
1739450286027 68.90184301929337 5
1739450286034 54.54713628310244 6
1739450286040 41.276094089716395 7
1739450286048 35.30542901723733 8
1739450286055 23.388945692957513 9
1739450286063 18.449523567611628 10
1739450286069 10.2461331831156 11
1739450286074 6.24320699483878 12
1739450286081 2.7415925302313773 13
1739450286086 1.0424717964335983 14
1739450286090 0.25886266611510134 15
1739450286097 0.18821918882440758 16
1739450286102 0.15674831977951054 17
1739450286106 0.10913745194856843 18
1739450286112 0.10209139458752892 19
1739450286118 0.22556122726095096 20
1739450286122 0.18567438417650697 21
1739450286127 0.06014213523260271 22
1739450286133 0.11531188156922278 23
1739450286136 0.18804461150174362 24
1739450286139 0.14913004653707837 25
1739450286143 0.24260020488855136 26
1739450286148 0.1778859459956039 27
1739450286152 0.10905000902478151 28
1739450286155 0.05791051549694566 29
1739450286159 0.15570746777495512 30
1739450286165 0.13498992856312675 31
1739450286169 0.1084776531706552 32
1739450286172 0.09225243620259346 33
1739450286176 0.13027076137677784 34
1739450286182 0.12485559178867188 35
1739450286186 0.205627374523676 36
1739450286190 0.0745649164408036 37
1739450286195 0.21185610533757637 38
1739450286202 0.24300185529923554 39
1739450286206 0.14318424865596194 40
1739450286213 0.14323541745377963 41
1739450286220 0.3225646059019093 42
1739450286224 0.09256701546757021 43
1739450286230 0.2763199567242752 44
1739450286236 0.16308258777303902 45
1739450286240 0.09070344944576801 46
1739450286244 0.15814442651122462 47
1739450286248 0.20099577079526693 48
1739450286252 0.18604913538626283 49
1739450286255 0.08918862152743176 50
1739450286260 0.2650895288311398 51
1739450286265 0.13233411278061877 52
