1739448865350 170.6562293073515 0
1739448865354 133.56043040648348 1
1739448865358 102.90151020770222 2
1739448865361 78.56269625651368 3
1739448865364 57.37959942243158 4
1739448865367 49.19866917140892 5
1739448865370 33.80861967817357 6
1739448865374 25.929079388311784 7
1739448865376 13.315392600017447 8
1739448865379 6.323593830684903 9
1739448865382 2.9288688776634118 10
1739448865385 1.1637419046227508 11
1739448865389 0.030425138800823884 12
1739448865391 0.08119563217802404 13
1739448865394 0.051044369305263126 14
1739448865397 0.047269568642624125 15
1739448865399 0.013973577787490879 16
1739448865402 0.20111664366320064 17
1739448865407 0.16058217622582868 18
1739448865410 0.09710301679130824 19
1739448865413 0.07806365398744365 20
1739448865415 0.0697504897964058 21
1739448865418 0.034446925787189206 22
1739448865422 0.24529315444975863 23
1739448865425 0.04476067857763891 24
