1739452049085 43.14805464415483 0
1739452049091 0.08303601474953645 1
1739452049095 0.39986301640077054 2
1739452049102 0.11038507673993772 3
1739452049109 0.11839283806486886 4
1739452049114 0.1304210122296529 5
1739452049121 0.1558289670746345 6
1739452049127 0.1966427814993877 7
1739452049133 0.14531010336307013 8
1739452049139 0.146397869701214 9
1739452049145 0.08042994689640955 10
1739452049153 0.14886763179583398 11
1739452049160 0.12407377343821377 12
1739452049168 0.16125940384388238 13
1739452049174 0.17152786646489548 14
1739452049179 0.06740785512708644 15
1739452049187 0.19201521071777355 16
1739452049193 0.06101495682750332 17
1739452049202 0.1385286616517149 18
1739452049207 0.27970882014644793 19
1739452049212 0.10005827933256496 20
1739452049219 0.12391032696929558 21
1739452049225 0.12900981715212903 22
1739452049229 0.10264736368078678 23
1739452049237 0.09713347067841197 24
1739452049242 0.1571696667543493 25
1739452049247 0.07802218371011474 26
1739452049257 0.15949496229432883 27
1739452049269 0.12447564858521876 28
1739452049275 0.2652943887679179 29
1739452049279 0.13435482813437347 30
1739452049290 0.18759263357126482 31
1739452049296 0.15195546196527454 32
1739452049304 0.16521454686335912 33
1739452049309 0.06717640503839149 34
1739452049314 0.16983360281263518 35
1739452049322 0.08325107203339525 36
1739452049326 0.32990602180447504 37
1739452049331 0.10570221661122178 38
1739452049338 0.13240272670437953 39
1739452049343 0.21066240250715332 40
1739452049348 0.2315271426564862 41
1739452049355 0.20165038118248077 42
1739452049360 0.18656593048832137 43
1739452049365 0.12171695019410962 44
1739452049373 0.09567884302686001 45
1739452049379 0.08518367314225912 46
1739452049390 0.17000598262975458 47
1739452049397 0.1066639831863427 48
1739452049404 0.13078068500627243 49
1739452049408 0.14838888417833762 50
1739452049413 0.11895104790069537 51
1739452049420 0.08845385215197123 52
1739452049424 0.10024131359270759 53
1739452049428 0.0760318181037486 54
1739452049435 0.19536846730814342 55
1739452049441 0.20281079362279786 56
1739452049445 0.1770915078777317 57
1739452049451 0.11772626527622305 58
1739452049457 0.168177552432098 59
1739452049462 0.16446516060021454 60
1739452049469 0.09688779213852328 61
1739452049474 0.23471969904157636 62
1739452049478 0.08684485180415946 63
1739452049485 0.172435162255955 64
1739452049490 0.18241957720986596 65
1739452049495 0.28046069057685036 66
1739452049501 0.14963841983813386 67
1739452049507 0.1367368004255052 68
1739452049511 0.1042926409289723 69
1739452049518 0.08783697652676518 70
1739452049523 0.12804957527753563 71
1739452049527 0.11656441025899664 72
1739452049532 0.28635775032721483 73
1739452049539 0.09193168890534431 74
1739452049544 0.13248115241148858 75
1739452049549 0.17202182197275662 76
1739452049556 0.10194400159264536 77
1739452049561 0.2406008749739858 78
1739452049568 0.1766027235393951 79
1739452049574 0.14245657928611008 80
1739452049578 0.12964094732563747 81
1739452049585 0.07231728804186904 82
1739452049590 0.185602014341115 83
1739452049594 0.12442565099556348 84
1739452049601 0.13787955596157037 85
1739452049606 0.06628155041180606 86
1739452049610 0.11783375173657497 87
1739452049616 0.1424162443063972 88
1739452049623 0.11541701311970332 89
1739452049627 0.15791787593213474 90
1739452049633 0.10525847405199615 91
1739452049639 0.14679944010450963 92
1739452049644 0.098334800439541 93
1739452049649 0.2002564031286996 94
1739452049656 0.2522090395170086 95
1739452049661 0.15314955294126445 96
1739452049667 0.08988802970010015 97
1739452049673 0.11602295881867566 98
