1739453055405 147.19728735502383 0
1739453055410 118.82590144036034 1
1739453055416 102.71527762779976 2
1739453055420 86.41324846718793 3
1739453055424 67.05217829935671 4
1739453055430 52.59472156944298 5
1739453055435 38.81415750069647 6
1739453055439 27.06728635924165 7
1739453055444 18.26679192473644 8
1739453055449 11.215683134843028 9
1739453055453 6.003096001912105 10
1739453055458 1.8831803885642875 11
1739453055463 0.5317979863011272 12
1739453055468 0.12337903483671932 13
1739453055472 0.09367157067101836 14
1739453055476 0.1606228188276487 15
1739453055482 0.07510629922262016 16
1739453055486 0.03927907957143102 17
