1739450787240 100.78028822160951 0
1739450787243 70.83729406948196 1
1739450787248 39.493657245869656 2
1739450787257 26.978282807969965 3
1739450787262 26.30270347473078 4
1739450787267 19.810839943954004 5
1739450787273 16.846510052726362 6
1739450787276 10.758082837768974 7
1739450787280 15.234102913001934 8
1739450787284 11.74263972297416 9
1739450787289 9.847514062640688 10
1739450787293 10.700112973551176 11
1739450787296 7.9223701200430545 12
1739450787302 5.990512252723688 13
1739450787306 4.556904989857476 14
1739450787310 5.934926808641667 15
1739450787313 2.6912560882463286 16
1739450787318 2.40731790072648 17
1739450787323 1.7142399852971273 18
1739450787326 2.132249755022649 19
1739450787329 2.1677083330485267 20
1739450787334 0.5718550895842883 21
1739450787339 0.88702771488494 22
1739450787342 0.6536428871817618 23
1739450787345 0.5030294482275596 24
1739450787351 0.3148331508358453 25
1739450787355 0.23882948261668427 26
1739450787359 0.28728637876152435 27
1739450787362 0.21126017742640602 28
1739450787367 0.3241698784677697 29
1739450787372 0.26626488774541124 30
1739450787376 0.19443999925398797 31
1739450787379 0.19307021701621932 32
1739450787387 0.14816243916071276 33
1739450787392 0.15944125070368903 34
1739450787395 0.182656667448113 35
1739450787400 0.22393425663882374 36
1739450787406 0.15337252207516106 37
1739450787410 0.20384850430722753 38
1739450787413 0.1597914449970282 39
1739450787418 0.30847966172359564 40
1739450787423 0.2817999322892521 41
1739450787426 0.1381830987143935 42
1739450787430 0.08668790031709306 43
1739450787436 0.11879054368925626 44
1739450787440 0.11421196001382761 45
1739450787444 0.15979184253407533 46
1739450787447 0.09156296505717501 47
1739450787454 0.10929307807489533 48
1739450787458 0.07273269538908005 49
1739450787462 0.22091568925792612 50
1739450787467 0.1347106164033217 51
1739450787471 0.1684973304352137 52
1739450787475 0.10295978374534223 53
1739450787479 0.048440986727603906 54
1739450787485 0.19505233762692903 55
1739450787490 0.1337907328992966 56
1739450787493 0.08938307532076453 57
1739450787496 0.07134435005754419 58
1739450787502 0.09113481073576714 59
1739450787507 0.10716735280209366 60
1739450787510 0.16199251290803426 61
1739450787513 0.12358646280140602 62
1739450787519 0.13158903782174414 63
1739450787523 0.13806128294977094 64
1739450787527 0.22566793373573996 65
1739450787530 0.2529572813131204 66
1739450787536 0.17079392527589615 67
1739450787540 0.19330211299476957 68
1739450787543 0.06072494133883771 69
1739450787547 0.10222318133185086 70
1739450787553 0.16426263675500305 71
1739450787557 0.25414425938434504 72
1739450787561 0.1325494104965406 73
1739450787564 0.10277096597652836 74
1739450787571 0.1435866398406132 75
1739450787574 0.11740519268171082 76
1739450787578 0.1073870825204531 77
1739450787581 0.2190198480355133 78
1739450787587 0.1661361590546814 79
1739450787591 0.12755446202276802 80
1739450787594 0.13807527448304263 81
1739450787597 0.22361972689819246 82
1739450787604 0.16282712132177185 83
1739450787608 0.09749229194787201 84
1739450787611 0.2597313800913713 85
1739450787615 0.3276282190403938 86
1739450787621 0.13397624589089474 87
1739450787624 0.10028198998860513 88
1739450787628 0.14835321369555446 89
1739450787631 0.1095761249611742 90
1739450787637 0.10137900761518649 91
1739450787641 0.15573057630915413 92
1739450787644 0.09699836821804764 93
1739450787647 0.0870912845863032 94
1739450787653 0.07825086172995725 95
1739450787657 0.15248504306584057 96
1739450787660 0.13225916109624147 97
1739450787663 0.235145850014859 98
1739450787669 0.1821772499500562 99
