1739451648058 168.91407275456154 0
1739451648060 168.58918491182644 1
1739451648063 168.26458645569414 2
1739451648065 167.94029661168582 3
1739451648068 167.61631922016784 4
1739451648075 167.2926550471449 5
1739451648079 166.96930424464475 6
1739451648083 166.6462668420936 7
1739451648091 166.32354284443684 8
1739451648095 166.0011322517316 9
1739451648098 165.6790350630592 10
1739451648100 165.35725127730612 11
1739451648104 165.03578089332026 12
1739451648108 164.7146239099418 13
1739451648111 164.39378032600956 14
1739451648113 164.07325014036223 15
1739451648116 163.7530333518387 16
1739451648118 163.4331299592779 17
1739451648123 163.11353996151902 18
1739451648125 162.79426335740135 19
1739451648128 162.47530014576444 20
1739451648130 162.15665032544794 21
1739451648132 161.83831389529178 22
1739451648137 161.5202908541359 23
1739451648141 161.20258120082056 24
1739451648143 160.88518493418613 25
1739451648146 160.56810205307323 26
1739451648148 160.2513325563225 27
1739451648150 159.9348764427749 28
1739451648154 159.6187337112715 29
1739451648158 159.3029043606536 30
1739451648162 158.9873883897626 31
1739451648166 158.6721857974401 32
1739451648172 158.35729658252788 33
1739451648176 158.0427207438679 34
1739451648178 157.72845828030233 35
1739451648181 157.41450919067344 36
1739451648183 157.10087347382367 37
1739451648186 156.78755112859577 38
1739451648191 156.47454215383246 39
1739451648194 156.1618465483768 40
1739451648196 155.8494643110719 41
1739451648198 155.53739544076117 42
1739451648200 155.2256399362881 43
1739451648203 154.91419779649635 44
1739451648208 154.60306902022984 45
1739451648210 154.29225360633254 46
1739451648213 153.9817515536487 47
1739451648215 153.67156286102272 48
1739451648217 153.3616875272991 49
1739451648223 153.05212555132255 50
1739451648226 152.742876931938 51
1739451648228 152.43394166799052 52
1739451648230 152.12531975832533 53
1739451648232 151.81701120178786 54
1739451648236 151.50901599722366 55
1739451648241 151.20133414347848 56
1739451648245 150.89396563939826 57
1739451648247 150.58691048382912 58
1739451648249 150.28016867561723 59
1739451648253 149.97374021360915 60
1739451648258 149.66762509665136 61
1739451648261 149.36182332359073 62
1739451648264 149.05633489327414 63
1739451648266 148.75115980454876 64
1739451648270 148.4462980562618 65
1739451648275 148.1417496472608 66
1739451648278 147.83751457639335 67
1739451648280 147.5335928425072 68
1739451648282 147.22998444445037 69
1739451648285 146.92668938107093 70
1739451648290 146.62370765121725 71
1739451648294 146.32103925373775 72
1739451648296 146.01868418748109 73
1739451648298 145.71664245129605 74
1739451648301 145.41491404403163 75
1739451648306 145.11349896453697 76
1739451648309 144.81239721166136 77
1739451648311 144.5116087842543 78
1739451648313 144.21113368116542 79
1739451648316 143.91097190124455 80
1739451648318 143.61112344334163 81
1739451648323 143.31158830630685 82
1739451648326 143.0123664889905 83
1739451648329 142.71345799024306 84
1739451648331 142.4148628089152 85
1739451648333 142.11658094385774 86
1739451648337 141.8186123939216 87
1739451648341 141.52095715795798 88
1739451648344 141.22361523481823 89
1739451648347 140.92658662335373 90
1739451648349 140.6298713224162 91
1739451648351 140.33346933085738 92
1739451648356 140.03738064752935 93
1739451648359 139.74160527128416 94
1739451648361 139.44614320097415 95
1739451648364 139.15099443545176 96
1739451648366 138.85615897356968 97
1739451648368 138.56163681418067 98
1739451648373 138.2674279561377 99
