1739452024043 37.39452174000126 0
1739452024048 0.18552922656450996 1
1739452024055 0.12689448717620377 2
1739452024060 0.23966980061048077 3
1739452024065 0.18596674450981196 4
1739452024073 0.14785504290819315 5
1739452024078 0.15099610705491676 6
1739452024084 0.15276461349092177 7
1739452024092 0.19373389102311384 8
1739452024096 0.11716334111658533 9
1739452024103 0.16843271963929873 10
1739452024108 0.0581396949148098 11
1739452024113 0.18255241633732908 12
1739452024120 0.10207844065314092 13
1739452024125 0.0782781341862911 14
1739452024129 0.17582561603918506 15
1739452024134 0.11766011704883288 16
1739452024141 0.15787742679977568 17
1739452024146 0.1549581949529878 18
1739452024154 0.10559562702217647 19
