1739452024192 38.41107969664091 0
1739452024201 0.12418260231661318 1
1739452024208 0.15596519594806663 2
1739452024212 0.10668456824515804 3
1739452024219 0.1038011861205239 4
1739452024226 0.17790387808253705 5
1739452024233 0.13292164900703612 6
1739452024242 0.1436371764121174 7
1739452024248 0.1860337428371037 8
1739452024256 0.16998796946692923 9
1739452024262 0.18009740237814362 10
1739452024269 0.26313067194325046 11
1739452024275 0.06655318741444212 12
1739452024279 0.12353062416205762 13
1739452024286 0.16460582042884372 14
1739452024292 0.21206623015939038 15
1739452024296 0.2360301313056293 16
1739452024302 0.2967972882541008 17
1739452024309 0.1382716695041176 18
1739452024314 0.1837302655392597 19
1739452024322 0.1505658753032678 20
1739452024326 0.141851624212559 21
1739452024330 0.0598712636826208 22
1739452024337 0.13723272013550006 23
1739452024343 0.18112912267382825 24
1739452024347 0.179482062690084 25
1739452024353 0.18827158827242102 26
1739452024360 0.0931467712997404 27
1739452024364 0.10436031846117107 28
1739452024370 0.20928665521093687 29
1739452024375 0.15956477539201025 30
