1739453102178 0.006321188605979428 0
1739453102266 0.10818594377123984 1
1739453102362 0.016630178710269564 2
1739453102451 0.21949329002555465 3
1739453102536 0.06758548426745763 4
1739453102621 0.01322027487672003 5
1739453102713 0.08715873718969752 6
1739453102801 0.0875832755220255 7
1739453102886 0.20993343454299754 8
1739453102972 0.0047161834861544 9
1739453103060 0.11835481153511163 10
1739453103145 0.021379833917703945 11
1739453103231 0.03214295334800413 12
1739453103318 0.12128676035323836 13
1739453103405 0.04009160312089128 14
1739453103495 0.024418641327549857 15
1739453103580 0.021116545238022328 16
1739453103666 0.06446889426534513 17
1739453103755 0.06311445495188671 18
1739453103846 0.2283173686057194 19
1739453103934 0.03386204269714249 20
1739453104023 0.0033838361698114087 21
1739453104109 0.056021874161012834 22
1739453104198 0.0023562097420695544 23
1739453104286 0.013157506792341966 24
1739453104376 0.42010222044390066 25
1739453104466 0.007132092356790437 26
1739453104558 0.00995159096093914 27
1739453104647 0.045288024784302015 28
1739453104734 0.017433450539005146 29
1739453104819 5.908276625762958e-05 30
1739453104905 6.394037526633904e-06 31
1739453104995 0.017438332890696007 32
1739453105085 0.08773575188080067 33
1739453105176 0.0717500575334255 34
1739453105266 0.028870427285188443 35
1739453105353 0.00017282436164980464 36
1739453105440 0.007029266709508526 37
1739453105530 0.001945435936027766 38
1739453105624 0.01681429083724645 39
1739453105716 0.01950719688709801 40
1739453105805 0.11405652140970782 41
1739453105893 0.1545612416423666 42
1739453105982 0.03532656806487215 43
1739453106108 0.00010889952370845704 44
1739453106204 0.008924504742819273 45
1739453106294 1.1441572691721236 46
1739453106381 0.0144514316880753 47
1739453106470 0.03258215073107566 48
1739453106557 0.039785119728264214 49
1739453106646 0.18328087751882194 50
1739453106733 0.00032434090695269995 51
1739453106821 0.0753050040086998 52
1739453106910 0.01920630750106922 53
1739453106999 0.006252076380768767 54
1739453107088 0.02640281028702999 55
1739453107181 0.04901362462276844 56
1739453107271 0.8118176950252104 57
1739453107367 0.04388475253053387 58
1739453107459 0.000981431582655493 59
1739453107554 1.5346659930474602e-06 60
1739453107647 7.323059422661997e-06 61
1739453107769 0.019693420507148077 62
1739453107860 0.4225721918205973 63
1739453107948 0.0851446070986098 64
1739453108034 0.47326340879808954 65
1739453108130 0.06807836675834662 66
1739453108220 0.020589828046986638 67
1739453108317 0.5747247466776778 68
1739453108407 0.002342353670974238 69
1739453108505 0.0019903927818218734 70
1739453108603 0.3709614693747959 71
1739453108696 0.023252871739848944 72
1739453108792 0.33294078849851216 73
1739453108902 0.2473761585241277 74
1739453109054 0.0549194306700211 75
1739453109159 0.11566352870833081 76
1739453109259 0.27601798698737157 77
1739453109355 0.2281787037904389 78
1739453109451 0.008038704137360308 79
1739453109545 0.15330821532432243 80
1739453109638 0.11967556884861827 81
1739453109731 0.03268174852047649 82
1739453109825 0.27733304131996417 83
1739453109917 0.014340691053173416 84
1739453110011 0.10020645323161942 85
1739453110104 0.1668246726064006 86
1739453110198 0.010624617982914098 87
1739453110293 0.007314629418639334 88
