1739449367830 85.20308384663787 0
1739449367834 25.398468489868392 1
1739449367838 1.265396550712476 2
1739449367842 0.3116939670686164 3
1739449367847 0.05196854715978398 4
1739449367850 0.015583380902780143 5
1739449367853 0.04151892239171103 6
1739449367855 0.22825596157278535 7
1739449367858 0.11975424174907341 8
1739449367862 0.06947705806825294 9
1739449367865 0.2704925757458912 10
1739449367868 0.05009601747266231 11
1739449367870 0.11621617997809988 12
1739449367874 0.0437816723139127 13
1739449367879 0.1112519071880238 14
1739449367883 0.1263003075211354 15
1739449367886 0.5100423564955872 16
1739449367889 0.2440558059935137 17
1739449367892 0.03260699045667373 18
1739449367896 0.09277424021780431 19
1739449367899 0.16823543200821034 20
1739449367902 0.0665248295701565 21
1739449367904 0.01869721281472839 22
1739449367907 0.17863923180071928 23
1739449367911 0.15190075473642894 24
1739449367915 0.4044197745240082 25
1739449367917 0.1136794465558955 26
1739449367920 0.4194763611307742 27
1739449367923 0.05427474931689953 28
1739449367926 0.0833678563027666 29
1739449367930 0.015895930609619264 30
1739449367933 0.24007210662929926 31
1739449367936 0.17699081799561478 32
1739449367938 0.1358880225392274 33
1739449367941 0.19698608473700768 34
1739449367946 0.3257183090226111 35
1739449367949 0.08221806141803822 36
1739449367952 0.023157078144851656 37
1739449367954 0.37623609449734996 38
1739449367957 0.1417157710664301 39
