1739449982330 168.92543757006746 0
1739449982332 168.19365737415382 1
1739449982334 167.46388629561463 2
1739449982336 166.7362296220798 3
1739449982337 166.0106921341985 4
1739449982339 165.28727366506712 5
1739449982341 164.56597380148082 6
1739449982345 163.8467921151203 7
1739449982348 163.12972817388874 8
1739449982350 162.41478154243848 9
1739449982351 161.701951782166 10
1739449982353 160.99123845118018 11
1739449982355 160.2826411042693 12
1739449982356 159.576159292867 13
1739449982360 158.87179256501835 14
1739449982365 158.16954046534502 15
1739449982368 157.4694025350103 16
1739449982370 156.77137831168358 17
1739449982372 156.07546732950445 18
1739449982373 155.3816691190462 19
1739449982376 154.68998320727886 20
1739449982381 154.00040911753212 21
1739449982384 153.31294636945702 22
1739449982385 152.6275944789881 23
1739449982387 151.94435295830408 24
1739449982389 151.26322131578908 25
1739449982390 150.58419905599223 26
1739449982395 149.90728567958757 27
1739449982397 149.2324806833332 28
1739449982399 148.55978356002964 29
1739449982401 147.889193798478 30
1739449982403 147.22071088343742 31
1739449982404 146.55433429558187 32
1739449982406 145.89006351145667 33
1739449982408 145.2278980034341 34
1739449982413 144.5678372396686 35
1739449982415 143.90988068405133 36
1739449982417 143.25402779616417 37
1739449982418 142.60027803123302 38
1739449982420 141.94863084008054 39
1739449982422 141.29908566907824 40
1739449982423 140.65164196009792 41
1739449982427 140.0062991504624 42
1739449982431 139.36305667289568 43
1739449982434 138.72191395547242 44
1739449982436 138.08287042156644 45
1739449982437 137.44592548979924 46
1739449982439 136.81107857398686 47
1739449982441 136.17832908308677 48
1739449982446 135.5476764211436 49
1739449982448 134.91911998723444 50
1739449982450 134.29265917541312 51
1739449982452 133.66829337465379 52
1739449982453 133.0460219687939 53
1739449982455 132.42584433647596 54
1739449982457 131.8077598510891 55
1739449982461 131.1917678807091 56
1739449982464 130.57786778803847 57
1739449982466 129.96605893034464 58
1739449982468 129.35634065939811 59
1739449982469 128.74871232140947 60
1739449982471 128.1431732569653 61
1739449982474 127.53972280096353 62
1739449982479 126.9383602825476 63
1739449982483 126.33908502504 64
1739449982485 125.74189634587431 65
1739449982487 125.1467935565269 66
1739449982489 124.55377596244732 67
1739449982490 123.9628428629876 68
1739449982494 123.37399355133084 69
1739449982497 122.78722731441852 70
1739449982499 122.20254343287681 71
1739449982501 121.61994118094188 72
1739449982503 121.03941982638413 73
1739449982504 120.46097863043114 74
1739449982506 119.88461684768987 75
1739449982509 119.31033372606709 76
1739449982513 118.73812850668938 77
1739449982515 118.16800042382154 78
1739449982518 117.59994870478377 79
1739449982520 117.03397256986771 80
1739449982522 116.47007123225137 81
1739449982524 115.9082438979126 82
1739449982528 115.34848976554136 83
1739449982532 114.79080802645069 84
1739449982537 114.2351978644863 85
1739449982539 113.6816584559349 86
1739449982541 113.13018896943103 87
1739449982547 112.58078856586262 88
1739449982551 112.033456398275 89
1739449982553 111.4881916117736 90
1739449982555 110.94499334342503 91
1739449982557 110.40386072215675 92
1739449982560 109.86479286865517 93
1739449982565 109.32778889526234 94
1739449982568 108.79284790587081 95
1739449982570 108.259968995817 96
1739449982572 107.72915125177309 97
1739449982573 107.20039375163698 98
1739449982577 106.67369556442074 99
