1739448971243 83.17121881738203 0
1739448971246 25.321839954372173 1
1739448971252 0.9471605040420835 2
1739448971255 0.08369889113079573 3
1739448971258 0.004847324829933563 4
1739448971261 0.18239887618046488 5
1739448971265 0.21813335360586017 6
1739448971270 0.09515677261296035 7
1739448971273 0.007070499791676811 8
1739448971276 0.15472848137232664 9
1739448971279 0.4082415763884062 10
1739448971284 0.26122713812929943 11
1739448971288 0.08164831416926031 12
1739448971291 0.1757129681751164 13
1739448971294 0.10513106600835254 14
1739448971297 0.29001608171827037 15
1739448971301 0.319758782529185 16
1739448971306 0.0869224741362059 17
1739448971309 0.11249422927201458 18
1739448971312 0.08840641513004185 19
1739448971316 0.07727891884214647 20
1739448971320 0.10973766447412822 21
1739448971323 0.2484269403965367 22
1739448971326 0.05518512766468064 23
1739448971329 0.3845256345968904 24
1739448971334 0.06783194359295697 25
1739448971338 0.03646811547741011 26
1739448971340 0.1634044937741465 27
1739448971343 0.049469309985315374 28
1739448971347 0.31042585613831936 29
1739448971353 0.44430987677760514 30
1739448971357 0.41704604304939713 31
1739448971360 0.09232002304323629 32
1739448971364 0.12323551099464841 33
1739448971371 0.2211731638589707 34
1739448971375 0.14768979191776752 35
1739448971378 0.1658780155161007 36
1739448971384 0.30118420271098434 37
1739448971388 0.19110298295822736 38
1739448971392 0.30366740271336623 39
1739448971395 0.24688157458542673 40
1739448971401 0.12044772849412771 41
1739448971406 0.08715363111025229 42
1739448971409 0.25262444909502446 43
1739448971412 0.12637189658482076 44
1739448971417 0.09730268584701715 45
1739448971422 0.12535728426460943 46
1739448971426 0.04540984152735841 47
1739448971429 0.008966140815467922 48
1739448971434 0.06331443291329232 49
1739448971439 0.3126019534700172 50
1739448971442 0.02245631309380964 51
1739448971445 0.18931282695494023 52
1739448971448 0.07174447840736883 53
1739448971454 0.21436501080789755 54
1739448971458 0.19384041992659687 55
1739448971461 0.1586803170985029 56
1739448971465 0.1212677670532352 57
1739448971471 0.2576931131299774 58
1739448971475 0.3028108201606995 59
1739448971478 0.08203987986784489 60
1739448971481 0.24963789453374763 61
1739448971485 0.15722120840888107 62
1739448971490 0.13615142941186448 63
1739448971493 0.005490716375610251 64
1739448971497 0.132115245099869 65
1739448971501 0.13160603497878653 66
1739448971505 0.14384375421579162 67
1739448971508 0.03207089560911903 68
1739448971511 0.372986191583814 69
1739448971515 0.022653448582484113 70
1739448971520 0.07839784148649248 71
1739448971523 0.11988384800434179 72
1739448971526 0.5633646535513117 73
1739448971529 0.12301030728534612 74
1739448971534 0.05425754580470391 75
1739448971538 0.07501772137278684 76
1739448971541 0.2261518896399937 77
1739448971544 0.06630055619797805 78
1739448971549 0.241998344336272 79
1739448971555 0.14348284586198218 80
1739448971559 0.1834188453287452 81
1739448971563 0.20025448030652024 82
1739448971567 0.018757300621860675 83
1739448971571 0.011068057830388903 84
1739448971575 0.12373902453043294 85
1739448971578 0.30820195069760237 86
1739448971581 0.19063418370923696 87
1739448971586 0.11884870754930399 88
1739448971590 0.0450572878697023 89
1739448971593 0.03327630475571794 90
1739448971596 0.48292452938442754 91
1739448971601 0.10905050693963296 92
1739448971605 0.03339784926474926 93
1739448971609 0.04676098995386081 94
1739448971612 0.08183028399121574 95
1739448971616 0.04050544476170143 96
1739448971620 0.047326358000526786 97
1739448971624 0.03692408136478543 98
1739448971627 0.0638683416576204 99
1739448971630 0.13099572277038493 100
1739448971634 0.2918111484070231 101
1739448971637 0.04361393016340867 102
1739448971641 0.15217699693587866 103
1739448971644 0.08611486502202283 104
1739448971646 0.016970595067421837 105
1739448971651 0.08449638062831566 106
1739448971655 0.08932616493249902 107
