1739453026260 168.91407275456154 0
1739453026269 168.04849617655722 1
1739453026277 167.18509410703444 2
1739453026288 166.32388281334445 3
1739453026296 165.4648737327717 4
1739453026303 164.60807487339446 5
1739453026308 163.75349182486835 6
1739453026313 162.9011284791466 7
1739453026318 162.05098754027063 8
1739453026322 161.20307088298142 9
1739453026327 160.35737980401598 10
1739453026335 159.51391519772864 11
1739453026342 158.6726776785902 12
1739453026350 157.83366766651642 13
1739453026354 156.99688544624604 14
1739453026358 156.16233120863032 15
1739453026363 155.3300050793294 16
1739453026367 154.49990713874845 17
1739453026372 153.67203743588323 18
1739453026375 152.84639599793394 19
1739453026379 152.02298283697908 20
1739453026384 151.20179795460797 21
1739453026388 150.38284134513546 22
1739453026392 149.56611299783302 23
1739453026397 148.75161289847637 24
1739453026402 147.9393410304196 25
1739453026406 147.12929737533997 26
1739453026410 146.3214819137547 27
1739453026416 145.51589462537933 28
1739453026421 144.71253548937625 29
1739453026426 143.91140448452705 30
1739453026432 143.11250158935204 31
1739453026438 142.315826782193 32
1739453026443 141.52138004127073 33
1739453026452 140.7291613447248 34
1739453026458 139.939170670641 35
1739453026463 139.1514079970707 36
1739453026468 138.36587330204387 37
1739453026471 137.58256656357827 38
1739453026474 136.80148775968595 39
1739453026477 136.02263686837742 40
1739453026483 135.24601386766486 41
1739453026486 134.471618735564 42
1739453026488 133.6994514500958 43
1739453026490 132.92951198928736 44
1739453026493 132.16180033117246 45
1739453026497 131.39631645379225 46
1739453026500 130.63306033519527 47
1739453026502 129.87203195343795 48
1739453026504 129.1132312865847 49
1739453026506 128.35665831270762 50
1739453026508 127.60231300988723 51
1739453026511 126.85019535621177 52
1739453026514 126.10030532977775 53
1739453026516 125.35264290868965 54
1739453026518 124.60720807106009 55
1739453026521 123.86400079500963 56
1739453026523 123.12302105866692 57
1739453026525 122.38426884016856 58
1739453026527 121.64774411765916 59
1739453026530 120.91344686929115 60
1739453026532 120.18137707322505 61
1739453026534 119.45153470762904 62
1739453026537 118.72391975067936 63
1739453026539 117.99853218055988 64
1739453026541 117.27537197546236 65
1739453026543 116.55443911358627 66
1739453026545 115.83573357313877 67
1739453026548 115.11925533233469 68
1739453026550 114.40500436939655 69
1739453026552 113.69298066255442 70
1739453026554 112.98318419004599 71
1739453026556 112.2756149301164 72
1739453026559 111.57027286101837 73
1739453026561 110.86715796101205 74
1739453026565 110.16627020836492 75
1739453026568 109.46760958135191 76
1739453026570 108.77117605825534 77
1739453026573 108.07696961736471 78
1739453026575 107.38499023697679 79
1739453026577 106.69523789539562 80
1739453026580 106.00771257093243 81
1739453026582 105.32241424190543 82
1739453026585 104.63934288664011 83
1739453026587 103.95849848346879 84
1739453026589 103.27988101073095 85
1739453026591 102.60349044677292 86
1739453026593 101.92932676994799 87
1739453026596 101.25738995861624 88
1739453026598 100.58767999114461 89
1739453026600 99.92019684590674 90
1739453026603 99.25494050128303 91
1739453026605 98.59191093566054 92
1739453026607 97.93110812743286 93
1739453026609 97.27253205500021 94
1739453026612 96.61618269676929 95
1739453026614 95.96206003115321 96
1739453026617 95.31016403657155 97
1739453026619 94.66049469145017 98
1739453026621 94.01305197422121 99
