1739453013532 168.91407275456154 0
1739453013534 168.05694614256288 1
1739453013537 167.2023258273138 2
1739453013539 166.35052320233893 3
1739453013541 165.5015988240283 4
1739453013544 164.65556403229712 5
1739453013548 163.81242051313848 6
1739453013550 162.97216805606644 7
1739453013552 162.13480607443984 8
1739453013555 161.3003339032459 9
1739453013557 160.46875085735667 10
1739453013559 159.64005624287498 11
1739453013561 158.81424935929755 12
1739453013564 157.9913294998797 13
1739453013567 157.17129595164832 14
1739453013569 156.3541479953446 15
1739453013571 155.53988490535244 16
1739453013573 154.72850594962333 17
1739453013575 153.92001038959913 18
1739453013577 153.11439748013396 19
1739453013581 152.3116664694148 20
1739453013583 151.5118165988809 21
1739453013585 150.71484710314198 22
1739453013587 149.92075720989504 23
1739453013590 149.12954613984027 24
1739453013592 148.34121310659526 25
1739453013594 147.55575731660835 26
1739453013597 146.7731779690702 27
1739453013600 145.99347425582422 28
1739453013602 145.21664536127597 29
1739453013604 144.4426904623004 30
1739453013606 143.67160872814839 31
1739453013608 142.90339932035135 32
1739453013611 142.13806139262476 33
1739453013614 141.3755940907698 34
1739453013617 140.61599655257373 35
1739453013619 139.85926790770864 36
1739453013621 139.1054072776285 37
1739453013624 138.35441377546474 38
1739453013626 137.60628650592022 39
1739453013629 136.86102456516133 40
1739453013632 136.11862704070845 41
1739453013634 135.3790930113249 42
1739453013636 134.64242154690368 43
1739453013639 133.90861170835285 44
1739453013641 133.17766254747886 45
1739453013643 132.4495731068678 46
1739453013646 131.7243424197653 47
1739453013649 131.0019695099539 48
1739453013651 130.28245339162885 49
1739453013653 129.56579306927142 50
1739453013655 128.85198753752096 51
1739453013658 128.1410357810439 52
1739453013660 127.43293677440137 53
1739453013664 126.72768948191415 54
1739453013666 126.02529285752581 55
1739453013668 125.32574584466317 56
1739453013670 124.62904737609477 57
1739453013673 123.93519637378691 58
1739453013675 123.24419174875715 59
1739453013677 122.55603240092567 60
1739453013681 121.87071721896369 61
1739453013683 121.18824508013988 62
1739453013685 120.50861485016381 63
1739453013687 119.83182538302677 64
1739453013689 119.15787552084016 65
1739453013691 118.48676409367096 66
1739453013694 117.81848991937422 67
1739453013697 117.15305180342315 68
1739453013699 116.49044853873592 69
1739453013702 115.83067890549967 70
1739453013704 115.17374167099126 71
1739453013706 114.51963558939546 72
1739453013708 113.86835940161929 73
1739453013710 113.2199118351038 74
1739453013714 112.57429160363206 75
1739453013717 111.9314974071342 76
1739453013719 111.29152793148874 77
1739453013722 110.65438184832068 78
1739453013724 110.02005781479588 79
1739453013726 109.38855447341184 80
1739453013729 108.75987045178499 81
1739453013732 108.13400436243388 82
1739453013735 107.5109548025588 83
1739453013738 106.8907203538172 84
1739453013740 106.2732995820956 85
1739453013742 105.65869103727674 86
1739453013746 105.04689325300319 87
1739453013750 104.43790474643627 88
1739453013752 103.83172401801086 89
1739453013754 103.22834955118563 90
1739453013756 102.62777981218895 91
1739453013759 102.03001324975996 92
1739453013761 101.43504829488506 93
1739453013764 100.84288336052953 94
1739453013767 100.25351684136429 95
1739453013769 99.66694711348758 96
1739453013771 99.08317253414164 97
1739453013773 98.50219144142403 98
1739453013775 97.92400215399365 99
