1739453013260 168.92543757006746 0
1739453013264 168.05735469973916 1
1739453013266 167.19160052105764 2
1739453013269 166.32870546661263 3
1739453013271 165.468773365003 4
1739453013273 164.61182406842624 5
1739453013275 163.75786090385103 6
1739453013277 162.90688394336115 7
1739453013281 162.05889261399892 8
1739453013283 161.2138862108312 9
1739453013285 160.37186399773236 10
1739453013288 159.53282522712416 11
1739453013290 158.69676914378917 12
1739453013293 157.86369498555445 13
1739453013296 157.03360198335974 14
1739453013299 156.2064893612038 15
1739453013301 155.38235633606575 16
1739453013303 154.56120211782053 17
1739453013306 153.74302590915212 18
1739453013308 152.92782690546545 19
1739453013310 152.11560429479647 20
1739453013314 151.30635725772152 21
1739453013317 150.50008496726454 22
1739453013319 149.69678658880346 23
1739453013321 148.89646127997494 24
1739453013323 148.09910819057737 25
1739453013325 147.30472646247296 26
1739453013327 146.51331522948772 27
1739453013331 145.72487361731007 28
1739453013333 144.93940074338815 29
1739453013336 144.15689571682506 30
1739453013338 143.37735763827285 31
1739453013340 142.6007855998245 32
1739453013342 141.82717868490434 33
1739453013344 141.056535968157 34
1739453013347 140.288856515334 35
1739453013350 139.52413938317918 36
1739453013352 138.7623836193117 37
1739453013355 138.00358826210766 38
1739453013357 137.24775234057955 39
1739453013359 136.49487487425378 40
1739453013362 135.74495487304634 41
1739453013365 134.9979913371362 42
1739453013367 134.2539832568371 43
1739453013370 133.51292961246673 44
1739453013372 132.77482937421414 45
1739453013374 132.03968150200473 46
1739453013377 131.3074849453633 47
1739453013381 130.57823864327466 48
1739453013385 129.8519415240418 49
1739453013387 129.128592505142 50
1739453013389 128.40819049308047 51
1739453013391 127.69073438324139 52
1739453013394 126.97622305973665 53
1739453013398 126.26465539525195 54
1739453013401 125.55603025089025 55
1739453013404 124.85034647601289 56
1739453013406 124.1476029080777 57
1739453013408 123.4477983724744 58
1739453013411 122.7509316823573 59
1739453013415 122.05700163847544 60
1739453013418 121.36600702899904 61
1739453013421 120.67794662934378 62
1739453013423 119.99281920199172 63
1739453013425 119.31062349630909 64
1739453013427 118.63135824836102 65
1739453013431 117.95502218072312 66
1739453013433 117.28161400228956 67
1739453013435 116.61113240807819 68
1739453013437 115.94357607903187 69
1739453013440 115.27894368181659 70
1739453013442 114.61723386861588 71
1739453013444 113.95844527692168 72
1739453013447 113.30257652932163 73
1739453013450 112.64962623328238 74
1739453013452 111.99959298092908 75
1739453013454 111.35247534882126 76
1739453013456 110.70827189772432 77
1739453013459 110.06698117237708 78
1739453013461 109.42860170125537 79
1739453013466 108.79313199633087 80
1739453013469 108.16057055282636 81
1739453013471 107.53091584896568 82
1739453013473 106.90416634571991 83
1739453013475 106.28032048654842 84
1739453013478 105.65937669713557 85
1739453013483 105.04133338512233 86
1739453013486 104.42618893983324 87
1739453013488 103.81394173199801 88
1739453013490 103.20459011346857 89
1739453013492 102.59813241693013 90
1739453013495 101.99456695560774 91
1739453013498 101.39389202296675 92
1739453013500 100.79610589240804 93
1739453013503 100.20120681695747 94
1739453013505 99.60919302894958 95
1739453013507 99.0200627397054 96
1739453013509 98.43381413920407 97
1739453013514 97.85044539574851 98
1739453013518 97.26995465562457 99
