1739453038476 168.91407275456154 0
1739453038480 167.70070826031963 1
1739453038482 166.05204478451284 2
1739453038485 164.06177592805207 3
1739453038488 161.80673112015458 4
1739453038490 159.34938846799716 5
1739453038493 156.7402300752709 6
1739453038496 154.01984032406128 7
1739453038499 151.2207159180061 8
1739453038501 148.36879350143522 9
1739453038504 145.48471902349118 10
1739453038506 142.58489051884993 11
1739453038509 139.6823074074594 12
1739453038512 136.7872576568153 13
1739453038515 133.9078709041047 14
1739453038518 131.05056187785664 15
1739453038521 128.22038472328373 16
1739453038523 125.42131539158007 17
1739453038526 122.65647621592788 18
1739453038529 119.9283141937063 19
1739453038531 117.23874230697793 20
1739453038534 114.5892514012177 21
1739453038536 111.9809986567296 22
1739453038539 109.41487747903591 23
1739453038541 106.89157265791962 24
1739453038544 104.41160385913 25
1739453038547 101.9753598830623 26
1739453038550 99.58312562154175 27
1739453038553 97.2351032427214 28
1739453038556 94.93142881496017 29
1739453038558 92.67218532702432 30
1739453038562 90.4574128608147 31
1739453038567 88.28711651340258 32
1739453038569 86.16127253890662 33
1739453038572 84.07983308082113 34
1739453038574 82.04272978635716 35
1739453038579 80.04987653183434 36
1739453038583 78.10117143871284 37
1739453038586 76.19649832073527 38
1739453038588 74.33572767168668 39
1739453038591 72.51871727874982 40
1739453038595 70.74531252697261 41
1739453038600 69.01534644489205 42
1739453038603 67.32863952902316 43
1739453038605 65.68499937504902 44
1739453038608 64.08422013560764 45
1739453038612 62.526081818148484 46
1739453038616 61.010349431100316 47
1739453038619 59.53677198230353 48
1739453038622 58.10508133012652 49
1739453038624 56.71499088476978 50
1739453038627 55.36619415487648 51
1739453038630 54.05836313266632 52
1739453038633 52.79114650939044 53
1739453038635 51.564167712010075 54
1739453038638 50.37702275172727 55
1739453038640 49.22927787549304 56
1739453038643 48.12046701311113 57
1739453038647 47.05008901534894 58
1739453038650 46.017604682963686 59
1739453038652 45.022433593266534 60
1739453038655 44.06395074041794 61
1739453038657 43.141483018836915 62
1739453038660 42.25430559678663 63
1739453038665 41.401638250304096 64
1739453038667 40.582641757068764 65
1739453038670 39.79641448624236 66
1739453038672 39.04198936395837 67
1739453038675 38.31833144429811 68
1739453038679 37.624336370116346 69
1739453038682 36.95883006272095 70
1739453038685 36.32057002713191 71
1739453038687 35.708248690147016 72
1739453038690 35.120499188232216 73
1739453038692 34.55590397571132 74
1739453038695 34.01300651562287 75
1739453038698 33.49032613528383 76
1739453038701 32.98637587541021 77
1739453038703 32.49968285037314 78
1739453038706 32.02881030116324 79
1739453038708 31.572380212189604 80
1739453038711 31.12909513738965 81
1739453038716 30.697757794801806 82
1739453038719 30.277287075901175 83
1739453038722 29.866729378306434 84
1739453038724 29.465264573813762 85
1739453038728 29.072206405496143 86
1739453038730 28.686997592344422 87
1739453038733 28.309200337476174 88
1739453038735 27.93848323619319 89
1739453038737 27.57460574028257 90
1739453038740 27.21740135851605 91
1739453038742 26.866760683636556 92
1739453038745 26.52261516712318 93
1739453038747 26.184922350525575 94
1739453038750 25.85365303767755 95
1739453038752 25.528780679521073 96
1739453038755 25.210273058046052 97
1739453038757 24.898086205897645 98
1739453038761 24.592160385666634 99
