1739449495591 86.82182327076683 0
1739449495595 29.28110713393653 1
1739449495598 2.8346663424309413 2
1739449495601 0.19405390023777863 3
1739449495607 0.21698124486366743 4
1739449495614 0.21468828575933352 5
1739449495617 0.07029719756211415 6
1739449495623 0.22308305433911688 7
1739449495627 0.2315492151405121 8
1739449495630 0.24302501593139708 9
1739449495633 0.18001490445681398 10
1739449495638 0.07972292491165546 11
1739449495643 0.12609776513579554 12
1739449495647 0.10435735554438555 13
1739449495649 0.0934269043234418 14
1739449495652 0.19651552944606526 15
1739449495657 0.1193347380926841 16
1739449495659 0.15457539428014755 17
1739449495662 0.13872740485023322 18
1739449495665 0.11637486706977809 19
1739449495667 0.08158233532751684 20
1739449495671 0.19097410933965772 21
1739449495675 0.1519467616361861 22
1739449495678 0.1764196994446462 23
1739449495681 0.19769629933680172 24
1739449495684 0.19763840070772254 25
1739449495689 0.09706670978720827 26
1739449495694 0.10289745344694744 27
1739449495698 0.1105212528155755 28
1739449495701 0.25512800479274195 29
1739449495705 0.12579888274572412 30
1739449495708 0.22943145844281437 31
1739449495711 0.14919760178230895 32
1739449495713 0.04858667256611834 33
1739449495716 0.19056913031064773 34
1739449495720 0.11444601770653902 35
1739449495725 0.14106481266740656 36
1739449495728 0.10236677481492353 37
1739449495730 0.13242140912455982 38
1739449495733 0.18683735196483017 39
1739449495736 0.2818850345498723 40
1739449495739 0.1637503305280449 41
1739449495742 0.18865263233359467 42
1739449495745 0.20799306677480084 43
1739449495747 0.07499479307597164 44
1739449495750 0.11971221379282289 45
1739449495754 0.281508939631407 46
1739449495758 0.06419826735124481 47
1739449495760 0.11968573344504053 48
1739449495763 0.16851122983653605 49
1739449495765 0.0869049333689434 50
1739449495769 0.1213771500601388 51
1739449495773 0.09647997374957025 52
1739449495776 0.03337908501377943 53
1739449495778 0.12614974722294434 54
1739449495781 0.19637673177742393 55
1739449495784 0.05878710260657938 56
1739449495789 0.192789138295531 57
1739449495792 0.21999769872693437 58
1739449495794 0.16755875486517616 59
1739449495797 0.1782378835137401 60
1739449495800 0.13436790319093242 61
1739449495804 0.11880415769380999 62
1739449495808 0.1891364029595301 63
1739449495811 0.16433313104914296 64
1739449495814 0.10517639217783904 65
1739449495817 0.226934765216573 66
1739449495823 0.10638256115297968 67
1739449495827 0.06425234201034564 68
1739449495830 0.17251274319664442 69
1739449495832 0.15379024710392428 70
1739449495836 0.10103784847874311 71
1739449495841 0.16743537496920813 72
1739449495844 0.15795336572644633 73
1739449495847 0.21462909155384685 74
1739449495850 0.07798736766614484 75
1739449495853 0.11038662260490409 76
1739449495857 0.1429047962161609 77
1739449495860 0.0718631553599451 78
1739449495863 0.19881625104728662 79
1739449495865 0.23970423325911122 80
1739449495868 0.1285468278920271 81
1739449495872 0.1330494402991317 82
1739449495875 0.23299929830772018 83
1739449495877 0.14664095218800857 84
1739449495880 0.17665254169219274 85
1739449495883 0.09919290815685737 86
1739449495886 0.22370614513319254 87
1739449495890 0.10400031521238752 88
1739449495893 0.19293700610936063 89
1739449495896 0.1538062853788672 90
1739449495899 0.12644193873141202 91
1739449495901 0.17230932291010337 92
1739449495905 0.14888053469087864 93
1739449495909 0.1688536039865492 94
1739449495912 0.21172281366070533 95
1739449495916 0.13233861696190077 96
1739449495923 0.16619377484033435 97
1739449495927 0.09301354390319802 98
1739449495929 0.07258081208564422 99
