1739449207005 16.954274223360656 0
1739449207009 17.857093872763325 1
1739449207013 16.336591247221385 2
1739449207017 2.6369260334296785 3
1739449207021 0.8197408365860294 4
1739449207026 0.3112519516753388 5
1739449207030 0.3128723519128327 6
1739449207033 0.31027518989424147 7
1739449207038 0.06057035694408898 8
1739449207043 0.03146270445164392 9
1739449207046 0.019265715899472444 10
1739449207049 0.128718707006236 11
1739449207054 0.081894506562314 12
1739449207058 0.09278688029224863 13
1739449207062 0.14603287930620074 14
1739449207065 0.09457856362320707 15
1739449207070 0.01721229068438498 16
1739449207075 0.06884802274892955 17
1739449207079 0.19542649021713315 18
1739449207082 0.04475372490927304 19
1739449207088 0.2518448223583084 20
1739449207092 0.11057806609322546 21
1739449207096 0.029348868987125454 22
1739449207099 0.20674039461507404 23
1739449207104 0.3547502668251865 24
1739449207109 0.16718185288779197 25
1739449207112 0.3752951328882207 26
1739449207116 0.1602689519719632 27
1739449207120 0.14194612859827355 28
1739449207125 0.01687396866130535 29
1739449207129 0.11300670913666772 30
1739449207132 0.033712251824350004 31
1739449207136 0.06257534980114124 32
1739449207141 0.1607762884096678 33
1739449207144 0.0416684870558596 34
1739449207147 0.08069849546888702 35
1739449207150 0.009561013635286091 36
1739449207154 0.23352957358663246 37
1739449207159 0.5162011458583735 38
1739449207163 0.20985124576490505 39
1739449207168 0.55155980687946 40
1739449207175 0.23950227083328002 41
