1739451178722 39.47930871692905 0
1739451178729 0.17089042077283415 1
1739451178736 0.14956425893638187 2
1739451178741 0.1976847431728465 3
1739451178749 0.11043171671792315 4
1739451178756 0.1228166004018213 5
1739451178768 0.04521619928624353 6
1739451178779 0.14197446419255041 7
1739451178792 0.25984219174857903 8
1739451178804 0.276857626642467 9
1739451178814 0.09423492083072456 10
1739451178826 0.22623206869994622 11
1739451178834 0.10878831656007185 12
1739451178840 0.2276929145498731 13
1739451178853 0.12767329334949826 14
1739451178861 0.37147275124966844 15
1739451178868 0.13811031920923825 16
1739451178872 0.1957702474226387 17
1739451178876 0.06772702612787321 18
1739451178882 0.18286701980835945 19
1739451178886 0.1283495322121201 20
1739451178890 0.11033104446267081 21
1739451178895 0.18394739868105 22
1739451178902 0.13824353443745657 23
1739451178906 0.04378469869581572 24
1739451178910 0.18971717100834423 25
1739451178917 0.11583134602960934 26
1739451178921 0.09490134602595571 27
1739451178924 0.20078774267522803 28
1739451178930 0.14667646952220292 29
1739451178935 0.047775614965320644 30
1739451178939 0.33257079072629925 31
1739451178946 0.08926937168019726 32
1739451178951 0.2278732639095756 33
1739451178955 0.18263783569920158 34
1739451178959 0.11576095416148767 35
1739451178966 0.12732731830426652 36
1739451178974 0.2909997696972526 37
1739451178981 0.14777944073772076 38
1739451178987 0.10681979583019252 39
1739451178992 0.11006449591010263 40
1739451179001 0.20274953101222096 41
1739451179007 0.16953011391571432 42
1739451179014 0.13451935688114053 43
1739451179021 0.20220176313201765 44
1739451179026 0.11906810135241949 45
1739451179033 0.13644261364390267 46
1739451179039 0.11539295892707695 47
1739451179044 0.19624818733283078 48
1739451179052 0.2580679869375744 49
1739451179057 0.24663163613147465 50
1739451179064 0.2806262476263948 51
1739451179070 0.12264485754206944 52
1739451179075 0.08400315147005603 53
1739451179083 0.19233029637733554 54
1739451179089 0.12894452045515914 55
1739451179095 0.10665255157496126 56
1739451179103 0.21009594813931512 57
1739451179108 0.19545370562663114 58
1739451179117 0.10376449871609991 59
1739451179122 0.08916282791196739 60
1739451179128 0.11390393210640197 61
1739451179136 0.14867758312763454 62
1739451179141 0.12926482776536852 63
1739451179148 0.135285412666057 64
1739451179155 0.15856203626258564 65
1739451179160 0.11832757401962224 66
1739451179170 0.09248248202010176 67
1739451179175 0.21726661866228786 68
1739451179182 0.1164077642126655 69
1739451179187 0.14630653811027766 70
1739451179190 0.08161989753502889 71
1739451179197 0.14680767463059224 72
1739451179203 0.08544699680569602 73
1739451179207 0.10584548032355265 74
1739451179212 0.187195114693346 75
1739451179218 0.13770869639971403 76
1739451179222 0.07031994812794151 77
1739451179225 0.23143566633977897 78
1739451179230 0.1710279495810386 79
1739451179235 0.24542967820712577 80
1739451179242 0.15583520079522992 81
1739451179250 0.16720236687881598 82
1739451179255 0.10958377321409751 83
1739451179258 0.1088776533592313 84
1739451179265 0.17046371777976277 85
1739451179270 0.19798150963625635 86
1739451179273 0.16613785478081483 87
1739451179278 0.1923162366556205 88
1739451179284 0.08483712065495139 89
1739451179288 0.277115108255025 90
1739451179292 0.1321868166832202 91
1739451179299 0.12332343929035959 92
1739451179304 0.1795429585365139 93
1739451179308 0.21520709764141718 94
1739451179315 0.3309106631336229 95
1739451179321 0.09037876186749752 96
1739451179325 0.12465299556598368 97
1739451179332 0.20064661861346023 98
1739451179337 0.11722239265635788 99
