1739449811049 106.79849878000446 0
1739449811056 50.290438852211224 1
1739449811062 15.540214388948812 2
1739449811066 1.1563447740643726 3
1739449811072 0.09662261286446454 4
1739449811078 0.2192725984328524 5
1739449811082 0.1345895218237199 6
1739449811088 0.06538069860217834 7
1739449811097 0.12134796912971871 8
1739449811103 0.12854246175591882 9
1739449811109 0.15978040779664454 10
1739449811113 0.14141432280484362 11
1739449811118 0.21163581700459044 12
1739449811124 0.1176852682996518 13
1739449811130 0.16643279298318295 14
1739449811134 0.1213048603568917 15
1739449811139 0.08014832921116095 16
1739449811145 0.09568697779730329 17
1739449811149 0.2167288033037226 18
1739449811155 0.17997719458847028 19
1739449811161 0.16705718143628354 20
1739449811167 0.10094147020791755 21
1739449811174 0.18268592152578061 22
1739449811178 0.20629764577274382 23
1739449811183 0.17083917889944997 24
1739449811190 0.112855597725084 25
1739449811195 0.1522428390671872 26
1739449811200 0.1377268459229779 27
1739449811206 0.19622784566950213 28
1739449811211 0.15103111576186173 29
1739449811216 0.22847749551103744 30
