1739449619575 164.50712441182318 0
1739449619579 166.37336569117457 1
1739449619585 144.372189133553 2
1739449619589 137.57501273413126 3
1739449619592 128.59733213191154 4
1739449619595 115.90631557038668 5
1739449619598 110.4524451525055 6
1739449619603 104.11553786597837 7
1739449619606 93.97479111832138 8
1739449619610 90.24814683363498 9
1739449619613 84.17445254190919 10
1739449619618 71.5885149208834 11
1739449619626 73.39744050604382 12
1739449619634 64.79439482460263 13
1739449619641 54.73122099999339 14
1739449619647 50.465071629798395 15
1739449619654 44.157484037237815 16
1739449619662 39.129071289892664 17
1739449619666 36.75900382647778 18
1739449619671 30.249706802483047 19
1739449619679 24.870657754318593 20
1739449619685 22.60590449337847 21
1739449619688 18.390909560484346 22
1739449619691 15.703823603908237 23
1739449619694 14.43167911017136 24
1739449619698 10.260886595425509 25
1739449619703 8.165292953935936 26
1739449619706 5.592616571920004 27
1739449619709 4.135227541287504 28
1739449619712 2.5601495317970495 29
1739449619716 1.609666379342411 30
1739449619719 0.7823982613767222 31
1739449619722 0.6343004918988517 32
1739449619724 0.25722018935479357 33
1739449619727 0.21328676910900754 34
1739449619732 0.14238299428772302 35
1739449619735 0.128070481485417 36
1739449619738 0.0689924561544318 37
1739449619740 0.23021547481134125 38
1739449619743 0.0712894716765028 39
1739449619746 0.1555656603962414 40
1739449619750 0.1575983805358318 41
1739449619753 0.12095914088702078 42
1739449619756 0.07554174360690799 43
1739449619759 0.12746111222569254 44
1739449619762 0.07250259181090499 45
1739449619766 0.11049435784843485 46
