1739451663179 168.92543757006746 0
1739451663182 167.9346042416522 1
1739451663186 166.94627710984824 2
1739451663191 165.96144111435996 3
1739451663195 164.98038641423662 4
1739451663198 164.00319789171988 5
1739451663200 163.02989982714323 6
1739451663205 162.06049861277972 7
1739451663209 161.0949953571183 8
1739451663211 160.13338960281814 9
1739451663214 159.17568042299428 10
1739451663216 158.22186674429324 11
1739451663221 157.27194744199448 12
1739451663225 156.3259213679142 13
1739451663228 155.38378735850733 14
1739451663230 154.4455442371348 15
1739451663233 153.51119081461073 16
1739451663239 152.5807258892408 17
1739451663243 151.65414824670952 18
1739451663245 150.73145665991996 19
1739451663248 149.81264988881807 20
1739451663250 148.89772668020976 21
1739451663256 147.98668576757353 22
1739451663258 147.0795258708697 23
1739451663261 146.1762456963459 24
1739451663263 145.27684393633916 25
1739451663266 144.38131926907457 26
1739451663270 143.48967035846007 27
1739451663274 142.6018958538777 28
1739451663277 141.71799438997093 29
1739451663280 140.83796458642854 30
1739451663282 139.96180504776396 31
1739451663286 139.08951436309104 32
1739451663291 138.22109110589554 33
1739451663294 137.3565338338025 34
1739451663296 136.49584108833912 35
1739451663299 135.63901139469365 36
1739451663302 134.78604326146933 37
1739451663307 133.93693518043415 38
1739451663311 133.0916856262657 39
1739451663313 132.25029305629138 40
1739451663316 131.41275591022364 41
1739451663321 130.57907260989035 42
1739451663326 129.74924155895985 43
1739451663328 128.9232611426611 44
1739451663330 128.10112972749823 45
1739451663333 127.2828456609598 46
1739451663339 126.46840727122243 47
1739451663344 125.65781286684883 48
1739451663346 124.85106073647994 49
1739451663349 124.048149148521 50
1739451663353 123.24907635082187 51
1739451663357 122.45384057035085 52
1739451663360 121.66244001286223 53
1739451663363 120.8748728625572 54
1739451663366 120.09113728173863 55
1739451663372 119.31123141045816 56
1739451663375 118.53515336615725 57
1739451663379 117.76290124330052 58
1739451663383 116.99447311300196 59
1739451663388 116.2298670226438 60
1739451663393 115.46908099548766 61
1739451663395 114.71211303027792 62
1739451663398 113.95896110083709 63
1739451663401 113.20962315565306 64
1739451663406 112.46409711745802 65
1739451663409 111.72238088279883 66
1739451663412 110.98447232159839 67
1739451663414 110.25036927670862 68
1739451663417 109.52006956345355 69
1739451663422 108.79357096916377 70
1739451663425 108.07087125270063 71
1739451663428 107.35196814397113 72
1739451663430 106.63685934343239 73
1739451663433 105.9255425215859 74
1739451663438 105.21801531846152 75
1739451663442 104.51427534309023 76
1739451663445 103.81432017296606 77
1739451663447 103.11814735349674 78
1739451663450 102.42575439744276 79
1739451663454 101.73713878434428 80
1739451663457 101.05229795993641 81
1739451663460 100.37122933555146 82
1739451663463 99.69393028750895 83
1739451663465 99.02039815649219 84
1739451663468 98.35063024691169 85
1739451663473 97.68462382625484 86
1739451663476 97.02237612442151 87
1739451663479 96.36388433304536 88
1739451663481 95.70914560480031 89
1739451663484 95.0581570526921 90
1739451663489 94.41091574933422 91
1739451663492 93.76741872620819 92
1739451663494 93.1276629729075 93
1739451663497 92.49164543636499 94
1739451663499 91.85936302006328 95
1739451663504 91.2308125832276 96
1739451663507 90.605990940001 97
1739451663510 89.98489485860105 98
1739451663512 89.36752106045789 99
