1739451611286 35.32858686970657 0
1739451611297 0.09271009365841613 1
1739451611304 0.08281338829370807 2
1739451611313 0.06388405939922179 3
1739451611319 0.2011965872500324 4
1739451611325 0.14275345538938417 5
1739451611331 0.058848910044403 6
1739451611337 0.12460374385006391 7
1739451611344 0.13346366676054197 8
1739451611350 0.22152652979423756 9
1739451611355 0.12188216726169615 10
1739451611361 0.18665457085679996 11
1739451611366 0.08615535867733039 12
1739451611370 0.13149865398348842 13
1739451611375 0.09405666788866035 14
1739451611381 0.08744030478584862 15
1739451611387 0.13195575497265 16
1739451611394 0.08616689719032976 17
1739451611399 0.17350201464569742 18
1739451611403 0.09989935820573403 19
1739451611409 0.13512020280744658 20
1739451611413 0.14784953474859516 21
1739451611416 0.06650777860350791 22
1739451611420 0.07518046467882813 23
1739451611425 0.1906253037870636 24
1739451611430 0.10959137990408321 25
1739451611434 0.1502791566851005 26
1739451611439 0.1720507284667158 27
1739451611446 0.07516305491993992 28
1739451611451 0.0896996865913613 29
1739451611456 0.19476107640753354 30
1739451611462 0.09351084943183843 31
1739451611466 0.1906704063644593 32
1739451611470 0.07379187292476135 33
1739451611477 0.1587933457701768 34
1739451611482 0.13718553798604619 35
1739451611486 0.07901087123984499 36
1739451611492 0.0981146992189292 37
1739451611496 0.15200183276079626 38
1739451611500 0.17099074417150792 39
1739451611505 0.14722481240047053 40
1739451611511 0.12703168070322943 41
1739451611515 0.3390427451097758 42
1739451611519 0.1099844043678807 43
1739451611527 0.16348837996943355 44
1739451611531 0.08646311796358178 45
1739451611535 0.12565051041821565 46
1739451611542 0.19004948574578617 47
