1739451684948 168.91407275456154 0
1739451684953 167.70070826031963 1
1739451684957 166.05204478451284 2
1739451684960 164.0617759280521 3
1739451684963 161.80673112015458 4
1739451684965 159.3493884679972 5
1739451684970 156.7402300752709 6
1739451684973 154.01984032406128 7
1739451684977 151.22071591800608 8
1739451684979 148.3687935014352 9
1739451684982 145.48471902349118 10
1739451684989 142.58489051884993 11
1739451684994 139.6823074074594 12
1739451684997 136.7872576568153 13
1739451685002 133.9078709041047 14
1739451685007 131.05056187785667 15
1739451685011 128.2203847232837 16
1739451685014 125.4213153915801 17
1739451685018 122.65647621592785 18
1739451685023 119.92831419370631 19
1739451685026 117.23874230697795 20
1739451685028 114.58925140121767 21
1739451685030 111.9809986567296 22
1739451685033 109.41487747903591 23
1739451685038 106.89157265791961 24
1739451685041 104.41160385913 25
1739451685044 101.9753598830623 26
1739451685046 99.58312562154175 27
1739451685049 97.2351032427214 28
1739451685056 94.93142881496017 29
1739451685060 92.67218532702432 30
1739451685064 90.45741286081469 31
1739451685069 88.28711651340258 32
1739451685073 86.1612725389066 33
1739451685077 84.07983308082112 34
1739451685079 82.04272978635714 35
1739451685081 80.04987653183434 36
1739451685085 78.10117143871284 37
1739451685089 76.19649832073527 38
1739451685093 74.3357276716867 39
1739451685095 72.51871727874982 40
1739451685097 70.74531252697261 41
1739451685101 69.01534644489205 42
1739451685106 67.32863952902318 43
1739451685109 65.68499937504902 44
1739451685111 64.08422013560765 45
1739451685113 62.5260818181485 46
1739451685116 61.010349431100316 47
1739451685121 59.53677198230353 48
1739451685124 58.10508133012652 49
1739451685127 56.71499088476978 50
1739451685130 55.36619415487648 51
1739451685135 54.05836313266632 52
1739451685140 52.79114650939044 53
1739451685143 51.564167712010075 54
1739451685146 50.37702275172727 55
1739451685150 49.22927787549304 56
1739451685157 48.12046701311113 57
1739451685161 47.05008901534894 58
1739451685164 46.01760468296369 59
1739451685168 45.022433593266534 60
1739451685172 44.06395074041793 61
1739451685176 43.141483018836915 62
1739451685178 42.25430559678663 63
1739451685181 41.40163825030409 64
1739451685185 40.582641757068764 65
1739451685189 39.79641448624236 66
1739451685192 39.04198936395837 67
1739451685195 38.31833144429811 68
1739451685197 37.624336370116346 69
1739451685200 36.95883006272094 70
1739451685206 36.32057002713191 71
1739451685209 35.708248690147016 72
1739451685211 35.120499188232216 73
1739451685214 34.55590397571132 74
1739451685217 34.01300651562286 75
1739451685222 33.49032613528382 76
1739451685225 32.986375875410204 77
1739451685228 32.49968285037314 78
1739451685230 32.02881030116324 79
1739451685233 31.572380212189604 80
1739451685238 31.129095137389644 81
1739451685241 30.697757794801806 82
1739451685244 30.277287075901167 83
1739451685246 29.866729378306424 84
1739451685249 29.465264573813766 85
1739451685256 29.072206405496143 86
1739451685260 28.686997592344422 87
1739451685262 28.309200337476177 88
1739451685265 27.93848323619319 89
1739451685269 27.57460574028257 90
1739451685273 27.21740135851605 91
1739451685276 26.866760683636553 92
1739451685278 26.522615167123174 93
1739451685281 26.184922350525575 94
1739451685285 25.853653037677546 95
1739451685289 25.52878067952108 96
1739451685292 25.210273058046052 97
1739451685294 24.898086205897645 98
1739451685296 24.592160385666627 99
