1739450180873 112.93150874503577 0
1739450180876 65.70400621055425 1
1739450180880 32.19328224415623 2
1739450180886 8.931159999554765 3
1739450180890 0.5437559132078904 4
1739450180894 0.18640372898439617 5
1739450180897 0.1619090221523142 6
1739450180903 0.12987475016530622 7
1739450180907 0.12882861173279098 8
1739450180910 0.08900833517529508 9
1739450180913 0.1309032366049395 10
1739450180920 0.17185285021579272 11
1739450180925 0.15781966167746697 12
1739450180928 0.11010899103391962 13
1739450180934 0.1917398605957104 14
