1739448865267 134.69477075360336 0
1739448865272 136.4604560439458 1
1739448865276 96.91045933988636 2
1739448865278 84.37553594007198 3
1739448865281 66.82253109046337 4
1739448865285 46.26630734614639 5
1739448865292 36.1374310804899 6
1739448865297 24.962439067824526 7
1739448865300 14.496054614950065 8
1739448865304 7.983396840325255 9
1739448865310 3.771170184545076 10
1739448865313 0.674387469422618 11
1739448865316 0.09984717057658363 12
1739448865319 0.6822230917832949 13
1739448865323 0.11791867647395374 14
1739448865326 0.023660256789595643 15
1739448865328 0.29621326580022594 16
1739448865331 0.042016190346474094 17
1739448865334 0.5691063141016144 18
1739448865338 0.018247223746311176 19
1739448865341 0.15477176356472752 20
