1739451667224 169.01961904378464 0
1739451667227 168.75943079958154 1
1739451667229 168.31757193000527 2
1739451667232 167.74920962742956 3
1739451667235 167.09303176434958 4
1739451667239 166.3761338795186 5
1739451667243 165.61747524400533 6
1739451667245 164.8303134828832 7
1739451667247 164.02391504183637 8
1739451667249 163.2047546553613 9
1739451667255 162.37735538558906 10
1739451667258 161.54487640407672 11
1739451667261 160.70952400604918 12
1739451667263 159.87283888924816 13
1739451667266 159.0358968846157 14
1739451667271 158.19944918187812 15
1739451667275 157.36402027226765 16
1739451667278 156.52997635041606 17
1739451667280 155.69757308145608 18
1739451667283 154.86698895626324 19
1739451667288 154.03834858204664 20
1739451667292 153.21173894468194 21
1739451667295 152.3872207633792 22
1739451667298 151.56483641857338 23
1739451667301 150.7446154871329 24
1739451667306 149.92657860696113 25
1739451667309 149.11074017517433 26
1739451667312 148.2971102318898 27
1739451667314 147.48569577541977 28
1739451667316 146.6765016804845 29
1739451667322 145.86953133926568 30
1739451667325 145.06478710895598 31
1739451667328 144.2622706242119 32
1739451667331 143.46198301528932 33
1739451667333 142.66392506033003 34
1739451667339 141.86809729167754 35
1739451667343 141.0745000700982 36
1739451667346 140.2831336365963 37
1739451667348 139.49399814858657 38
1739451667352 138.70709370514672 39
1739451667357 137.92242036464597 40
1739451667360 137.13997815705167 41
1739451667362 136.35976709252031 42
1739451667365 135.58178716739482 43
1739451667368 134.80603836839126 44
1739451667373 134.0325206755212 45
1739451667376 133.2612340641321 46
1739451667379 132.49217850633136 47
1739451667381 131.72535397198035 48
1739451667384 130.9607604293887 49
1739451667389 130.1983978457984 50
1739451667393 129.43826618772218 51
1739451667396 128.68036542117954 52
1739451667398 127.9246955118614 53
1739451667401 127.1712564252453 54
1739451667406 126.42004812667551 55
1739451667410 125.67107058141923 56
1739451667412 124.92432375470567 57
1739451667415 124.17980761175326 58
1739451667417 123.437522117789 59
1739451667422 122.69746723806146 60
1739451667426 121.95964293785028 61
1739451667429 121.22404918247258 62
1739451667432 120.49068593728757 63
1739451667435 119.75955316769965 64
1739451667440 119.03065083916073 65
1739451667443 118.30397891717155 66
1739451667445 117.57953736728321 67
1739451667447 116.85732615509741 68
1739451667449 116.13734524626744 69
1739451667454 115.4195946064983 70
1739451667457 114.70407420154697 71
1739451667460 113.99078399722282 72
1739451667462 113.27972395938761 73
1739451667464 112.57089405395548 74
1739451667466 111.8642942468933 75
1739451667471 111.15992450422047 76
1739451667474 110.4577847920092 77
1739451667477 109.75787507638435 78
1739451667479 109.06019532352356 79
1739451667481 108.36474549965733 80
1739451667484 107.67152557106891 81
1739451667490 106.98053550409452 82
1739451667493 106.29177526512314 83
1739451667496 105.60524482059674 84
1739451667498 104.92094413701015 85
1739451667500 104.23887318091124 86
1739451667505 103.55903191890079 87
1739451667507 102.88142031763257 88
1739451667510 102.20603834381345 89
1739451667512 101.53288596420323 90
1739451667515 100.86196314561487 91
1739451667517 100.19326985491438 92
1739451667523 99.5268060590209 93
1739451667526 98.8625717249067 94
1739451667528 98.2005668195972 95
1739451667530 97.54079131017104 96
1739451667533 96.88324516376005 97
1739451667539 96.22792834754932 98
1739451667543 95.57484082877716 99
