1739451674157 168.91407275456154 0
1739451674160 166.92140824469246 1
1739451674163 164.85687743730605 2
1739451674165 162.74862808252186 3
1739451674170 160.61633057098567 4
1739451674175 158.4736814749699 5
1739451674180 156.3301924629449 6
1739451674183 154.1924555590783 7
1739451674187 152.06503179788277 8
1739451674191 149.9510723432713 9
1739451674194 147.85275112850638 10
1739451674197 145.7715654723574 11
1739451674199 143.708544587746 12
1739451674204 141.6643940139869 13
1739451674208 139.63959556445317 14
1739451674211 137.63447643737234 15
1739451674213 135.64925697410922 16
1739451674215 133.68408364462005 17
1739451674220 131.73905181887065 18
1739451674224 129.81422147980996 19
1739451674226 127.90962806059848 20
1739451674229 126.02528991498336 21
1739451674231 124.16121346342118 22
1739451674234 122.31739673507214 23
1739451674238 120.49383180288392 24
1739451674241 118.69050645496492 25
1739451674245 116.90740533906738 26
1739451674249 115.14451074354503 27
1739451674252 113.40180312744457 28
1739451674257 111.67926147739519 29
1739451674262 109.97686354481633 30
1739451674266 108.29458600030878 31
1739451674274 106.63240453060692 32
1739451674280 104.99029389554914 33
1739451674286 103.36822795706334 34
1739451674292 101.76617968839886 35
1739451674296 100.18412116924215 36
1739451674302 98.62202357056259 37
1739451674307 97.07985713180312 38
1739451674311 95.55759113217718 39
1739451674316 94.0551938572462 40
1739451674323 92.5726325615446 41
1739451674326 91.10987342773733 42
1739451674330 89.66688152259711 43
1739451674335 88.24362074995167 44
1739451674340 86.84005380065251 45
1739451674346 85.45614209954635 46
1739451674349 84.09184574937895 47
1739451674354 82.74712347152143 48
1739451674358 81.42193254337926 49
1739451674362 80.11622873231802 50
1739451674365 78.82996622591985 51
1739451674369 77.56309755836473 52
1739451674374 76.31557353271354 53
1739451674378 75.08734313885252 54
1739451674382 73.87835346684341 55
1739451674387 72.68854961540552 56
1739451674391 71.51787459524189 57
1739451674395 70.36626922690304 58
1739451674398 69.23367203286729 59
1739451674402 68.12001912349896 60
1739451674408 67.0252440765307 61
1739451674412 65.94927780969917 62
1739451674415 64.89204844614983 63
1739451674418 63.853481172211175 64
1739451674423 62.833498087127595 65
1739451674427 61.83201804432916 66
1739451674429 60.84895648380969 67
1739451674432 59.88422525518066 68
1739451674436 58.93773243097018 69
1739451674441 58.00938210974319 70
1739451674444 57.09907420863428 71
1739451674447 56.20670424490886 72
1739451674449 55.33216310620413 73
1739451674453 54.47533680915126 74
1739451674458 53.63610624614719 75
1739451674461 52.81434692013127 76
1739451674464 52.00992866733344 77
1739451674466 51.22271536810102 78
1739451674471 50.45256464608439 79
1739451674475 49.69932755627568 80
1739451674479 48.962848262653424 81
1739451674481 48.24296370649739 82
1739451674486 47.53950326680987 83
1739451674491 46.85228841471825 84
1739451674495 46.18113236424821 85
1739451674498 45.52583972245305 86
1739451674502 44.886206142570806 87
1739451674507 44.26201798465887 88
1739451674510 43.6530519890311 89
1739451674513 43.05907496879041 90
1739451674515 42.47984352880484 91
1739451674520 41.91510381960221 92
1739451674524 41.364591335834376 93
1739451674528 40.82803077015087 94
1739451674530 40.30513593447477 95
1739451674532 39.79560976172622 96
1739451674536 39.299144401907675 97
1739451674541 38.81542142704999 98
1739451674544 38.344112159702334 99
