1739449496277 81.42569633547419 0
1739449496280 25.116691634068296 1
1739449496283 1.6357146547892907 2
1739449496289 0.20200528244732535 3
1739449496293 0.3183217086455635 4
1739449496297 0.18930184965178412 5
1739449496299 0.22439425687975492 6
1739449496303 0.07110658437546176 7
1739449496308 0.1366732287516555 8
1739449496311 0.12872398914132385 9
1739449496314 0.33743445473403294 10
1739449496317 0.06763788585881983 11
1739449496321 0.20925157775309408 12
1739449496327 0.2289338965791274 13
1739449496330 0.08339835644639855 14
1739449496333 0.1082831365115367 15
1739449496338 0.2811867793169049 16
1739449496343 0.10939686528690035 17
1739449496347 0.12726217407348459 18
1739449496349 0.07500428029058974 19
1739449496353 0.1165060210913514 20
1739449496357 0.17137238537474517 21
1739449496362 0.09506255959488624 22
1739449496365 0.06296459603187968 23
1739449496368 0.38831281707131365 24
1739449496373 0.2060951568421387 25
1739449496377 0.10573295263134257 26
1739449496381 0.18186780764666938 27
1739449496384 0.1935715860102239 28
1739449496388 0.154006763710431 29
1739449496392 0.2100553267247187 30
1739449496396 0.1370186304130556 31
1739449496399 0.13606816267168664 32
1739449496403 0.12979002675326498 33
1739449496409 0.053485671909887234 34
1739449496413 0.21761110622229943 35
1739449496416 0.18443306020037947 36
1739449496420 0.20155943352749642 37
1739449496424 0.2122729625214182 38
1739449496428 0.20516050513425635 39
1739449496431 0.07940579917889617 40
1739449496435 0.19529766018026581 41
1739449496439 0.0798591147206789 42
1739449496443 0.20792402744855243 43
1739449496446 0.07900916209432571 44
1739449496449 0.08893638949664562 45
1739449496453 0.14163789554866546 46
1739449496457 0.12398706164896078 47
1739449496461 0.16522252813239932 48
1739449496464 0.1015176518258227 49
1739449496469 0.2214760269266885 50
1739449496473 0.1246377761076255 51
1739449496477 0.30036347755766934 52
1739449496481 0.2071104863371293 53
1739449496485 0.08434717643551767 54
1739449496490 0.16286163250377175 55
1739449496495 0.09020834064515493 56
1739449496498 0.08696111838877761 57
1739449496501 0.13349769000511716 58
1739449496506 0.07846004477943588 59
1739449496510 0.1524461643593003 60
1739449496514 0.15313807635341065 61
1739449496517 0.24721794645401754 62
1739449496521 0.11599305866955316 63
1739449496525 0.10066941754369962 64
1739449496529 0.0883285743970596 65
1739449496532 0.15752098368947717 66
