1739451684586 168.92543757006746 0
1739451684590 167.7576075687896 1
1739451684593 166.1358905261222 2
1739451684596 164.15773969185517 3
1739451684598 161.9031405582439 4
1739451684603 159.43718025815016 5
1739451684607 156.8124732756768 6
1739451684610 154.07133174299656 7
1739451684613 151.24764282008258 8
1739451684616 148.36845614344955 9
1739451684622 145.45530465532795 10
1739451684626 142.52529068907376 11
1739451684630 139.59197113864278 12
1739451684634 136.66607398934042 13
1739451684639 133.75607527506455 14
1739451684642 130.8686617131419 15
1739451684645 128.00910043443767 16
1739451684647 125.18153367098272 17
1739451684651 122.38921311595757 18
1739451684656 119.6346859669043 19
1739451684659 116.9199423872106 20
1739451684661 114.24653223334421 21
1739451684664 111.61565734662965 22
1739451684668 109.02824444805518 23
1739451684672 106.48500265540045 24
1739451684675 103.98646882177783 25
1739451684678 101.53304323716901 26
1739451684680 99.12501770905874 27
1739451684683 96.76259761933373 28
1739451684689 94.4459192212851 29
1739451684692 92.17506317575675 30
1739451684694 89.95006511539913 31
1739451684697 87.77092385948481 32
1739451684700 85.6376077698849 33
1739451684706 83.55005963444647 34
1739451684709 81.50820038145093 35
1739451684711 79.51193186352958 36
1739451684714 77.5611388977582 37
1739451684717 75.6556907077795 38
1739451684722 73.79544188144196 39
1739451684725 71.98023293179187 40
1739451684728 70.20989052889145 41
1739451684730 68.48422745372986 42
1739451684733 66.80304231255943 43
1739451684739 65.16611903962294 44
1739451684742 63.573226207891224 45
1739451684744 62.0241161606725 46
1739451684747 60.51852397145577 47
1739451684750 59.056166234857564 48
1739451684755 57.63673968787336 49
1739451684759 56.259919657668334 50
1739451684762 54.92535832980939 51
1739451684764 53.63268282912806 52
1739451684768 52.38149310435542 53
1739451684774 51.171359607389086 54
1739451684776 50.00182075871397 55
1739451684779 48.87238019236192 56
1739451684781 47.782503777211886 57
1739451684789 46.73161641687241 58
1739451684793 45.7190986384439 59
1739451684796 44.74428299186239 60
1739451684799 43.80645029714377 61
1739451684806 42.904825797648414 62
1739451684810 42.03857530448082 63
1739451684813 41.20680145123848 64
1739451684817 40.4085402201213 65
1739451684823 39.64275794982301 66
1739451684825 38.9083490913878 67
1739451684828 38.2041350372425 68
1739451684831 37.528864405243695 69
1739451684836 36.88121520489516 70
1739451684840 36.2597993343794 71
1739451684843 35.66316983904184 72
1739451684846 35.08983128739294 73
1739451684848 34.538253474542685 74
1739451684852 34.006888437517055 75
1739451684858 33.494190467777564 76
1739451684861 32.998638457669536 77
1739451684863 32.51875956370985 78
1739451684866 32.05315287023977 79
1739451684872 31.600511555445408 80
1739451684875 31.15964204890787 81
1739451684877 30.72947884789048 82
1739451684880 30.309094012733897 83
1739451684883 29.89770083792119 84
1739451684888 29.494651718770587 85
1739451684891 29.09943072378936 86
1739451684893 28.71164177287267 87
1739451684896 28.330993571460983 88
1739451684898 27.957282550038535 89
1739451684902 27.59037502204999 90
1739451684906 27.230189633088656 91
1739451684909 26.87668096834378 92
1739451684912 26.529824950486127 93
1739451684914 26.189606426354423 94
1739451684918 25.856009128999858 95
1739451684922 25.52900802412182 96
1739451684925 25.208563911742893 97
1739451684928 24.89462005501561 98
1739451684930 24.58710054503132 99
