1739452048120 37.523757241883715 0
1739452048125 0.21245104198401873 1
1739452048131 0.22892752011436718 2
1739452048138 0.1013544465533508 3
1739452048142 0.11597329009776969 4
1739452048147 0.1080054271665072 5
1739452048154 0.21944901095014288 6
1739452048158 0.14402123952499743 7
1739452048165 0.15086865833838115 8
1739452048174 0.13449224277357932 9
1739452048178 0.12552096369224722 10
1739452048186 0.19700042533978682 11
1739452048191 0.2820870837951346 12
1739452048197 0.14823738461137018 13
1739452048205 0.08961999601595855 14
1739452048211 0.13200856201734765 15
1739452048216 0.10142227341095429 16
1739452048223 0.1651638717141875 17
1739452048229 0.17341663350412503 18
1739452048240 0.16499857417590685 19
1739452048248 0.16146605265245884 20
1739452048256 0.08162051514740856 21
1739452048264 0.08838219700504432 22
1739452048271 0.11825223324025139 23
1739452048278 0.08325335431435961 24
1739452048285 0.06880947472691876 25
1739452048292 0.061819576321721664 26
1739452048298 0.16132969378572123 27
1739452048307 0.20846956960163868 28
1739452048313 0.14647106549745056 29
1739452048320 0.13282651642487714 30
1739452048328 0.06710210963743819 31
1739452048335 0.18441539356551517 32
1739452048342 0.10986869008269606 33
1739452048349 0.12050576495914174 34
1739452048355 0.12126195820611475 35
1739452048362 0.31233317810122996 36
1739452048369 0.0756618456483012 37
1739452048376 0.08636345299404317 38
