1739450787686 119.80380198878376 0
1739450787691 77.49746324777077 1
1739450787694 52.43237019983502 2
1739450787697 38.80412213512547 3
1739450787703 36.63456200775435 4
1739450787707 28.9571355023161 5
1739450787711 23.312602251740778 6
1739450787716 17.485956441424214 7
1739450787721 13.796918916788032 8
1739450787725 13.767036835944696 9
1739450787729 9.785821303568142 10
1739450787734 7.642433178883023 11
1739450787739 8.641389462265701 12
1739450787743 9.771167061704089 13
1739450787746 6.669224195311358 14
1739450787751 2.3652042413737475 15
1739450787756 4.257957721344609 16
1739450787759 3.364030621426875 17
1739450787762 1.676832785465908 18
1739450787768 2.0441673286361928 19
1739450787773 1.3235346497505471 20
1739450787776 0.47822569833448225 21
1739450787779 1.1700355714212216 22
1739450787784 0.4963285322408566 23
1739450787788 0.5050976956821827 24
1739450787792 0.2821608120442684 25
1739450787795 0.4231688569819507 26
1739450787799 0.22123875602474116 27
1739450787804 0.24915996227623904 28
1739450787808 0.2776197142580766 29
1739450787811 0.33594554779841224 30
1739450787816 0.21203595432802635 31
1739450787822 0.12152812016962855 32
1739450787825 0.2438414173935461 33
1739450787829 0.16102764223983973 34
1739450787834 0.1339706092468643 35
1739450787839 0.22815685264252558 36
1739450787842 0.2472521899319953 37
1739450787846 0.10810725055574927 38
