1739451652557 168.9111973065381 0
1739451652560 168.05047359434735 1
1739451652562 167.19215455444282 2
1739451652564 166.33665346729933 3
1739451652566 165.48405106193036 4
1739451652571 164.63436267117376 5
1739451652576 163.78759077146785 6
1739451652579 162.94373530898343 7
1739451652581 162.10279572830078 8
1739451652583 161.26477137078535 9
1739451652586 160.4296615527461 10
1739451652591 159.59746558071836 11
1739451652593 158.7681827544045 12
1739451652596 157.94181236719243 13
1739451652598 157.1183537061976 14
1739451652600 156.2978060522112 15
1739451652604 155.48016867962878 16
1739451652607 154.66544085637423 17
1739451652610 153.8536218438218 18
1739451652612 153.04471089671716 19
1739451652614 152.23870726309667 20
1739451652617 151.43561018420598 21
1739451652624 150.6354188944171 22
1739451652628 149.8381326211441 23
1739451652630 149.04375058475807 24
1739451652632 148.2522719985 25
1739451652634 147.463696068393 26
1739451652639 146.67802199315278 27
1739451652641 145.89524896409694 28
1739451652644 145.11537616505277 29
1739451652647 144.33840277226366 30
1739451652649 143.56432795429404 31
1739451652651 142.79315087193282 32
1739451652655 142.0248706780954 33
1739451652658 141.25948651772404 34
1739451652661 140.49699752768677 35
1739451652663 139.73740283667462 36
1739451652665 138.98070156509732 37
1739451652667 138.22689282497717 38
1739451652674 137.4759757198416 39
1739451652677 136.72794934461345 40
1739451652680 135.98281278550007 41
1739451652682 135.2405651198803 42
1739451652685 134.5012054161898 43
1739451652691 133.7647327338043 44
1739451652693 133.0311461229213 45
1739451652695 132.3004446244397 46
1739451652698 131.57262726983728 47
1739451652700 130.84769308104657 48
1739451652704 130.12564107032844 49
1739451652708 129.40647024014362 50
1739451652710 128.69017958302217 51
1739451652713 127.976768081431 52
1739451652715 127.26623470763867 53
1739451652717 126.55857842357855 54
1739451652721 125.85379818070946 55
1739451652725 125.15189291987375 56
1739451652728 124.4528615711535 57
1739451652730 123.75670305372391 58
1739451652733 123.06341627570444 59
1739451652737 122.3730001340074 60
1739451652741 121.68545351418386 61
1739451652745 121.00077529026724 62
1739451652747 120.31896432461404 63
1739451652749 119.64001946774164 64
1739451652754 118.96393955816399 65
1739451652758 118.29072342222379 66
1739451652762 117.62036987392224 67
1739451652765 116.95287771474567 68
1739451652767 116.2882457334892 69
1739451652772 115.62647270607744 70
1739451652777 114.96755739538192 71
1739451652780 114.31149855103557 72
1739451652782 113.65829490924376 73
1739451652784 113.0079451925921 74
1739451652790 112.36044810985099 75
1739451652793 111.7158023557765 76
1739451652795 111.074006610908 77
1739451652797 110.43505954136201 78
1739451652799 109.79895979862249 79
1739451652801 109.16570601932744 80
1739451652806 108.5352968250516 81
1739451652809 107.90773082208538 82
1739451652811 107.28300660120964 83
1739451652813 106.6611227374667 84
1739451652814 106.04207778992713 85
1739451652816 105.42587030145201 86
1739451652820 104.81249879845147 87
1739451652824 104.20196179063839 88
1739451652827 103.59425777077786 89
1739451652829 102.98938521443182 90
1739451652831 102.38734257969935 91
1739451652833 101.78812830695199 92
1739451652837 101.19174081856426 93
1739451652841 100.59817851863912 94
1739451652843 100.00743979272859 95
1739451652845 99.41952300754889 96
1739451652847 98.83442651069056 97
1739451652849 98.25214863032296 98
1739451652852 97.67268767489344 99
