1739451706260 39.85379008925463 0
1739451706267 0.11832687097297734 1
1739451706275 0.1899967610730607 2
1739451706282 0.10339474507512217 3
1739451706292 0.2828765301431747 4
1739451706299 0.09889681960256068 5
1739451706308 0.09879693054886418 6
1739451706315 0.0651364995946805 7
1739451706323 0.11424457825980315 8
1739451706335 0.1485183804387526 9
1739451706343 0.11174470498406737 10
1739451706351 0.13147852195237456 11
1739451706358 0.1334981449802216 12
1739451706367 0.11556085991528771 13
1739451706376 0.09385101923927172 14
