1739452041630 35.749335680710246 0
1739452041638 0.06695146749975144 1
1739452041644 0.12076318302808382 2
1739452041650 0.18140739795693112 3
1739452041659 0.10367718623046406 4
1739452041665 0.14319025858681234 5
1739452041673 0.09633154415780806 6
1739452041678 0.1945382433454418 7
1739452041684 0.16273033218015132 8
1739452041691 0.14019879248454356 9
1739452041696 0.125052409949735 10
1739452041703 0.2692005373047441 11
1739452041709 0.1365867556564666 12
1739452041714 0.10347119797589237 13
1739452041722 0.07752431929556496 14
1739452041728 0.2719737363160447 15
1739452041735 0.10794220443534049 16
1739452041741 0.14561476514933788 17
1739452041746 0.15220810277055422 18
1739452041753 0.12141777344396511 19
1739452041758 0.13759436112951343 20
1739452041763 0.07702762881652761 21
1739452041770 0.11600004222235177 22
1739452041775 0.20743412081844523 23
1739452041780 0.28241840422440895 24
1739452041787 0.09130295851924086 25
1739452041794 0.15958607470093145 26
1739452041800 0.33792706834690167 27
1739452041807 0.3648015987439028 28
1739452041815 0.10665365862537847 29
1739452041822 0.3390011298312645 30
1739452041830 0.10864267600241921 31
1739452041838 0.13827997632786224 32
1739452041844 0.1566658046937359 33
1739452041850 0.057062732626753654 34
1739452041857 0.03750628518498623 35
1739452041862 0.09622347736782089 36
1739452041868 0.0932999121545566 37
1739452041875 0.16804699905568438 38
1739452041879 0.07522115348777905 39
1739452041885 0.39523256422611586 40
1739452041891 0.2539775958976867 41
1739452041896 0.11013147724494188 42
1739452041902 0.10459415919397465 43
1739452041907 0.23828328149017622 44
1739452041912 0.16441013673935834 45
1739452041919 0.23614247181967288 46
1739452041925 0.2500205103617928 47
1739452041930 0.13175478793049283 48
1739452041937 0.10660599118824912 49
1739452041942 0.0781461826717554 50
1739452041951 0.06713998384582544 51
1739452041957 0.196904740975435 52
1739452041962 0.09036028128778624 53
1739452041969 0.0988037560885256 54
1739452041974 0.2030675984149164 55
1739452041979 0.0928192237134695 56
1739452041986 0.0459629132830389 57
1739452041992 0.07857021779330361 58
1739452041996 0.16717410138851402 59
1739452042004 0.0899371808666468 60
1739452042009 0.12301276446268658 61
1739452042015 0.13653266736737651 62
1739452042022 0.17622909428227113 63
1739452042027 0.2026114800801048 64
1739452042033 0.13543456047252841 65
1739452042039 0.20147336510137048 66
1739452042044 0.18761513642286715 67
1739452042049 0.10864514067515305 68
1739452042056 0.22225012989244503 69
1739452042061 0.2740587482181849 70
1739452042067 0.1293127970348625 71
1739452042073 0.10291639399960381 72
1739452042078 0.15848358216981348 73
1739452042086 0.06057990376472486 74
1739452042091 0.13250629401898348 75
1739452042096 0.19916753812275978 76
1739452042105 0.22040090236983415 77
1739452042111 0.09395398887979904 78
1739452042118 0.05706531374231976 79
1739452042125 0.1416495907627464 80
1739452042130 0.11338198549426518 81
1739452042137 0.09234336168114117 82
1739452042143 0.15146907215280223 83
1739452042148 0.10722687352282645 84
1739452042155 0.30093695119064645 85
1739452042161 0.1588423961122735 86
1739452042169 0.05904437774127315 87
1739452042175 0.1966136980397846 88
1739452042181 0.16369717182008092 89
1739452042188 0.1992820740581776 90
1739452042193 0.16980771460193542 91
1739452042200 0.09281497596313083 92
1739452042207 0.26229269962223406 93
1739452042213 0.15238213832196731 94
1739452042221 0.06813484554416462 95
1739452042228 0.11737810574073937 96
1739452042236 0.18094247933150673 97
1739452042244 0.20116876633550596 98
1739452042252 0.10793946336917781 99
