1739449386396 78.27642471522151 0
1739449386400 21.204868850253387 1
1739449386402 0.6067257681690077 2
1739449386405 0.027992391136748614 3
1739449386408 0.04047276692570058 4
1739449386412 0.11178920781485117 5
1739449386415 0.7153970069707489 6
1739449386418 0.07221415242473614 7
1739449386420 0.21488362208892603 8
1739449386423 0.1628061798419791 9
1739449386427 0.029317875911565167 10
1739449386431 0.13040019095003222 11
1739449386434 0.10632956292602634 12
1739449386437 0.055395062269082605 13
1739449386440 0.05709570467417316 14
1739449386444 0.2915282869639234 15
1739449386447 0.12536048764285604 16
1739449386450 0.06609755171000425 17
1739449386453 0.009220388741656189 18
1739449386456 0.14516742395527643 19
1739449386459 0.11093827555377593 20
1739449386463 0.4752358605941452 21
1739449386466 0.072967634770672 22
1739449386468 0.059502280323765165 23
1739449386471 0.07734645552593872 24
1739449386474 0.5158756465901138 25
1739449386478 0.3895408810066189 26
1739449386481 0.045436967088750856 27
1739449386484 0.1664535706155618 28
1739449386487 0.12505230091354982 29
1739449386490 0.05937409756071486 30
1739449386495 0.34558335861738676 31
1739449386498 0.39346372860617607 32
1739449386501 0.07523413481129601 33
1739449386503 0.19129988177604415 34
