1739452056844 41.736254117428786 0
1739452056851 0.1026119432574474 1
1739452056856 0.11251896007322489 2
1739452056861 0.12739397153519616 3
1739452056868 0.29260500956507174 4
1739452056875 0.23526058446317902 5
1739452056880 0.10149736729654539 6
1739452056887 0.12447430637154082 7
1739452056892 0.16271930659455858 8
1739452056897 0.13347170209822076 9
1739452056904 0.06950280196108312 10
1739452056909 0.13667115551449938 11
1739452056915 0.11146283201162097 12
1739452056922 0.08232675058369206 13
1739452056926 0.12081768694971481 14
1739452056931 0.1712819134206586 15
1739452056940 0.25169484666425457 16
1739452056945 0.15766646474780716 17
1739452056953 0.09623102227416958 18
1739452056958 0.15226179535625334 19
1739452056964 0.0822408845237493 20
1739452056972 0.1135756179150215 21
1739452056977 0.19826821818049994 22
1739452056984 0.09747874506458443 23
1739452056991 0.07749180863110623 24
1739452056997 0.13398295763281015 25
1739452057005 0.11403818998651079 26
1739452057010 0.040960088690640356 27
1739452057015 0.15958973534629756 28
1739452057022 0.20176072147686433 29
1739452057029 0.14375318191849115 30
1739452057038 0.05320907386608222 31
1739452057044 0.11328731950087385 32
1739452057051 0.13884240578261547 33
1739452057057 0.2409357876714438 34
1739452057061 0.1268774960373744 35
1739452057069 0.09702276476442095 36
1739452057074 0.09051157785740872 37
1739452057079 0.1559108654591296 38
1739452057086 0.21003270182419595 39
1739452057092 0.19961067757088036 40
1739452057097 0.14291550160936425 41
1739452057107 0.10944845483821337 42
1739452057116 0.11808016843967398 43
1739452057124 0.19471896293830304 44
1739452057129 0.1552220633427995 45
1739452057136 0.1623851852710691 46
1739452057142 0.3531928147535589 47
1739452057147 0.10067247103316802 48
1739452057154 0.18574542097889551 49
1739452057159 0.08498751559926337 50
1739452057166 0.10412283150812522 51
1739452057172 0.04867823627115668 52
1739452057177 0.13218191241391777 53
1739452057184 0.22420310068365912 54
1739452057190 0.1143047871575797 55
1739452057194 0.14655247786859643 56
1739452057201 0.07159109426644315 57
1739452057207 0.1795409386033994 58
1739452057211 0.10716612195695101 59
1739452057218 0.06950396795506453 60
1739452057223 0.21873544693144675 61
1739452057229 0.11819199223964978 62
1739452057237 0.17237592264944332 63
1739452057243 0.2624507546608405 64
1739452057249 0.17476151974951637 65
1739452057256 0.1255357197765779 66
1739452057261 0.27125430449031146 67
1739452057268 0.10348779521626751 68
1739452057273 0.15082562673673733 69
1739452057278 0.27322701408033506 70
1739452057285 0.1326292519807943 71
1739452057291 0.1883528974793032 72
1739452057296 0.09108458079224964 73
1739452057303 0.1485266210161089 74
1739452057309 0.07904801558072887 75
1739452057314 0.07164148784219439 76
1739452057322 0.19416063803858385 77
1739452057326 0.10992311174564728 78
1739452057332 0.18763875541060793 79
1739452057339 0.09121343018200705 80
1739452057344 0.07393335939335588 81
1739452057350 0.1213760421305453 82
1739452057357 0.10549835144576311 83
1739452057361 0.08209814189020292 84
1739452057368 0.19536079496341224 85
1739452057374 0.09262876660078469 86
1739452057378 0.05925020062604301 87
1739452057385 0.06510114793184825 88
1739452057390 0.11520171296147258 89
1739452057394 0.25543395839562766 90
1739452057401 0.08722387622342537 91
1739452057406 0.1443535049769047 92
1739452057410 0.1965302364912586 93
1739452057415 0.16178247684829053 94
1739452057421 0.14922062880398496 95
1739452057426 0.21627404049063442 96
1739452057432 0.19204249093666212 97
1739452057438 0.11697983833297318 98
1739452057443 0.17062836674736048 99
