1739449693135 45.29398117823649 0
1739449693138 19.390553820973174 1
1739449693143 10.661604524255747 2
1739449693150 8.758012012663501 3
1739449693153 4.465783425061164 4
1739449693157 1.159691825306929 5
1739449693162 0.45946181266316116 6
1739449693167 0.26025651996532095 7
1739449693170 0.13257549631829102 8
1739449693174 0.15437600151915673 9
1739449693178 0.12328579207234783 10
1739449693182 0.12434837616181695 11
1739449693186 0.1606191097180266 12
1739449693189 0.17062570911853145 13
1739449693193 0.26382428944812397 14
1739449693197 0.12313277805977553 15
1739449693200 0.11111804892885566 16
1739449693203 0.391132654196677 17
1739449693206 0.130549646299727 18
1739449693212 0.0859575065172897 19
1739449693217 0.1645534218554277 20
1739449693220 0.0828681376201896 21
1739449693223 0.18560165579622254 22
1739449693229 0.14916037920270467 23
1739449693232 0.4840381091794943 24
1739449693235 0.3386064097365494 25
1739449693238 0.14189839636045218 26
1739449693241 0.12786474151330904 27
1739449693246 0.07975063293045756 28
1739449693249 0.0975934165139006 29
1739449693252 0.06278827389672695 30
1739449693254 0.1824188409792374 31
