1739451123692 38.0785051340921 0
1739451123696 0.15792685399467354 1
1739451123702 0.23409508279871544 2
1739451123708 0.1654334224183997 3
1739451123712 0.17491986070990867 4
1739451123719 0.2077855038170533 5
1739451123725 0.15546073137102007 6
1739451123730 0.03721009657194684 7
1739451123736 0.14049171666558236 8
1739451123742 0.1701559549635401 9
1739451123747 0.16043146639123132 10
1739451123753 0.05205824686912265 11
1739451123758 0.12760722662597465 12
1739451123762 0.1930285311835045 13
1739451123769 0.17458308177166304 14
1739451123774 0.18454532186196568 15
1739451123778 0.1288945414209502 16
1739451123784 0.07041258473091803 17
1739451123790 0.146287122450514 18
1739451123794 0.19786135709013544 19
1739451123799 0.14578390441782632 20
1739451123806 0.08760120474608123 21
1739451123810 0.19482895263915706 22
1739451123815 0.22763607840282685 23
1739451123822 0.1941372277851268 24
1739451123826 0.12262305922653313 25
1739451123831 0.088241700152107 26
1739451123837 0.1025603061712309 27
1739451123842 0.16765156144526103 28
1739451123845 0.10432351886799736 29
1739451123852 0.06518776644813837 30
1739451123856 0.11163469814234521 31
1739451123860 0.12841377322260664 32
1739451123864 0.21847242377417112 33
1739451123870 0.11576426490966948 34
1739451123875 0.13624378887270025 35
1739451123880 0.26210733078933696 36
1739451123887 0.28507224411169985 37
1739451123892 0.13920179267200336 38
1739451123899 0.07669142428519916 39
1739451123906 0.1776494178593862 40
1739451123911 0.13663843434092335 41
1739451123917 0.19785810523326794 42
1739451123923 0.19553992330677636 43
1739451123927 0.10854140519598651 44
1739451123932 0.12633974962128014 45
1739451123938 0.21868363648420466 46
1739451123942 0.170841998069171 47
1739451123946 0.0814329171950077 48
1739451123953 0.13969971676235227 49
1739451123957 0.12760645598647272 50
1739451123961 0.09865211478713007 51
1739451123967 0.09019678819020138 52
1739451123973 0.0868056008861384 53
1739451123976 0.17440866091693588 54
1739451123980 0.16225808680660658 55
1739451123987 0.07471069291380956 56
1739451123991 0.09041567736570603 57
1739451123995 0.09273292515647294 58
1739451124002 0.049278797122234215 59
1739451124007 0.17011639271089227 60
1739451124011 0.12043218826907917 61
1739451124016 0.21019325293108673 62
1739451124023 0.18266125371696237 63
1739451124027 0.09553385245103867 64
1739451124032 0.2061292102005656 65
1739451124039 0.1389983125395299 66
1739451124043 0.11448784335609079 67
1739451124047 0.12636208304700633 68
1739451124053 0.16873607521272313 69
1739451124058 0.14161263468931445 70
1739451124061 0.10520280814461248 71
1739451124066 0.15863802401431903 72
1739451124073 0.07170856080454745 73
1739451124076 0.18279337235739715 74
1739451124082 0.12507644066928 75
1739451124087 0.2518793636293135 76
1739451124092 0.09777888103896566 77
1739451124095 0.1066313332447349 78
1739451124102 0.09534252529133075 79
1739451124107 0.1629117253997936 80
1739451124110 0.07647279373301615 81
1739451124115 0.21262891983840312 82
1739451124123 0.07983678824875566 83
1739451124128 0.3400860177287007 84
1739451124134 0.21913648478870962 85
1739451124140 0.24751383017898082 86
1739451124144 0.0883278964107103 87
1739451124148 0.10034707358331325 88
1739451124154 0.19430996348387616 89
1739451124158 0.10343800927562534 90
1739451124162 0.12344132494269942 91
1739451124167 0.10010642141215766 92
1739451124173 0.06871849592827738 93
1739451124177 0.0863943714666293 94
1739451124182 0.17113691934845934 95
1739451124188 0.19071899406239295 96
1739451124192 0.12321216104964502 97
1739451124196 0.15244533021191536 98
1739451124202 0.12437014220750325 99
