1739451652238 168.90082104802957 0
1739451652242 168.0439810666984 1
1739451652244 167.18950923217827 2
1739451652246 166.3378351517764 3
1739451652248 165.4890427419482 4
1739451652250 164.64314794160083 5
1739451652254 163.8001533266542 6
1739451652258 162.96005884328503 7
1739451652261 162.12286391643698 8
1739451652263 161.2885678638433 9
1739451652265 160.45716997724927 10
1739451652268 159.62866953829388 11
1739451652274 158.80306582156635 12
1739451652277 157.9803580951454 13
1739451652280 157.16054562064434 14
1739451652282 156.34362765315817 15
1739451652284 155.52960344119037 16
1739451652289 154.71847222657516 17
1739451652292 153.91023324439763 18
1739451652295 153.10488572291263 19
1739451652297 152.30242888346245 20
1739451652299 151.50286194039325 21
1739451652300 150.70618410097 22
1739451652305 149.91239456529044 23
1739451652308 149.12149252619784 24
1739451652310 148.3334771691919 25
1739451652312 147.54834767233874 26
1739451652314 146.76610320617948 27
1739451652316 145.9867429336373 28
1739451652321 145.21026600992312 29
1739451652325 144.4366715824398 30
1739451652327 143.66595879068495 31
1739451652329 142.8981267661522 32
1739451652331 142.1331746322308 33
1739451652333 141.37110150410393 34
1739451652338 140.61190648864533 35
1739451652342 139.85558868431394 36
1739451652345 139.10214718104768 37
1739451652348 138.35158106015476 38
1739451652351 137.60388939420383 39
1739451652356 136.859071246912 40
1739451652360 136.11712567303147 41
1739451652364 135.378051718234 42
1739451652368 134.6418484189938 43
1739451652374 133.90851480246852 44
1739451652377 133.1780498863781 45
1739451652379 132.45045267888204 46
1739451652382 131.72572217845442 47
1739451652384 131.00385737375697 48
1739451652390 130.28485724351015 49
1739451652393 129.56872075636213 50
1739451652395 128.85544687075551 51
1739451652397 128.1450345347922 52
1739451652399 127.43748268609544 53
1739451652402 126.7327902516705 54
1739451652408 126.03095614776211 55
1739451652410 125.3319792797103 56
1739451652412 124.63585854180346 57
1739451652414 123.94259281712897 58
1739451652416 123.25218097742165 59
1739451652418 122.56462188290918 60
1739451652422 121.8799143821556 61
1739451652426 121.1980573119016 62
1739451652428 120.51904949690221 63
1739451652431 119.84288974976232 64
1739451652433 119.16957687076868 65
1739451652437 118.4991096477194 66
1739451652445 117.83148685575065 67
1739451652450 117.1667072571603 68
1739451652455 116.50476960122842 69
1739451652460 115.845672624035 70
1739451652462 115.18941504827421 71
1739451652465 114.53599558306585 72
1739451652467 113.88541292376311 73
1739451652471 113.23766575175738 74
1739451652475 112.59275273427951 75
1739451652479 111.95067252419763 76
1739451652481 111.31142375981143 77
1739451652483 110.67500506464283 78
1739451652489 110.04141504722324 79
1739451652492 109.41065230087649 80
1739451652494 108.78271540349876 81
1739451652497 108.15760291733383 82
1739451652498 107.53531338874485 83
1739451652500 106.91584534798201 84
1739451652505 106.29919730894578 85
1739451652508 105.68536776894628 86
1739451652510 105.07435520845816 87
1739451652512 104.46615809087122 88
1739451652514 103.86077486223628 89
1739451652516 103.25820395100679 90
1739451652518 102.65844376777568 91
1739451652523 102.0614927050073 92
1739451652525 101.46734913676461 93
1739451652527 100.8760114184315 94
1739451652529 100.28747788642993 95
1739451652531 99.70174685793181 96
1739451652533 99.1188166305659 97
1739451652535 98.53868548211904 98
1739451652540 97.96135167023193 99
