1739453008785 168.91119730653813 0
1739453008787 168.586214519753 1
1739453008790 168.26153470027478 2
1739453008792 167.93716640881397 3
1739453008794 167.61311135483515 4
1739453008799 167.28936987855116 5
1739453008803 166.9659420466431 6
1739453008812 166.6428278711548 7
1739453008817 166.32002735321694 8
1739453008820 165.9975404917811 9
1739453008823 165.67536728536413 10
1739453008825 165.3535077323965 11
1739453008827 165.03196183129222 12
1739453008829 164.71072958046238 13
1739453008832 164.38981097831822 14
1739453008835 164.06920602327162 15
1739453008837 163.748914713735 16
1739453008839 163.4289370481216 17
1739453008841 163.10927302484544 18
1739453008843 162.7899226423211 19
1739453008845 162.4708858989641 20
1739453008848 162.1521627931905 21
1739453008851 161.8337533234172 22
1739453008853 161.5156574880618 23
1739453008855 161.1978752855426 24
1739453008857 160.8804067142787 25
1739453008859 160.56325177268985 26
1739453008863 160.2464104591965 27
1739453008865 159.92988277222 28
1739453008868 159.61366871018217 29
1739453008870 159.29776827150582 30
1739453008872 158.98218145461428 31
1739453008875 158.66690825793174 32
1739453008877 158.35194867988307 33
1739453008880 158.0373027188938 34
1739453008883 157.72297037339032 35
1739453008886 157.40895164179972 36
1739453008888 157.09524652254962 37
1739453008890 156.78185501406867 38
1739453008892 156.46877711478598 39
1739453008894 156.15601282313156 40
1739453008898 155.8435621375361 41
1739453008900 155.53142505643098 42
1739453008903 155.21960157824833 43
1739453008905 154.908091701421 44
1739453008907 154.59689542438258 45
1739453008909 154.28601274556735 46
1739453008911 153.97544366341037 47
1739453008914 153.6651881763474 48
1739453008917 153.3552462828149 49
1739453008919 153.04561798125005 50
1739453008921 152.73630327009084 51
1739453008923 152.42730214777586 52
1739453008925 152.11861461274452 53
1739453008927 151.81024066343693 54
1739453008930 151.50218029829387 55
1739453008933 151.19443351575697 56
1739453008935 150.88700031426845 57
1739453008937 150.57988069227133 58
1739453008939 150.27307464820927 59
1739453008941 149.9665821805268 60
1739453008943 149.66040328766908 61
1739453008946 149.35453796808196 62
1739453008949 149.04898622021204 63
1739453008951 148.74374804250675 64
1739453008953 148.43882343341406 65
1739453008955 148.1342123913828 66
1739453008958 147.82991491486246 67
1739453008960 147.5259310023033 68
1739453008962 147.22226065215625 69
1739453008966 146.91890386287295 70
1739453008968 146.61586063290588 71
1739453008970 146.3131309607081 72
1739453008972 146.01071484473346 73
1739453008975 145.7086122834365 74
1739453008977 145.40682327527261 75
1739453008981 145.10534781869768 76
1739453008983 144.80418591216852 77
1739453008987 144.5033375541425 78
1739453008989 144.20280274307783 79
1739453008992 143.90258147743344 80
1739453008996 143.6026737556689 81
1739453009002 143.30307957624456 82
1739453009006 143.00379893762147 83
1739453009008 142.7048318382614 84
1739453009010 142.4061782766269 85
1739453009013 142.1078382511811 86
1739453009017 141.80981176038802 87
1739453009019 141.5120988027123 88
1739453009021 141.21469937661925 89
1739453009023 140.91761348057503 90
1739453009025 140.62084111304645 91
1739453009027 140.32438227250105 92
1739453009032 140.02823695740713 93
1739453009035 139.73240516623355 94
1739453009037 139.4368868974501 95
1739453009039 139.14168214952716 96
1739453009041 138.84679092093592 97
1739453009043 138.55221321014815 98
1739453009046 138.25794901563646 99
