1739451662066 169.01961904378464 0
1739451662073 168.33176530618746 1
1739451662077 167.44032701061545 2
1739451662080 166.49063903947808 3
1739451662083 165.52618926929 4
1739451662087 164.55997825430472 5
1739451662093 163.5958908958211 6
1739451662097 162.63508750417756 7
1739451662100 161.67791412430518 8
1739451662106 160.72447345787327 9
1739451662110 159.77479548023024 10
1739451662115 158.8288884268798 11
1739451662118 157.8867540297173 12
1739451662124 156.94839206991503 13
1739451662127 156.01380173832123 14
1739451662131 155.08298204186875 15
1739451662134 154.15593192491184 16
1739451662141 153.2326503053776 17
1739451662144 152.3131360854618 18
1739451662146 151.39738815471608 19
1739451662149 150.4854053908606 20
1739451662155 149.5771866599143 21
1739451662161 148.67273081612 22
1739451662163 147.7720367018061 23
1739451662166 146.87510314722667 24
1739451662171 145.9819289703941 25
1739451662176 145.09251297690656 26
1739451662180 144.20685395977205 27
1739451662182 143.32495069922922 28
1739451662186 142.44680196256513 29
1739451662192 141.57240650392947 30
1739451662196 140.70176306414572 31
1739451662199 139.8348703705188 32
1739451662203 138.97172713663926 33
1739451662208 138.1123320621841 34
1739451662212 137.25668383271383 35
1739451662215 136.40478111946592 36
1739451662219 135.55662257914446 37
1739451662224 134.71220685370622 38
1739451662227 133.8715325701423 39
1739451662230 133.03459834025645 40
1739451662233 132.20140276043875 41
1739451662238 131.37194441143532 42
1739451662242 130.54622185811382 43
1739451662245 129.72423364922463 44
1739451662247 128.90597831715743 45
1739451662253 128.09145437769334 46
1739451662257 127.28066032975232 47
1739451662261 126.47359465513608 48
1739451662264 125.67025581826573 49
1739451662269 124.87064226591495 50
1739451662275 124.0747524269376 51
1739451662279 123.28258471199051 52
1739451662281 122.49413751325102 53
1739451662284 121.70940920412855 54
1739451662289 120.92839813897149 55
1739451662292 120.1511026527676 56
1739451662295 119.3775210608393 57
1739451662298 118.60765165853253 58
1739451662301 117.84149272089995 59
1739451662307 117.07904250237756 60
1739451662311 116.32029923645557 61
1739451662314 115.56526113534197 62
1739451662316 114.81392638962045 63
1739451662323 114.06629316790071 64
1739451662327 113.32235961646238 65
1739451662330 112.5821238588915 66
1739451662333 111.84558399571016 67
1739451662340 111.11273810399823 68
1739451662343 110.3835842370079 69
1739451662346 109.65812042377034 70
1739451662348 108.93634466869428 71
1739451662352 108.21825495115667 72
1739451662357 107.50384922508488 73
1739451662360 106.79312541853038 74
1739451662362 106.08608143323383 75
1739451662365 105.38271514418116 76
1739451662368 104.68302439915048 77
1739451662372 103.9870070182498 78
1739451662375 103.29466079344489 79
1739451662378 102.60598348807777 80
1739451662380 101.92097283637473 81
1739451662382 101.23962654294442 82
1739451662386 100.56194228226525 83
1739451662390 99.8879176981621 84
1739451662393 99.21755040327193 85
1739451662396 98.55083797849818 86
1739451662398 97.88777797245362 87
1739451662401 97.22836790089131 88
1739451662406 96.57260524612343 89
1739451662409 95.92048745642778 90
1739451662412 95.27201194544143 91
1739451662414 94.62717609154156 92
1739451662417 93.98597723721265 93
1739451662422 93.3484126884003 94
1739451662426 92.71447971385092 95
1739451662428 92.08417554443699 96
1739451662431 91.45749737246787 97
1739451662433 90.83444235098536 98
1739451662437 90.2150075930438 99
