1739449692986 42.52182935034354 0
1739449692990 17.075876515001312 1
1739449692994 14.790303595621037 2
1739449692998 8.655966559398433 3
1739449693001 2.1287343603376776 4
1739449693004 1.341893606922381 5
1739449693007 0.4579093203118013 6
1739449693011 0.2873038851503153 7
1739449693015 0.3135969565424478 8
1739449693060 0.2694408408391104 9
1739449693067 0.3066263405481642 10
1739449693071 0.10970301964228746 11
1739449693074 0.15259399254328332 12
1739449693079 0.1313270945533471 13
1739449693081 0.08862359143236424 14
1739449693084 0.12757883093207725 15
1739449693087 0.2802864312632762 16
1739449693089 0.1355729043080091 17
1739449693094 0.13643828007450254 18
1739449693097 0.124074226633838 19
1739449693100 0.2531816979481988 20
1739449693103 0.16282454547628536 21
1739449693106 0.0786617546809538 22
1739449693109 0.126370538089185 23
1739449693114 0.15248285516784038 24
1739449693117 0.20488930852082565 25
1739449693120 0.10216605319431091 26
1739449693123 0.15710387542326382 27
