1739448917856 83.84672372759269 0
1739448917862 22.415723027176846 1
1739448917865 0.3005496937143735 2
1739448917870 0.032934862741556326 3
1739448917875 0.09065493473262673 4
1739448917879 0.08964398574697446 5
1739448917881 0.1886721084213449 6
1739448917885 0.07504154831286444 7
1739448917890 0.02234407197099285 8
1739448917894 0.2485663156890998 9
1739448917897 0.046676470561838025 10
1739448917901 0.39510765149017923 11
1739448917907 0.08631803258146052 12
1739448917910 0.09306451990211516 13
1739448917914 0.05913159810577528 14
1739448917917 0.3090538144554763 15
1739448917922 0.11075902694807616 16
1739448917926 0.11291613531282889 17
1739448917929 0.17214645687084065 18
1739448917932 0.08901370085660246 19
1739448917937 0.16450606368727244 20
1739448917941 0.09625850865293588 21
1739448917944 0.32513555778194847 22
1739448917947 0.02989367172250198 23
1739448917951 0.032313101845924376 24
1739448917958 0.0985542966776332 25
1739448917961 0.11960706987052355 26
1739448917964 0.07303329216331375 27
1739448917968 0.24283084296594556 28
1739448917972 0.3951471014183087 29
1739448917976 0.10513487784081704 30
1739448917979 0.060332098324066184 31
1739448917981 0.6968491913721702 32
1739448917986 0.07516678473174358 33
1739448917990 0.18202585346001157 34
1739448917993 0.19766192291417126 35
1739448917996 0.49094194869867097 36
1739448918000 0.010729008818378676 37
1739448918006 0.3951262044692224 38
1739448918010 0.07609896804810969 39
1739448918014 0.0474812071118847 40
1739448918017 0.3237439581794792 41
1739448918022 0.006824342972030912 42
1739448918025 0.10291040580345553 43
1739448918028 0.03913401166456824 44
1739448918031 0.11721744504596746 45
1739448918035 0.09891334758951847 46
1739448918040 0.02798603567282867 47
1739448918044 0.17016119227133975 48
1739448918047 0.13908636190885437 49
1739448918052 0.33367954247167353 50
1739448918058 0.22569376930490956 51
1739448918062 0.11700914575916477 52
1739448918066 0.034584834740803164 53
1739448918072 0.04418667161577111 54
1739448918076 0.18639945840123145 55
1739448918080 0.050307631193840616 56
1739448918084 0.22771525566633946 57
1739448918089 0.09716198794456533 58
1739448918093 0.3462985701887796 59
1739448918096 0.03703155655667439 60
1739448918101 0.5173012221425745 61
1739448918105 0.02943070779135733 62
1739448918109 0.3239224818819485 63
1739448918112 0.4406759084143706 64
1739448918115 0.22458542736924303 65
1739448918120 0.12911270424446827 66
1739448918125 0.013920014145607307 67
1739448918129 0.09879082311912928 68
1739448918132 0.08678882372746115 69
1739448918137 0.08298971078734163 70
1739448918142 0.05235424673406258 71
1739448918145 0.31586988393847365 72
1739448918149 0.06895288506648248 73
1739448918154 0.08115108546645243 74
1739448918158 0.1105534291697518 75
1739448918164 0.222241842122341 76
1739448918172 0.11189847699635969 77
1739448918178 0.07968559675959987 78
1739448918181 0.23790302164103297 79
1739448918186 0.02107300024092451 80
1739448918192 0.31310113474848394 81
1739448918195 0.15887650163975303 82
1739448918199 0.04926798534135292 83
1739448918203 0.012712436487231398 84
1739448918208 0.06962218941272723 85
1739448918212 0.09025092657907076 86
1739448918216 0.0673795742568006 87
1739448918220 0.04021472096051749 88
1739448918224 0.06344043270676267 89
1739448918228 0.18696534922877567 90
1739448918231 0.20697190257906756 91
1739448918235 0.1308386880774523 92
1739448918240 0.1389340239754068 93
1739448918244 0.32096478825077146 94
1739448918247 0.1002809158054816 95
1739448918251 0.03655227590939387 96
1739448918256 0.050333301632082245 97
1739448918260 0.08664576049296474 98
1739448918263 0.16451066502577633 99
1739448918266 0.10635162600917078 100
1739448918271 0.1779937276937701 101
1739448918275 0.012275118990605639 102
1739448918279 0.05821968570167854 103
1739448918281 0.1304692148386546 104
1739448918286 0.03707739526607089 105
1739448918291 0.29706324749344987 106
1739448918294 0.18320889015564099 107
1739448918297 0.21313987439469212 108
1739448918301 0.11185679343966548 109
1739448918305 0.12175405567510177 110
1739448918309 0.19889985290379103 111
1739448918312 0.09363483409745475 112
1739448918316 0.014711001849375946 113
1739448918320 0.16200478036928143 114
1739448918324 0.06721663398882594 115
1739448918329 0.26535548573405754 116
1739448918331 0.065060971516415 117
1739448918336 0.3931215039182322 118
1739448918342 0.43123762324726755 119
1739448918345 0.1753556231478515 120
1739448918349 0.10037598414943188 121
1739448918353 0.17092633889030814 122
1739448918358 0.1220663738589274 123
1739448918362 0.06789483695874855 124
