1739451515479 38.07597135359287 0
1739451515487 0.18324586841025892 1
1739451515497 0.10659131669697955 2
1739451515502 0.18986572877584335 3
1739451515507 0.16214610532520984 4
1739451515513 0.21110883518954532 5
1739451515520 0.31076915538723215 6
1739451515526 0.08866797959356168 7
1739451515536 0.11553804505431957 8
1739451515540 0.12974451101236398 9
1739451515546 0.1178320197358466 10
1739451515553 0.18069777229441567 11
1739451515557 0.25967694024682797 12
1739451515564 0.21698209553617245 13
1739451515570 0.05479315582127057 14
1739451515575 0.23632758624322023 15
1739451515582 0.07926665879963227 16
1739451515586 0.1585682284105939 17
1739451515590 0.39226972859464443 18
1739451515596 0.09945190719828308 19
1739451515602 0.23418893950372027 20
1739451515606 0.11935801255207026 21
1739451515612 0.10117931439539721 22
1739451515618 0.10094259651070783 23
1739451515621 0.1270422828425943 24
1739451515625 0.24375988952035876 25
1739451515632 0.04998893797004535 26
1739451515636 0.2941895814500312 27
1739451515640 0.09773564663218517 28
1739451515646 0.15497023152902928 29
1739451515652 0.09740830712381504 30
1739451515655 0.21326885227099718 31
1739451515660 0.1744887899021319 32
1739451515668 0.12061551468057088 33
1739451515674 0.10511899551812587 34
1739451515680 0.09260658432731447 35
1739451515685 0.2311641784391382 36
1739451515689 0.050781053360354586 37
1739451515696 0.1295970473863015 38
1739451515703 0.2843688952411555 39
1739451515707 0.08167810791893068 40
1739451515714 0.24492615041296792 41
1739451515719 0.15037366731598106 42
1739451515722 0.12385420375509817 43
