1739450248369 53.49006231314941 0
1739450248375 22.806222637025435 1
1739450248387 17.46152200142311 2
1739450248392 10.596968400974186 3
1739450248402 7.809595850339688 4
1739450248407 3.350328800329256 5
1739450248412 1.6751746223760502 6
1739450248418 0.8021161412305402 7
1739450248424 0.6569122293147942 8
1739450248432 0.19596301037276703 9
1739450248438 0.2586530813298093 10
1739450248443 0.17002222903020536 11
1739450248451 0.0833489636123609 12
1739450248455 0.1308485673717358 13
1739450248458 0.18640090684992164 14
1739450248462 0.40421038855293256 15
1739450248468 0.13085503868206866 16
1739450248472 0.09812170100830686 17
1739450248476 0.19859252363332808 18
1739450248482 0.10444150596855191 19
1739450248487 0.13682548715805082 20
1739450248492 0.20103501459480816 21
1739450248498 0.08831282596424879 22
1739450248503 0.1693602462413748 23
1739450248506 0.10510109003283141 24
1739450248509 0.2004880835053672 25
1739450248515 0.09456352120586198 26
1739450248519 0.1327965945017652 27
1739450248522 0.11454466097844807 28
1739450248526 0.2200547868210369 29
1739450248530 0.14878331384840918 30
1739450248536 0.18712181985896342 31
1739450248541 0.14109581312485592 32
1739450248545 0.08651378031842108 33
1739450248551 0.17107019176419658 34
1739450248557 0.1115763542102864 35
1739450248560 0.09324228507971852 36
1739450248567 0.30229871357910454 37
1739450248571 0.10846125625647071 38
1739450248574 0.08612702830430494 39
1739450248579 0.11840145069484849 40
1739450248585 0.12837292941090397 41
1739450248589 0.14105886275561583 42
1739450248593 0.15458801656534785 43
1739450248599 0.11580209052939909 44
1739450248603 0.26488814855708953 45
1739450248606 0.16226389528820695 46
1739450248609 0.21084699900753284 47
1739450248616 0.18366520899553546 48
1739450248621 0.23494808609908957 49
1739450248624 0.1465766602989081 50
1739450248628 0.19019794843453447 51
1739450248635 0.10702391349844256 52
1739450248640 0.17513167246059913 53
1739450248645 0.16784627564500942 54
1739450248651 0.13365441924407742 55
1739450248654 0.17999371062924283 56
1739450248657 0.10863050268747235 57
1739450248662 0.22899582551511283 58
1739450248668 0.12253734664916646 59
1739450248672 0.27023418788633935 60
1739450248676 0.14852667017438445 61
1739450248682 0.17980596920352793 62
1739450248687 0.22372134487632 63
1739450248690 0.0666502164697658 64
1739450248694 0.0955662567077378 65
1739450248701 0.23741076776059175 66
1739450248704 0.13489078350950826 67
1739450248707 0.12169095731787112 68
1739450248711 0.29581310044013753 69
1739450248717 0.14715908074532183 70
1739450248722 0.10895647652441118 71
1739450248725 0.1538216379077942 72
1739450248730 0.14066535056182622 73
