1739453096387 0.011009411650121677 0
1739453096486 0.004387298048685287 1
1739453096581 0.0190750120002376 2
1739453096676 0.1880862696137416 3
1739453096766 0.0021246732971423477 4
1739453096859 0.17304233001657987 5
1739453096953 0.11921745246569883 6
1739453097043 0.015088821619058878 7
1739453097134 0.00782643657967794 8
1739453097226 0.00840825334260223 9
1739453097315 0.09094000245095615 10
1739453097410 0.08337087279605315 11
1739453097500 0.013935290388594156 12
1739453097588 1.4198258339432344 13
1739453097686 0.0731711129414205 14
1739453097779 0.004255093447697233 15
1739453097879 0.09465142184327119 16
1739453097969 0.033839142617418695 17
1739453098062 0.025040255101334234 18
1739453098177 0.0491362758023387 19
1739453098275 2.0384246633619367e-05 20
1739453098373 0.007044228437706052 21
1739453098463 0.02998596324290102 22
1739453098560 0.03604765235706554 23
1739453098684 0.01265666474713329 24
1739453098777 0.0019119680998786537 25
1739453098868 0.00023467108897615057 26
1739453098958 0.006522633987232269 27
1739453099049 0.030255211484366714 28
1739453099137 0.47466647275581864 29
1739453099229 0.3597647680624637 30
1739453099317 0.013652949609964889 31
1739453099404 0.001010593403515417 32
1739453099490 0.01848500052009331 33
1739453099577 0.7568465261301225 34
1739453099663 0.03283405046191065 35
1739453099751 0.007813540230835164 36
1739453099837 0.05830604334042063 37
1739453099924 0.5461708022715295 38
1739453100013 0.03774464822293547 39
1739453100101 0.011871667596653167 40
1739453100192 0.060385804397675484 41
1739453100284 0.005625290442972606 42
1739453100374 0.32976946531368606 43
1739453100464 0.027944486369218632 44
1739453100553 0.006127787471497867 45
1739453100641 0.10762498286179292 46
1739453100732 0.00020457401036802847 47
1739453100821 0.260799002136937 48
1739453100913 0.08660814845379085 49
1739453101003 0.9201795279171291 50
1739453101089 0.007013725102494148 51
1739453101178 0.23513271151481976 52
1739453101268 0.26503654436646956 53
1739453101355 0.050816476431430765 54
1739453101447 0.24975011613339806 55
1739453101535 0.12786936694778947 56
1739453101622 0.041625105647875055 57
1739453101712 0.026950084523724514 58
1739453101800 0.07120019828443433 59
1739453101891 0.005918486461728729 60
1739453101980 0.002610059760855145 61
1739453102071 0.018622321952902122 62
