1739451679170 168.92543757006746 0
1739451679173 167.62760591015928 1
1739451679177 166.33463701497286 2
1739451679180 165.04656499271053 3
1739451679183 163.7634174754809 4
1739451679187 162.4852166847854 5
1739451679190 161.21198038151272 6
1739451679195 159.94372268601657 7
1739451679200 158.68045477052564 8
1739451679206 157.4221854345216 9
1739451679210 156.1689215772349 10
1739451679213 154.92066858216342 11
1739451679216 153.67743062779815 12
1739451679221 152.43921093732243 13
1739451679225 151.2060119783721 14
1739451679228 149.9778356222628 15
1739451679230 148.7546832705285 16
1739451679234 147.53655595522946 17
1739451679239 146.32345441830074 18
1739451679243 145.1153791742065 19
1739451679246 143.9123305593359 20
1739451679248 142.71430877089287 21
1739451679252 141.5213138974773 22
1739451679257 140.33334594310614 23
1739451679260 139.15040484606283 24
1739451679263 137.9724904936744 25
1739451679265 136.7996027338862 26
1739451679269 135.63174138431995 27
1739451679274 134.46890623935684 28
1739451679277 133.3110970756713 29
1739451679280 132.15831365655117 30
1739451679282 131.01055573526702 31
1739451679287 129.86782305769796 32
1739451679292 128.73011536437625 33
1739451679295 127.597432392077 34
1739451679297 126.46977387505402 35
1739451679301 125.34713954599866 36
1739451679306 124.2295291367829 37
1739451679309 123.1169423790349 38
1739451679312 122.00937900458356 39
1739451679315 120.9068387458017 40
1739451679319 119.80932133586994 41
1739451679324 118.7168265089798 42
1739451679328 117.6293540004888 43
1739451679331 116.54690354703932 44
1739451679335 115.46947488664834 45
1739451679341 114.39706775877578 46
1739451679344 113.32968190437549 47
1739451679347 112.26731706593324 48
1739451679349 111.20997298749475 49
1739451679357 110.15764941468578 50
1739451679360 109.11034609472631 51
1739451679363 108.06806277644051 52
1739451679367 107.0307992102625 53
1739451679372 105.99855514824021 54
1739451679376 104.97133034403686 55
1739451679379 103.94912455293073 56
1739451679382 102.93193753181411 57
1739451679387 101.91976903919114 58
1739451679391 100.91261883517505 59
1739451679395 99.91048668148491 60
1739451679397 98.91337234144194 61
1739451679401 97.9212755799655 62
1739451679405 96.93419616356904 63
1739451679409 95.9521338603557 64
1739451679412 94.97508844001383 65
1739451679414 94.00305967381249 66
1739451679418 93.03604733459676 67
1739451679423 92.07405119678309 68
1739451679426 91.11707103635456 69
1739451679429 90.16510663085614 70
1739451679432 89.21815775938978 71
1739451679436 88.27622420260964 72
1739451679439 87.33930574271726 73
1739451679443 86.40740216345658 74
1739451679445 85.4805132501091 75
1739451679448 84.55863878948894 76
1739451679450 83.64177856993777 77
1739451679453 82.72993238132003 78
1739451679457 81.82310001501767 79
1739451679459 80.92128126392535 80
1739451679462 80.0244759224452 81
1739451679465 79.13268378648183 82
1739451679467 78.24590465343725 83
1739451679472 77.36413832220556 84
1739451679474 76.48738459316797 85
1739451679478 75.6156432681876 86
1739451679480 74.74891415060407 87
1739451679482 73.88719704522843 88
1739451679487 73.03049175833783 89
1739451679491 72.17879809767018 90
1739451679493 71.33211587241881 91
1739451679496 70.49044489322715 92
1739451679498 69.65378497218323 93
1739451679502 68.82213592281433 94
1739451679506 67.9954975600814 95
1739451679510 67.1738697003737 96
1739451679514 66.35725216150314 97
1739451679516 65.54564476269874 98
1739451679521 64.73904732460102 99
