1739449392620 80.29641922011594 0
1739449392624 21.946419444579618 1
1739449392629 0.5100463183050484 2
1739449392632 0.18040160593591337 3
1739449392635 0.08366528827527969 4
1739449392638 0.025326030842682427 5
1739449392643 0.1038606965558375 6
1739449392648 0.01257963211607437 7
1739449392652 0.013126662485817177 8
1739449392654 0.04290115622773868 9
1739449392658 0.37614584905723825 10
1739449392662 0.13499182952935898 11
1739449392665 0.018805368396326645 12
1739449392668 0.07597413075164032 13
1739449392670 0.02537087247092188 14
1739449392674 0.03509159117665807 15
1739449392678 0.14814659068297706 16
1739449392681 0.004942912361891591 17
1739449392684 0.028489083830494085 18
1739449392687 0.012355655237233094 19
1739449392690 0.02790928197650144 20
1739449392695 0.16995663243310158 21
1739449392699 0.16086872531921095 22
1739449392702 0.127839392119454 23
1739449392705 0.07380048097622029 24
1739449392708 0.033651948381215165 25
1739449392712 0.08135122706586563 26
1739449392716 0.01683444772756484 27
1739449392719 0.026688956973385244 28
1739449392722 0.014081521513766675 29
1739449392726 0.1152707338632199 30
1739449392730 0.018747032993263402 31
1739449392735 0.06681343928057813 32
1739449392738 0.04857124805864019 33
1739449392741 0.01503189429213477 34
1739449392745 0.18810463122176213 35
1739449392749 0.05107688520770043 36
1739449392753 0.13916376703309308 37
1739449392756 0.01633353806670706 38
1739449392760 0.14111838825384346 39
