1739451683347 169.01961904378464 0
1739451683352 168.33176530618746 1
1739451683357 167.0983004964321 2
1739451683360 165.43585896739427 3
1739451683362 163.4393262034822 4
1739451683366 161.18542766244863 5
1739451683372 158.73591138828405 6
1739451683375 156.14028601235034 7
1739451683377 153.43812796837602 8
1739451683380 150.66099719966698 9
1739451683382 147.83401061035005 10
1739451683388 144.9771238860228 11
1739451683392 142.1061692165411 12
1739451683395 139.23369132626942 13
1739451683398 136.36961844084252 14
1739451683402 133.52179914608817 15
1739451683406 130.69643089801642 16
1739451683410 127.89840137672802 17
1739451683412 125.13155997273329 18
1739451683415 122.3989334177761 19
1739451683419 119.70289685973209 20
1739451683424 117.04530945781718 21
1739451683427 114.42762176570467 22
1739451683430 111.8509607073822 23
1739451683432 109.31619677288212 24
1739451683438 106.82399711619664 25
1739451683441 104.37486748183001 26
1739451683444 101.9691852831119 27
1739451683446 99.60722567468599 28
1739451683449 97.28918207913604 29
1739451683455 95.01518232378994 30
1739451683459 92.78530130245723 31
1739451683461 90.59957088544274 32
1739451683464 88.45798764942283 33
1739451683469 86.3605188785091 34
1739451683473 84.30710719255255 35
1739451683476 82.2976740832797 36
1739451683479 80.3321225790834 37
1739451683481 78.41033921194554 38
1739451683485 76.53219542245026 39
1739451683490 74.69754850909676 40
1739451683493 72.90624220451025 41
1739451683495 71.1581069423848 42
1739451683498 69.45295986405276 43
1739451683501 67.79060460165311 44
1739451683506 66.17083086532979 45
1739451683509 64.59341385422958 46
1739451683512 63.05811350489726 47
1739451683514 61.56467358567994 48
1739451683518 60.11282064172414 49
1739451683522 58.702262791908495 50
1739451683526 57.3326883764876 51
1739451683529 56.00376445225828 52
1739451683531 54.71513513067837 53
1739451683536 53.46641975359079 54
1739451683540 52.25721090110486 55
1739451683543 51.0870722268848 56
1739451683545 49.95553611777818 57
1739451683550 48.86210117763301 58
1739451683558 47.806229539630166 59
1739451683568 46.78734401790788 60
1739451683576 45.80482511817149 61
1739451683582 44.858007938942805 62
1739451683591 43.94617901073868 63
1739451683598 43.06857314042423 64
1739451683605 42.22437035282291 65
1739451683613 41.41269305173187 66
1739451683620 40.63260355769236 67
1739451683628 39.8831022193783 68
1739451683635 39.163126337346746 69
1739451683640 38.47155017964011 70
1739451683647 37.807186402865604 71
1739451683658 37.16878921220223 72
1739451683668 36.5550595895119 73
1739451683675 35.964652879300125 74
1739451683679 35.39618893708753 75
1739451683682 34.84826490646901 76
1739451683689 34.31947049920259 77
1739451683693 33.808405416876454 78
1739451683696 33.31369829540437 79
1739451683698 32.83402630905652 80
1739451683703 32.36813438051833 81
1739451683707 31.914852848065568 82
1739451683710 31.473112469417632 83
1739451683713 31.041955802829932 84
1739451683716 30.62054428346445 85
1739451683723 30.208160668718193 86
1739451683727 29.804206908011928 87
1739451683730 29.408197846821896 88
1739451683734 29.01975145735317 89
1739451683739 28.63857647219689 90
1739451683742 28.26445837494715 91
1739451683745 27.897244682299675 92
1739451683748 27.536830356263447 93
1739451683752 27.18314403859912 94
1739451683757 26.836135628024206 95
1739451683761 26.495765545758537 96
1739451683763 26.161995872605743 97
1739451683768 25.83478340104058 98
1739451683773 25.51407453361872 99
