1739452087576 37.19684735050315 0
1739452087584 0.11755400435277452 1
1739452087590 0.22881494122568552 2
1739452087600 0.0793530830704527 3
1739452087606 0.21997409911573448 4
1739452087612 0.1396423456164812 5
1739452087620 0.12240901503998473 6
1739452087626 0.1332834039552872 7
1739452087632 0.11560932843133746 8
1739452087637 0.1650043829942181 9
1739452087642 0.04244438333386576 10
1739452087646 0.07301416872605355 11
1739452087651 0.06553333259862082 12
1739452087656 0.1384261959244758 13
1739452087660 0.22362730179373277 14
1739452087666 0.08021825612657021 15
1739452087672 0.15341302519503108 16
1739452087676 0.11543120728173113 17
1739452087682 0.08172355604431411 18
1739452087688 0.11307352865827154 19
1739452087692 0.15429687468112246 20
1739452087698 0.13971338741914363 21
1739452087705 0.17180671655504456 22
1739452087709 0.09856503383284085 23
1739452087715 0.1569278695199009 24
1739452087722 0.11949027121172609 25
1739452087726 0.26886286273706944 26
1739452087733 0.1667954451635824 27
1739452087738 0.21521771077996257 28
1739452087743 0.17061358231653728 29
1739452087750 0.39693399992440925 30
1739452087755 0.390793610687129 31
1739452087760 0.11680950584074894 32
1739452087766 0.11718029742770675 33
1739452087772 0.12076947627244543 34
1739452087777 0.11347523611990513 35
1739452087783 0.10023530959465798 36
1739452087788 0.08725683461407618 37
1739452087792 0.07541999402565083 38
1739452087800 0.1587377242696159 39
1739452087805 0.13921413480183664 40
1739452087811 0.09337886161487932 41
1739452087819 0.20008966468916162 42
1739452087825 0.09664229607087568 43
1739452087830 0.15971487254103942 44
1739452087837 0.13124744274244513 45
1739452087842 0.16908176209544695 46
1739452087847 0.1166449137357344 47
1739452087855 0.20618867455342155 48
1739452087861 0.15853875997354763 49
1739452087868 0.13476306542369296 50
1739452087876 0.29309828350593164 51
1739452087886 0.1311779617857001 52
1739452087893 0.05968611881025985 53
1739452087900 0.1933490451771392 54
1739452087905 0.15030230183830773 55
1739452087910 0.11561353090792284 56
1739452087917 0.1819730624018626 57
1739452087923 0.12824691001580452 58
1739452087927 0.10533030727893229 59
1739452087934 0.054768122890327994 60
1739452087939 0.07834749035711969 61
1739452087943 0.24089884834935807 62
1739452087950 0.2733730548832685 63
1739452087955 0.10332175236939212 64
1739452087959 0.07446395642167881 65
1739452087967 0.24356677576718844 66
1739452087972 0.07301642083337549 67
1739452087976 0.16025115601305445 68
1739452087983 0.11042166312517847 69
1739452087988 0.07038279522330922 70
1739452087992 0.10096902712954765 71
1739452087999 0.10813587427212974 72
1739452088005 0.2376020677043138 73
1739452088009 0.2166971214567436 74
1739452088017 0.10794052462526409 75
1739452088023 0.09232135360239019 76
1739452088028 0.11248088313088736 77
1739452088034 0.06551552563869747 78
1739452088040 0.1942019549437624 79
1739452088044 0.14670421422375468 80
1739452088052 0.253244950050155 81
1739452088057 0.24424676318172697 82
1739452088062 0.22771639380422998 83
1739452088069 0.10713050515947649 84
1739452088077 0.16756333934258857 85
1739452088088 0.19056087051239584 86
1739452088094 0.2329928673625167 87
1739452088104 0.16281851485264795 88
1739452088111 0.1607194076975596 89
1739452088118 0.06478006677116166 90
1739452088131 0.16827108353252201 91
1739452088142 0.11281664702915613 92
1739452088154 0.09096118640073901 93
1739452088165 0.14013679383742453 94
1739452088176 0.17197002301343475 95
1739452088189 0.24205311227757945 96
1739452088202 0.23214019664685753 97
1739452088213 0.0912707528865344 98
1739452088223 0.22929185498882268 99
