1739449856336 87.76416105305263 0
1739449856340 30.851436745030476 1
1739449856343 2.9000501670007757 2
1739449856346 0.2088696164826188 3
1739449856350 0.09147226326126014 4
1739449856356 0.22490493372320236 5
1739449856359 0.08120563514355594 6
1739449856362 0.046684257945191016 7
1739449856366 0.12826289768117075 8
1739449856372 0.08932802904259551 9
1739449856375 0.10465114124485275 10
1739449856378 0.12295006023516664 11
1739449856381 0.16229895250180235 12
1739449856387 0.19319249563275437 13
1739449856391 0.0919010703087533 14
1739449856394 0.09608906196946863 15
1739449856397 0.1474688663905893 16
1739449856403 0.11194671522090333 17
1739449856407 0.36480328246154853 18
1739449856410 0.12965680380782546 19
1739449856414 0.161395453059081 20
1739449856419 0.1254902854571943 21
1739449856424 0.15929383495069235 22
1739449856427 0.20081689005836018 23
1739449856430 0.10801513938570825 24
1739449856434 0.11441299217009293 25
1739449856439 0.19288346300697862 26
1739449856443 0.1660132308446709 27
1739449856446 0.13655473362348314 28
1739449856450 0.2887529512588298 29
1739449856455 0.12255951709474588 30
1739449856459 0.22552350890444384 31
1739449856462 0.135825147674468 32
1739449856467 0.04771742123089463 33
1739449856472 0.13151258327931592 34
1739449856476 0.16890175700878682 35
1739449856479 0.09573245111350596 36
1739449856483 0.09634718671584423 37
1739449856489 0.17251740595474732 38
1739449856492 0.2188665110374484 39
1739449856495 0.09451246983384813 40
1739449856499 0.09483136458229276 41
1739449856504 0.06921038610005079 42
1739449856509 0.1876604564314308 43
1739449856513 0.20149436840801227 44
1739449856517 0.045166259487175585 45
1739449856523 0.1600043333405867 46
1739449856527 0.09943019883491314 47
1739449856531 0.09128215113653033 48
1739449856535 0.080243648099628 49
1739449856540 0.12993520448235407 50
1739449856544 0.17395193370076648 51
1739449856547 0.14482967020891357 52
1739449856552 0.13387847922382143 53
1739449856557 0.12830585185162008 54
1739449856561 0.10072570131408484 55
1739449856564 0.1311474432395046 56
1739449856570 0.13288074966514962 57
1739449856574 0.1639360721945773 58
1739449856578 0.07393027967025205 59
1739449856581 0.2057162296932198 60
1739449856586 0.22214413807794775 61
1739449856590 0.14552195476364616 62
1739449856593 0.0709094829746068 63
1739449856596 0.20240371593283632 64
1739449856600 0.07890522407158154 65
1739449856605 0.10275675560302112 66
1739449856609 0.3064996991689097 67
1739449856612 0.11027059675030891 68
1739449856617 0.13013205093676522 69
1739449856623 0.13588395950280077 70
1739449856627 0.05104206880812484 71
1739449856630 0.17469118196196284 72
1739449856635 0.3038107173353355 73
1739449856640 0.09426310339114391 74
1739449856643 0.14440324790576417 75
1739449856646 0.2154578724771003 76
1739449856650 0.2273778495406324 77
1739449856656 0.18257646377237724 78
1739449856659 0.34391796887037496 79
1739449856662 0.10927205967832976 80
1739449856666 0.2687278255816287 81
1739449856671 0.18640302743071724 82
1739449856675 0.1679538836183784 83
1739449856678 0.09644020554440391 84
1739449856681 0.15720392215845078 85
1739449856686 0.12768968977332254 86
1739449856690 0.25286124484952854 87
1739449856693 0.21117392766069842 88
1739449856696 0.11344657332597421 89
1739449856700 0.18245205222594468 90
1739449856705 0.02967857030588687 91
1739449856709 0.1493744560019356 92
1739449856712 0.13019762732957102 93
1739449856716 0.07097072075684703 94
1739449856723 0.1767920032169687 95
1739449856728 0.10473264833318699 96
1739449856731 0.15999128589082257 97
1739449856737 0.21173710107941954 98
1739449856742 0.1523376443265615 99
