1739450211143 127.86895217821018 0
1739450211149 100.9455675658757 1
1739450211158 78.83550439493503 2
1739450211165 57.89559171853443 3
1739450211172 40.937536345434566 4
1739450211179 24.72999643543374 5
1739450211188 13.39105810105606 6
1739450211194 5.515774315626276 7
1739450211202 1.3326953000513537 8
1739450211206 0.17866852905675515 9
1739450211211 0.07127256300713673 10
1739450211222 0.14413337131258022 11
1739450211231 0.2321548898185807 12
1739450211241 0.04835029615609375 13
1739450211250 0.06531297582698047 14
1739450211258 0.07773936882940659 15
1739450211268 0.17209494255655572 16
1739450211273 0.26734783214527824 17
1739450211277 0.15575704897216633 18
1739450211285 0.10223880004860537 19
1739450211290 0.12043015311244872 20
1739450211295 0.12820927295887183 21
1739450211303 0.20342369749919303 22
1739450211309 0.17287928616236606 23
1739450211317 0.26113976094785774 24
1739450211323 0.11828447520227961 25
1739450211328 0.12266550124455036 26
1739450211335 0.22501573971515382 27
1739450211340 0.2160905959075193 28
1739450211346 0.07592613190168725 29
1739450211353 0.06822509865149479 30
1739450211358 0.11563298266062574 31
1739450211364 0.11084023231358879 32
1739450211373 0.17601647514757063 33
1739450211377 0.04797938814661088 34
1739450211383 0.25098940944676795 35
1739450211389 0.07152768645704707 36
1739450211395 0.15750208081997588 37
