1739448970972 83.12210437232507 0
1739448970975 22.487869322948907 1
1739448970978 0.32681746645955223 2
1739448970982 0.14665748352416835 3
1739448970986 0.0693085445977714 4
1739448970989 0.03729413540570842 5
1739448970992 0.10190469674409214 6
1739448970995 0.03257368565737572 7
1739448970998 0.17478035893828547 8
1739448971003 0.2774210013831345 9
1739448971006 0.08927288245057222 10
1739448971009 0.14746606909856577 11
1739448971012 0.0702872405737719 12
1739448971017 0.007631134245548837 13
1739448971021 0.13830171946753078 14
1739448971024 0.06918946822707525 15
1739448971028 0.002512378313382123 16
1739448971032 0.02379746017447672 17
