1739449977163 169.01961904378464 0
1739449977165 168.75943079958154 1
1739449977168 168.48644939908166 2
1739449977170 168.2130403639702 3
1739449977172 167.93982148141575 4
1739449977174 167.66682361458393 5
1739449977177 167.39404830426574 6
1739449977181 167.1214956263266 7
1739449977184 166.8491655834457 8
1739449977186 166.57705817464654 9
1739449977187 166.30517339877 10
1739449977189 166.0335112546485 11
1739449977191 165.76207174111428 12
1739449977195 165.4908548570001 13
1739449977198 165.21986060113898 14
1739449977200 164.94908897236442 15
1739449977201 164.67853996951033 16
1739449977203 164.408213591411 17
1739449977205 164.1381098369012 18
1739449977206 163.86822870481603 19
1739449977208 163.59857019399104 20
1739449977212 163.32913430326212 21
1739449977215 163.0599210314657 22
1739449977217 162.7909303774385 23
1739449977219 162.5221623400178 24
1739449977221 162.25361691804105 25
1739449977223 161.9852941103463 26
1739449977224 161.71719391577201 27
1739449977227 161.44931633315704 28
1739449977230 161.18166136134053 29
1739449977232 160.91422899916213 30
1739449977234 160.647019245462 31
1739449977236 160.38003209908058 32
1739449977238 160.11326755885867 33
1739449977239 159.8467256236377 34
1739449977242 159.5804062922593 35
1739449977245 159.31430956356564 36
1739449977248 159.0484354363993 37
1739449977249 158.78278390960315 38
1739449977251 158.5173549820206 39
1739449977253 158.25214865249544 40
1739449977254 157.98716491987187 41
1739449977256 157.72240378299455 42
1739449977257 157.45786524070843 43
1739449977260 157.19354929185903 44
1739449977264 156.92945593529217 45
1739449977266 156.66558516985418 46
1739449977268 156.4019369943917 47
1739449977269 156.13851140775188 48
1739449977271 155.87530840878225 49
1739449977272 155.61232799633075 50
1739449977274 155.34957016924577 51
1739449977278 155.08703492637605 52
1739449977281 154.82472226657077 53
1739449977282 154.56263218867966 54
1739449977284 154.3007646915527 55
1739449977286 154.03911977404033 56
1739449977287 153.77769743499346 57
1739449977289 153.51649767326336 58
1739449977291 153.25552048770174 59
1739449977294 152.99476587716077 60
1739449977297 152.73423384049298 61
1739449977299 152.4739243765514 62
1739449977301 152.21383748418936 63
1739449977303 151.95397316226067 64
1739449977304 151.69433140961965 65
1739449977306 151.43491222512088 66
1739449977307 151.17571560761954 67
1739449977311 150.91674155597104 68
1739449977315 150.65799006903134 69
1739449977317 150.3994611456568 70
1739449977319 150.1411547847042 71
1739449977320 149.88307098503074 72
1739449977322 149.62520974549403 73
1739449977324 149.3675710649521 74
1739449977326 149.11015494226345 75
1739449977329 148.85296137628694 76
1739449977331 148.59599036588193 77
1739449977332 148.3392419099081 78
1739449977334 148.0827160072257 79
1739449977336 147.82641265669523 80
1739449977338 147.5703318571778 81
1739449977339 147.31447360753475 82
1739449977341 147.05883790662807 83
1739449977344 146.80342475332 84
1739449977347 146.54823414647325 85
1739449977349 146.293266084951 86
1739449977351 146.0385205676168 87
1739449977353 145.78399759333468 88
1739449977355 145.5296971609691 89
1739449977356 145.27561926938486 90
1739449977360 145.02176391744732 91
1739449977364 144.76813110402216 92
1739449977366 144.5147208279755 93
1739449977369 144.26153308817402 94
1739449977371 144.00856788348463 95
1739449977373 143.75582521277482 96
1739449977376 143.50330507491248 97
1739449977381 143.25100746876586 98
1739449977384 142.99893239320372 99
