1739451515741 45.052323125871936 0
1739451515748 0.21398248358571134 1
1739451515753 0.15146893386690397 2
1739451515757 0.11476012772391392 3
1739451515764 0.13016070513641267 4
1739451515770 0.10625995074463937 5
1739451515776 0.1764295785871885 6
1739451515784 0.06180933725754615 7
1739451515788 0.13059909122894703 8
1739451515792 0.09445441362297805 9
1739451515799 0.07262274726002296 10
1739451515804 0.11561879218635865 11
1739451515807 0.18784169463636657 12
1739451515813 0.1727812256392811 13
1739451515818 0.11233594278177093 14
1739451515823 0.2564701918870174 15
1739451515828 0.28733015863710176 16
1739451515833 0.15724000158695658 17
1739451515838 0.1418957982667301 18
1739451515841 0.09428811389643246 19
1739451515848 0.18236684834293782 20
1739451515852 0.15750778992526054 21
1739451515856 0.12047392463531491 22
1739451515864 0.12637881339568868 23
1739451515869 0.09975192374431574 24
1739451515873 0.14218723814992573 25
