1739451673063 168.90082104802957 0
1739451673066 166.8585586718516 1
1739451673072 164.7602114027096 2
1739451673075 162.6291893656546 3
1739451673078 160.48183365151232 4
1739451673081 158.32951106148886 5
1739451673084 156.18010773763265 6
1739451673088 154.03908388515643 7
1739451673091 151.91021361756515 8
1739451673095 149.79610152152097 9
1739451673097 147.6985421402662 10
1739451673100 145.6187695509289 11
1739451673106 143.55763033854765 12
1739451673109 141.51570332476965 13
1739451673112 139.4933823601322 14
1739451673115 137.49093353068417 15
1739451673121 135.508534660771 16
1739451673125 133.54630257587263 17
1739451673128 131.6043119085197 18
1739451673130 129.68260806408304 19
1739451673132 127.78121615521894 20
1739451673137 125.90014715451349 21
1739451673141 124.03940212812796 22
1739451673143 122.19897514595917 23
1739451673146 120.37885527919795 24
1739451673149 118.57902796868179 25
1739451673153 116.79947595944519 26
1739451673157 115.04017993615427 27
1739451673159 113.30111895222987 28
1739451673162 111.5822707165794 29
1739451673166 109.88361178194549 30
1739451673173 108.20511766515183 31
1739451673177 106.5467629200694 32
1739451673180 104.90852117760694 33
1739451673182 103.2903651625415 34
1739451673187 101.6922666939109 35
1739451673190 100.11419667355986 36
1739451673193 98.55612506596465 37
1739451673195 97.01802087144807 38
1739451673197 95.49985209419988 39
1739451673200 94.0015857060357 40
1739451673206 92.52318760649355 41
1739451673209 91.06462257963551 42
1739451673211 89.62585424776083 43
1739451673213 88.20684502212144 44
1739451673216 86.80755605065137 45
1739451673220 85.42794716266108 46
1739451673224 84.06797681040463 47
1739451673227 82.72760200739407 48
1739451673229 81.4067782633082 49
1739451673231 80.10545951532099 50
1739451673235 78.82359805565522 51
1739451673240 77.56114445514972 52
1739451673243 76.31804748261173 53
1739451673247 75.09425401971043 54
1739451673255 73.88970897115192 55
1739451673260 72.70435516986053 56
1739451673264 71.5381332768766 57
1739451673269 70.39098167566443 58
1739451673274 69.2628363605103 59
1739451673277 68.15363081867471 60
1739451673281 67.06329590594916 61
1739451673285 65.99175971525392 62
1739451673291 64.93894743790091 63
1739451673294 63.904781217135145 64
1739451673298 62.88917999355904 65
1739451673302 61.892059342038436 66
1739451673307 60.913331299686654 67
1739451673311 59.95290418452526 68
1739451673313 59.01068240442839 69
1739451673317 58.08656625597303 70
1739451673322 57.18045171284144 71
1739451673326 56.29223020345745 72
1739451673330 55.42178837758608 73
1739451673335 54.56900786169044 74
1739451673340 53.73376500292198 75
1739451673344 52.91593060172626 76
1739451673347 52.11536963317784 77
1739451673349 51.33194095732055 78
1739451673353 50.565497018989134 79
1739451673358 49.81588353782909 80
1739451673362 49.08293918952014 81
1739451673364 48.36649527955339 82
1739451673367 47.66637541131663 83
1739451673372 46.98239515071617 84
1739451673376 46.3143616901117 85
1739451673379 45.66207351496943 86
1739451673381 45.025320077352525 87
1739451673384 44.40388148116823 88
1739451673389 43.79752818497674 89
1739451673393 43.20602072913254 90
1739451673395 42.62910949506068 91
1739451673397 42.06653450555028 92
1739451673399 41.51802527604283 93
1739451673405 40.98330072796305 94
1739451673409 40.46206917612806 95
1739451673411 39.95402840310534 96
1739451673414 39.45886583398435 97
1739451673416 38.97625882527713 98
1739451673422 38.50587508145593 99
