1739453055506 141.58193133634455 0
1739453055512 128.24658941580552 1
1739453055517 100.79130882462823 2
1739453055522 83.566717782331 3
1739453055528 67.54903854572629 4
1739453055533 50.698823264738294 5
1739453055538 39.30090190103973 6
1739453055542 28.61033476002467 7
1739453055547 19.529489096214572 8
1739453055551 10.048589129294069 9
1739453055555 5.461529288618261 10
1739453055560 2.236478815640253 11
1739453055565 0.42694335572429215 12
1739453055569 0.21320237981265183 13
1739453055573 0.08856607620917241 14
1739453055579 0.1075024762789469 15
1739453055584 0.17821147286807348 16
1739453055588 0.11718620855175088 17
1739453055598 0.06395744133333615 18
1739453055603 0.14088257372206395 19
1739453055606 0.133757521493108 20
1739453055610 0.11917821636403358 21
1739453055616 0.07894478781280771 22
