1739451668767 168.91407275456154 0
1739451668773 168.04849617655725 1
1739451668776 167.18509410703444 2
1739451668778 166.32388281334445 3
1739451668781 165.4648737327717 4
1739451668783 164.60807487339446 5
1739451668787 163.75349182486835 6
1739451668790 162.90112847914656 7
1739451668793 162.05098754027063 8
1739451668795 161.2030708829814 9
1739451668797 160.35737980401598 10
1739451668800 159.51391519772864 11
1739451668804 158.6726776785902 12
1739451668807 157.8336676665164 13
1739451668810 156.99688544624604 14
1739451668812 156.16233120863032 15
1739451668814 155.33000507932942 16
1739451668816 154.49990713874843 17
1739451668821 153.67203743588325 18
1739451668824 152.84639599793394 19
1739451668827 152.02298283697908 20
1739451668829 151.20179795460797 21
1739451668832 150.3828413451355 22
1739451668835 149.56611299783302 23
1739451668839 148.75161289847637 24
1739451668842 147.9393410304196 25
1739451668844 147.12929737533997 26
1739451668847 146.32148191375472 27
1739451668849 145.51589462537936 28
1739451668853 144.71253548937625 29
1739451668857 143.91140448452708 30
1739451668860 143.11250158935204 31
1739451668863 142.315826782193 32
1739451668865 141.52138004127073 33
1739451668869 140.72916134472476 34
1739451668874 139.939170670641 35
1739451668877 139.1514079970707 36
1739451668881 138.36587330204387 37
1739451668885 137.5825665635783 38
1739451668892 136.80148775968595 39
1739451668897 136.02263686837742 40
1739451668904 135.24601386766486 41
1739451668910 134.47161873556402 42
1739451668915 133.6994514500958 43
1739451668923 132.92951198928736 44
1739451668928 132.16180033117246 45
1739451668934 131.39631645379222 46
1739451668941 130.6330603351953 47
1739451668945 129.87203195343798 48
1739451668948 129.1132312865847 49
1739451668954 128.35665831270765 50
1739451668960 127.60231300988723 51
1739451668963 126.85019535621177 52
1739451668966 126.10030532977775 53
1739451668973 125.35264290868965 54
1739451668977 124.60720807106009 55
1739451668980 123.86400079500963 56
1739451668985 123.12302105866695 57
1739451668991 122.38426884016859 58
1739451668996 121.64774411765916 59
1739451668999 120.91344686929119 60
1739451669005 120.18137707322505 61
1739451669009 119.45153470762908 62
1739451669012 118.72391975067937 63
1739451669016 117.99853218055988 64
1739451669023 117.27537197546238 65
1739451669029 116.55443911358627 66
1739451669034 115.83573357313877 67
1739451669042 115.11925533233469 68
1739451669046 114.40500436939655 69
1739451669050 113.69298066255443 70
1739451669055 112.98318419004599 71
1739451669058 112.27561493011645 72
1739451669061 111.57027286101842 73
1739451669063 110.86715796101205 74
1739451669065 110.16627020836494 75
1739451669069 109.46760958135195 76
1739451669073 108.77117605825536 77
1739451669075 108.07696961736471 78
1739451669078 107.38499023697682 79
1739451669080 106.69523789539565 80
1739451669083 106.00771257093241 81
1739451669087 105.32241424190546 82
1739451669090 104.63934288664008 83
1739451669093 103.95849848346879 84
1739451669096 103.27988101073096 85
1739451669098 102.60349044677295 86
1739451669103 101.929326769948 87
1739451669107 101.25738995861624 88
1739451669111 100.58767999114461 89
1739451669115 99.92019684590674 90
1739451669121 99.25494050128306 91
1739451669126 98.59191093566055 92
1739451669130 97.93110812743288 93
1739451669134 97.27253205500021 94
1739451669139 96.6161826967693 95
1739451669142 95.96206003115323 96
1739451669145 95.31016403657156 97
1739451669148 94.66049469145018 98
1739451669153 94.01305197422123 99
