1739453012688 168.90082104802957 0
1739453012691 168.04398106669842 1
1739453012693 167.18950923217824 2
1739453012697 166.3378351517764 3
1739453012700 165.4890427419482 4
1739453012702 164.64314794160086 5
1739453012705 163.80015332665423 6
1739453012707 162.96005884328505 7
1739453012709 162.12286391643698 8
1739453012711 161.2885678638433 9
1739453012715 160.45716997724927 10
1739453012717 159.6286695382939 11
1739453012719 158.80306582156632 12
1739453012721 157.9803580951454 13
1739453012723 157.16054562064434 14
1739453012725 156.34362765315817 15
1739453012728 155.52960344119037 16
1739453012731 154.71847222657516 17
1739453012733 153.9102332443976 18
1739453012735 153.10488572291263 19
1739453012738 152.30242888346245 20
1739453012740 151.50286194039325 21
1739453012742 150.70618410096998 22
1739453012744 149.91239456529044 23
1739453012748 149.12149252619784 24
1739453012750 148.33347716919187 25
1739453012752 147.5483476723387 26
1739453012755 146.76610320617948 27
1739453012757 145.9867429336373 28
1739453012759 145.21026600992312 29
1739453012763 144.4366715824398 30
1739453012765 143.66595879068495 31
1739453012768 142.8981267661522 32
1739453012770 142.1331746322308 33
1739453012772 141.37110150410396 34
1739453012774 140.6119064886453 35
1739453012777 139.85558868431394 36
1739453012780 139.10214718104768 37
1739453012782 138.35158106015476 38
1739453012784 137.60388939420383 39
1739453012787 136.859071246912 40
1739453012789 136.11712567303147 41
1739453012791 135.37805171823396 42
1739453012793 134.6418484189938 43
1739453012797 133.90851480246852 44
1739453012800 133.1780498863781 45
1739453012803 132.45045267888204 46
1739453012805 131.72572217845445 47
1739453012807 131.00385737375697 48
1739453012809 130.28485724351015 49
1739453012812 129.56872075636213 50
1739453012815 128.85544687075551 51
1739453012818 128.1450345347922 52
1739453012820 127.43748268609542 53
1739453012822 126.7327902516705 54
1739453012824 126.03095614776211 55
1739453012826 125.3319792797103 56
1739453012829 124.63585854180344 57
1739453012832 123.94259281712897 58
1739453012834 123.25218097742165 59
1739453012836 122.5646218829092 60
1739453012839 121.87991438215563 61
1739453012841 121.19805731190156 62
1739453012843 120.51904949690224 63
1739453012846 119.84288974976236 64
1739453012849 119.16957687076868 65
1739453012851 118.49910964771941 66
1739453012853 117.83148685575067 67
1739453012856 117.16670725716033 68
1739453012858 116.50476960122843 69
1739453012860 115.845672624035 70
1739453012864 115.18941504827421 71
1739453012866 114.53599558306585 72
1739453012869 113.88541292376311 73
1739453012871 113.23766575175738 74
1739453012873 112.59275273427951 75
1739453012875 111.95067252419763 76
1739453012879 111.31142375981143 77
1739453012882 110.67500506464286 78
1739453012885 110.04141504722324 79
1739453012887 109.4106523008765 80
1739453012889 108.78271540349878 81
1739453012892 108.15760291733383 82
1739453012897 107.53531338874488 83
1739453012900 106.91584534798201 84
1739453012903 106.29919730894578 85
1739453012906 105.68536776894628 86
1739453012910 105.07435520845816 87
1739453012916 104.46615809087125 88
1739453012920 103.8607748622363 89
1739453012923 103.25820395100683 90
1739453012925 102.65844376777571 91
1739453012927 102.06149270500732 92
1739453012931 101.46734913676461 93
1739453012934 100.8760114184315 94
1739453012937 100.28747788642994 95
1739453012939 99.70174685793181 96
1739453012941 99.11881663056592 97
1739453012943 98.53868548211904 98
1739453012946 97.96135167023195 99
