1739449906531 133.99974649139526 0
1739449906536 107.51000876002693 1
1739449906540 77.00303783137896 2
1739449906543 58.263482461034314 3
1739449906547 41.90887930061423 4
1739449906554 24.81477744015106 5
1739449906558 13.911736233686948 6
1739449906561 6.268835683140268 7
1739449906566 1.3934901539319344 8
1739449906570 0.3081265582832355 9
1739449906574 0.10283163966332946 10
1739449906577 0.11436748678979371 11
1739449906581 0.15903283807813934 12
1739449906586 0.18527623381378538 13
1739449906590 0.11698976707052797 14
1739449906593 0.12639028331134902 15
