1739297730921 136.4708815325023 0
1739297730924 114.49813819753582 1
1739297730929 88.11865838222909 2
1739297730934 46.045309074660395 3
1739297730939 34.53133643583051 4
1739297730944 18.130362847752963 5
1739297730948 9.496525044617183 6
1739297730951 1.5886092774154876 7
1739297730954 0.1560888382545286 8
1739297730956 0.4958427823908479 9
1739297730961 0.07143767983709885 10
1739297730964 0.03550403951222469 11
1739297730967 0.15851337776539193 12
1739297730969 0.08099007883512303 13
1739297730972 0.03503043011187834 14
1739297730977 0.04671900934278533 15
1739297730981 0.11281669694429142 16
1739297730984 0.06676045602225261 17
1739297730986 0.05633001143370937 18
1739297730988 0.1797069486068576 19
1739297730991 0.21465353365074413 20
1739297730995 0.2947524234193179 21
1739297730998 0.07683589853058816 22
1739297731000 0.5974875740419534 23
1739297731003 0.05650047399721233 24
1739297731005 0.016990392484425403 25
1739297731007 0.2566354540581206 26
1739297731011 0.11970035689578264 27
1739297731014 0.060422512117482674 28
1739297731017 0.22147492465085467 29
1739297731019 0.13030956054430737 30
1739297731022 0.0367548518235044 31
1739297731025 0.02913636357656229 32
1739297731029 0.06663369287193427 33
1739297731032 0.17580564735865437 34
1739297731034 0.10779715501023719 35
1739297731037 0.19508107572475503 36
1739297731039 0.5189159730219537 37
1739297731042 0.08993752263120444 38
1739297731047 0.17378024093127437 39
1739297731050 0.08133075028633241 40
1739297731052 0.04622658426234155 41
1739297731055 0.17045361025463046 42
1739297731057 0.25372987044261736 43
1739297731061 0.2646496985921287 44
1739297731064 0.0832400334905253 45
1739297731067 0.02354745739035386 46
1739297731069 0.027444062462240085 47
1739297731071 0.2656396945302787 48
