1739451213778 39.77288363697024 0
1739451213785 0.07069302288534449 1
1739451213789 0.17631675348075881 2
1739451213795 0.09373843739703629 3
1739451213801 0.23414231762119875 4
1739451213805 0.13771902012797094 5
1739451213809 0.18621740833993053 6
1739451213816 0.13534916226789248 7
1739451213820 0.14969910466830524 8
1739451213824 0.28488492554062667 9
1739451213830 0.12808451350949135 10
1739451213836 0.2852360377257022 11
1739451213841 0.11854395559533625 12
1739451213848 0.16910576190133575 13
1739451213853 0.11196134948694328 14
1739451213856 0.23040157918156684 15
1739451213863 0.25049110167136973 16
1739451213868 0.21047105468953975 17
1739451213872 0.14274145519076487 18
1739451213876 0.09287088855937067 19
1739451213883 0.16051109956934992 20
1739451213888 0.1632635860412271 21
1739451213894 0.24372969053854562 22
1739451213900 0.22279884083547058 23
1739451213907 0.10700474801249042 24
1739451213915 0.1007661071580999 25
1739451213921 0.16231762513806375 26
1739451213929 0.11082750004401344 27
1739451213936 0.15419003227709563 28
1739451213941 0.21035000748233626 29
1739451213950 0.06555171956076548 30
1739451213956 0.242010350270793 31
1739451213964 0.14864797249686706 32
1739451213970 0.15058534568761112 33
1739451213975 0.16837621835930422 34
1739451213983 0.06685709722217252 35
1739451213990 0.0913133637838589 36
1739451213999 0.1327630048978143 37
1739451214006 0.04808420274607871 38
1739451214011 0.14343447191270348 39
