1739451706407 40.799576953070286 0
1739451706414 0.22264584696922507 1
1739451706423 0.15583813631234555 2
1739451706430 0.0675849250418622 3
1739451706438 0.1255371796536744 4
1739451706445 0.140639848977365 5
1739451706451 0.24133133310227248 6
1739451706461 0.21686084053365523 7
1739451706471 0.09931091485813177 8
1739451706478 0.07758977915614926 9
1739451706485 0.2034518739721686 10
1739451706493 0.08965606271455838 11
1739451706500 0.3748523092034065 12
1739451706507 0.3420086739404009 13
1739451706513 0.177420090765463 14
1739451706518 0.11539163293102411 15
1739451706527 0.07880866235316512 16
1739451706533 0.17461572198870878 17
1739451706541 0.18340558493099318 18
1739451706546 0.1378237265129695 19
1739451706554 0.09885098893068298 20
1739451706559 0.12242117021018369 21
1739451706565 0.09244901985884643 22
1739451706572 0.15359395161838094 23
1739451706578 0.1465799659488597 24
1739451706583 0.15867424847750577 25
1739451706589 0.14408335205055073 26
1739451706593 0.12303408097943873 27
1739451706597 0.09275780298753544 28
1739451706602 0.20518499242801302 29
1739451706607 0.12631837547339395 30
1739451706611 0.22087286591332583 31
1739451706615 0.063911524020386 32
1739451706622 0.13003258432012274 33
1739451706627 0.1305307912251687 34
1739451706633 0.06202837667283484 35
1739451706639 0.07169202445999046 36
1739451706644 0.09151259595934 37
1739451706648 0.20519939267000756 38
1739451706654 0.1450530300107584 39
1739451706660 0.13662633809553978 40
1739451706665 0.1594491027886559 41
1739451706672 0.1724517191484098 42
1739451706676 0.09560923898009165 43
1739451706681 0.3104554236021539 44
1739451706689 0.180565744485712 45
1739451706695 0.06547568955182266 46
1739451706703 0.16600374276819893 47
1739451706710 0.19296410023412644 48
1739451706716 0.1853435356357885 49
1739451706725 0.16616307304291547 50
1739451706731 0.2089167579923838 51
1739451706739 0.11303927631861777 52
1739451706744 0.07627371362130335 53
1739451706748 0.17004362842752785 54
1739451706755 0.29936429071184834 55
1739451706760 0.18739457690077715 56
1739451706765 0.26186744068244133 57
1739451706772 0.11665745444768402 58
1739451706777 0.08041749194456721 59
1739451706781 0.2582100725149296 60
1739451706789 0.08292658403849225 61
1739451706793 0.09047808616698994 62
1739451706797 0.0954861176817988 63
1739451706804 0.19279719509470686 64
1739451706810 0.12587046923646858 65
1739451706815 0.24323689571591353 66
1739451706823 0.16160475070217745 67
1739451706829 0.047647912843617135 68
1739451706837 0.09088061192022528 69
1739451706843 0.2072755659863009 70
1739451706849 0.1215012337384061 71
1739451706857 0.050689876636111075 72
1739451706862 0.22044341264344713 73
1739451706869 0.12487982010895664 74
1739451706875 0.1745220256110432 75
1739451706880 0.1723676621616437 76
1739451706889 0.2478394106512897 77
1739451706895 0.17387554665758959 78
1739451706901 0.2680102396609747 79
1739451706909 0.2249351562842207 80
1739451706914 0.155333039824733 81
1739451706921 0.3153398577826923 82
1739451706927 0.17547611382891792 83
1739451706932 0.11350416402717091 84
1739451706941 0.1887534641453585 85
1739451706946 0.13142395924818448 86
1739451706957 0.12498526611381705 87
1739451706963 0.11370970777702238 88
1739451706972 0.18723468543181643 89
1739451706978 0.169374952777684 90
1739451706986 0.1941121266767273 91
1739451706993 0.08178313459129742 92
1739451707001 0.05280023839903986 93
1739451707009 0.11031065567746627 94
1739451707014 0.09469723057641322 95
1739451707024 0.2294548114253327 96
1739451707030 0.11045537627657473 97
1739451707039 0.3065074664777851 98
1739451707045 0.22751426540830016 99
