1739449495941 81.87554099922477 0
1739449495944 27.57376915595822 1
1739449495947 2.596123505066134 2
1739449495949 0.3081516575722948 3
1739449495953 0.07251463222007523 4
1739449495957 0.06294450814184523 5
1739449495960 0.19908942470814223 6
1739449495963 0.11824944521206819 7
1739449495965 0.15817173545793745 8
1739449495969 0.0965537676948918 9
1739449495974 0.19591953879183852 10
1739449495977 0.15872753674158005 11
1739449495979 0.10203495966436989 12
1739449495982 0.282099254695135 13
1739449495985 0.148013319732969 14
1739449495989 0.14415043827620186 15
1739449495992 0.11597955201910685 16
1739449495995 0.17912514475726446 17
1739449495998 0.19305344663797955 18
1739449496000 0.23430558919296235 19
1739449496004 0.20119593382910614 20
1739449496008 0.14946337764280318 21
1739449496011 0.1693622485975204 22
1739449496014 0.02786013765207639 23
1739449496017 0.2418513398697176 24
1739449496023 0.1443930548340338 25
1739449496028 0.17077438592922028 26
1739449496031 0.09377667257966713 27
1739449496034 0.09561446194526345 28
1739449496041 0.12741404959052943 29
1739449496046 0.03950394598995522 30
1739449496049 0.2108601004829319 31
1739449496052 0.21144578982671997 32
1739449496056 0.15943465136095747 33
1739449496060 0.12469173924856188 34
1739449496063 0.3242041475532459 35
1739449496066 0.12282445915836922 36
1739449496070 0.23212289702740418 37
1739449496074 0.21206242568290698 38
1739449496078 0.05546810188766541 39
1739449496080 0.10212043789925683 40
1739449496083 0.20476265786810519 41
1739449496087 0.10229616565347475 42
1739449496091 0.10017230960849043 43
1739449496094 0.14942600577224446 44
1739449496097 0.36114517269736013 45
1739449496100 0.07348443542892014 46
1739449496104 0.16860529383464237 47
1739449496108 0.08186173465281141 48
1739449496112 0.15893789619832965 49
1739449496115 0.23172660140497214 50
1739449496119 0.16651968450010526 51
1739449496123 0.14853298089610753 52
1739449496127 0.09249413353075797 53
1739449496130 0.17867237747193926 54
1739449496133 0.15192080465285335 55
1739449496137 0.19004280948627078 56
1739449496141 0.047557085163311086 57
1739449496146 0.1838783606949439 58
1739449496149 0.12283555883660008 59
1739449496153 0.06949656300160471 60
1739449496157 0.18261222589613374 61
1739449496163 0.05851347758212435 62
1739449496169 0.2134269672783235 63
1739449496175 0.09570361242564737 64
1739449496180 0.18366047160346372 65
1739449496183 0.14355705828389714 66
1739449496189 0.05797600845293701 67
1739449496195 0.2722856912118164 68
1739449496199 0.22754741797774822 69
1739449496203 0.21648143490580568 70
1739449496207 0.12265250529545517 71
1739449496211 0.16450737442920368 72
1739449496214 0.2528184254512466 73
1739449496217 0.09245794841198261 74
1739449496223 0.18105896603767357 75
1739449496230 0.09299486463002268 76
1739449496233 0.12939299240993446 77
1739449496237 0.17099958348350572 78
1739449496243 0.14913265550071417 79
1739449496246 0.2095492038475061 80
1739449496249 0.06980289187429026 81
1739449496253 0.13468691797035928 82
1739449496258 0.0714871153224322 83
1739449496261 0.25590083062666036 84
1739449496264 0.14367974938746264 85
