1739451611088 34.17286561778974 0
1739451611095 0.13213980260907662 1
1739451611102 0.13443193141745677 2
1739451611109 0.17104372540078477 3
1739451611116 0.12098152819709632 4
1739451611123 0.20993848107880525 5
1739451611130 0.10976193526796482 6
1739451611136 0.06767739896178682 7
1739451611142 0.08693663820325362 8
1739451611149 0.1785978449944473 9
1739451611156 0.12267680365297007 10
1739451611163 0.07703110754635001 11
1739451611169 0.14971684042907396 12
1739451611175 0.10565677619297804 13
1739451611182 0.10747632326872339 14
1739451611188 0.14635573243133188 15
1739451611196 0.06095308552236944 16
1739451611202 0.07533412944187591 17
1739451611209 0.05824035199482269 18
1739451611216 0.11350612088150656 19
1739451611222 0.24709784954389444 20
1739451611229 0.079290772833338 21
1739451611235 0.28018354023331543 22
1739451611242 0.06631175996416049 23
1739451611248 0.11553683244176763 24
1739451611254 0.2110160540394472 25
1739451611261 0.41202953677162535 26
