1739451206016 41.74910302459338 0
1739451206021 0.22566950541478376 1
1739451206025 0.1362122165587154 2
1739451206031 0.13950203832973462 3
1739451206035 0.13433396704908795 4
1739451206039 0.21750366727980786 5
1739451206043 0.07932999895993503 6
1739451206049 0.09407991509375328 7
1739451206054 0.15461652553710237 8
1739451206058 0.16966519475394273 9
1739451206064 0.2069010781467472 10
1739451206068 0.10852094512141243 11
1739451206072 0.104716550788753 12
1739451206076 0.18343606569844906 13
1739451206083 0.1470737428144719 14
1739451206088 0.21077904861180075 15
1739451206093 0.22223201752876137 16
1739451206100 0.1518489270891543 17
1739451206104 0.15631619413176998 18
1739451206107 0.12329352470035226 19
1739451206114 0.2609634023500991 20
1739451206119 0.19291597328034948 21
1739451206122 0.18433658051705132 22
1739451206128 0.13042547242493557 23
1739451206134 0.06629281725094706 24
1739451206138 0.4360988187013229 25
1739451206141 0.20238599019231504 26
1739451206148 0.18559588246560144 27
1739451206153 0.13662214304575293 28
1739451206156 0.1802980152213489 29
1739451206162 0.1956242777227282 30
1739451206169 0.13154696776780356 31
1739451206173 0.17762482993829418 32
1739451206179 0.12428078300277148 33
1739451206185 0.29218695589711513 34
1739451206190 0.19265761474642093 35
1739451206195 0.141873673930679 36
1739451206200 0.0843880760154988 37
1739451206205 0.29061090385421784 38
1739451206209 0.1472143546069613 39
1739451206216 0.23715196422036 40
1739451206221 0.12039583688059438 41
1739451206226 0.04862903612218907 42
1739451206233 0.24724948426067822 43
1739451206238 0.0837838461432572 44
1739451206243 0.11267988454602985 45
1739451206249 0.23614922047359654 46
1739451206254 0.13576865711966532 47
1739451206257 0.15949084412403391 48
1739451206264 0.11096815459633877 49
1739451206269 0.15566877579700605 50
1739451206272 0.08893437105208961 51
1739451206277 0.08901406737651725 52
1739451206284 0.1706662025056147 53
1739451206289 0.06328835867385764 54
1739451206294 0.10490777488496514 55
1739451206300 0.3217921165896004 56
1739451206304 0.08358977407194572 57
1739451206308 0.10494789312952663 58
1739451206315 0.2196386361595008 59
1739451206320 0.07048373028113666 60
1739451206324 0.1334253040929885 61
1739451206331 0.09084839988233954 62
1739451206335 0.17033303304122516 63
1739451206339 0.22864860992520025 64
1739451206343 0.07095578882937965 65
1739451206349 0.3172056842439048 66
1739451206353 0.12685651962394684 67
1739451206357 0.22432858858475832 68
1739451206364 0.07323665510087514 69
1739451206369 0.13561064311287852 70
1739451206373 0.1359775376740854 71
1739451206380 0.09716362412518918 72
1739451206386 0.07676376763154531 73
1739451206390 0.10217033368073349 74
1739451206396 0.09543684805640504 75
1739451206402 0.12340295821555716 76
1739451206408 0.08710318416041389 77
1739451206414 0.1153057558858508 78
1739451206419 0.24906862521370302 79
1739451206423 0.1693583537138718 80
1739451206429 0.12944599256869097 81
1739451206435 0.14875611025306018 82
1739451206439 0.22985758375995577 83
1739451206444 0.2449345756297197 84
1739451206450 0.17745998355872553 85
1739451206454 0.12723377189377696 86
1739451206458 0.16433178337314447 87
1739451206465 0.15188310990167903 88
1739451206471 0.17683505414532355 89
1739451206478 0.09342661638998973 90
1739451206486 0.08866671091000097 91
1739451206491 0.06577165948783151 92
1739451206498 0.1436323440161433 93
1739451206504 0.222527353061381 94
1739451206508 0.20764290342636044 95
1739451206517 0.1348013795558171 96
1739451206522 0.21873703787899768 97
1739451206529 0.2554603427378967 98
1739451206535 0.06307521024459883 99
