1739453016599 168.90082104802957 0
1739453016601 168.52929035397827 1
1739453016603 168.15814877967912 2
1739453016605 167.78741143251568 3
1739453016607 167.41708281594663 4
1739453016610 167.04716426838968 5
1739453016613 166.67765618480396 6
1739453016615 166.3085586790396 7
1739453016617 165.9398717812059 8
1739453016620 165.5715954964716 9
1739453016622 165.20372982258104 10
1739453016624 164.83627475507186 11
1739453016626 164.46923028882932 12
1739453016629 164.1025964185487 13
1739453016632 163.7363731388737 14
1739453016634 163.37056044443702 15
1739453016637 163.00515832987298 16
1739453016639 162.6401667898209 17
1739453016641 162.27558581892632 18
1739453016643 161.91141541184112 19
1739453016647 161.54765556322397 20
1739453016649 161.18430626773994 21
1739453016651 160.82136752006087 22
1739453016653 160.45883931486506 23
1739453016655 160.09672164683755 24
1739453016657 159.7350145106699 25
1739453016660 159.37371790106033 26
1739453016663 159.01283181271356 27
1739453016665 158.65235624034096 28
1739453016668 158.29229117866055 29
1739453016670 157.93263662239693 30
1739453016672 157.57339256628111 31
1739453016674 157.21455900505092 32
1739453016676 156.85613593345067 33
1739453016679 156.4981233462312 34
1739453016682 156.14052123815006 35
1739453016684 155.78332960397117 36
1739453016686 155.42654843846523 37
1739453016688 155.0701777364094 38
1739453016690 154.7142174925874 39
1739453016692 154.35866770178956 40
1739453016696 154.00352835881273 41
1739453016698 153.64879945846033 42
1739453016701 153.29448099554233 43
1739453016703 152.94057296487523 44
1739453016705 152.5870753612822 45
1739453016707 152.23398817959273 46
1739453016709 151.88131141464308 47
1739453016712 151.52904506127587 48
1739453016715 151.17718911434042 49
1739453016718 150.82574356869247 50
1739453016720 150.47470841919426 51
1739453016722 150.1240836607147 52
1739453016724 149.77386928812913 53
1739453016726 149.42406529631944 54
1739453016729 149.07467168017402 55
1739453016732 148.72568843458774 56
1739453016734 148.37711555446208 57
1739453016737 148.028953034705 58
1739453016739 147.68120087023092 59
1739453016741 147.3338590559608 60
1739453016743 146.98692758682213 61
1739453016746 146.64040645774887 62
1739453016749 146.29429566368142 63
1739453016751 145.94859519956682 64
1739453016754 145.60330506035845 65
1739453016757 145.25842524101625 66
1739453016759 144.9139557365067 67
1739453016762 144.56989654180262 68
1739453016766 144.22624765188345 69
1739453016768 143.88300906173504 70
1739453016771 143.54018076634975 71
1739453016774 143.19776276072633 72
1739453016777 142.8557550398701 73
1739453016780 142.5141575987928 74
1739453016783 142.17297043251259 75
1739453016786 141.83219353605418 76
1739453016788 141.4918269044487 77
1739453016791 141.1518705327337 78
1739453016793 140.8123244159532 79
1739453016796 140.47318854915775 80
1739453016799 140.13446292740417 81
1739453016802 139.7961475457559 82
1739453016804 139.45824239928268 83
1739453016807 139.12074748306085 84
1739453016809 138.78366279217298 85
1739453016812 138.44698832170823 86
1739453016816 138.11072406676215 87
1739453016818 137.77487002243663 88
1739453016820 137.43942618384014 89
1739453016823 137.10439254608744 90
1739453016825 136.76976910429974 91
1739453016827 136.43555585360468 92
1739453016831 136.1017527891363 93
1739453016834 135.76835990603507 94
1739453016836 135.4353771994478 95
1739453016838 135.1028046645278 96
1739453016840 134.77064229643466 97
1739453016843 134.43889009033447 98
1739453016846 134.10754804139967 99
