1739448970575 73.51728957721298 0
1739448970582 26.620603167248174 1
1739448970586 1.0304598635749773 2
1739448970590 0.07085064382330042 3
1739448970595 0.08008609222915693 4
1739448970601 0.08495869672711825 5
1739448970604 0.03587623873634825 6
1739448970607 0.07086656901717947 7
1739448970610 0.025880328146220693 8
1739448970616 0.13044151520549718 9
1739448970622 0.02162737958770106 10
1739448970625 0.4446771037182208 11
1739448970628 0.1259255861315151 12
1739448970631 0.07749077823969593 13
1739448970636 0.06517973994119675 14
1739448970641 0.30611611252727317 15
1739448970644 0.09059627282262081 16
1739448970648 0.0820248822999 17
1739448970652 0.09257637413841546 18
1739448970655 0.10111954927247051 19
1739448970659 0.02176171166470474 20
1739448970663 0.05147736671466177 21
1739448970668 0.15806317146177576 22
1739448970673 0.042206556611746944 23
1739448970678 0.13521171770419962 24
1739448970687 0.07691750465204303 25
1739448970690 0.13157072024870747 26
1739448970693 0.058949341952535435 27
1739448970697 0.04959767820539979 28
1739448970701 0.10156684859688744 29
1739448970704 0.06263234994309999 30
1739448970707 0.22980112828177818 31
1739448970711 0.07753483497126559 32
1739448970714 0.03938365182914519 33
1739448970719 0.014864180849684317 34
1739448970722 0.054144446754410214 35
1739448970724 0.04414121413355149 36
1739448970727 0.2046504161672419 37
1739448970730 0.1723452980956885 38
1739448970734 0.30839080174424566 39
1739448970737 0.1786941327422251 40
1739448970740 0.035728575696041556 41
1739448970743 0.04510078946939442 42
1739448970746 0.05397807108546559 43
1739448970750 0.045032557605030894 44
1739448970754 0.07739811090108888 45
1739448970757 0.04490335131478171 46
1739448970760 0.04590795521349587 47
1739448970762 0.3614761424129975 48
1739448970767 0.32418875797205604 49
1739448970773 0.11481452666757692 50
1739448970776 0.21342788940572105 51
1739448970779 0.12455268340634874 52
1739448970785 0.5753109540827817 53
1739448970791 0.04684804436467324 54
1739448970795 0.1455231499846226 55
1739448970801 0.1661881890954891 56
1739448970805 0.061313300422574324 57
1739448970809 0.11947192499689893 58
