1739450830286 39.38566874262196 0
1739450830291 13.396709050288232 1
1739450830298 9.182217465987087 2
1739450830308 3.805532868063427 3
1739450830315 0.9009308188353504 4
1739450830323 0.2696467605790313 5
1739450830332 0.08118683091704812 6
1739450830341 0.12301037150931286 7
1739450830350 0.11660505374623216 8
1739450830357 0.13857125985597527 9
1739450830366 0.14130142765097184 10
1739450830376 0.1235084707197461 11
1739450830387 0.1085999715291233 12
1739450830398 0.1728505247198903 13
1739450830410 0.09595710868175476 14
1739450830424 0.18247746931003642 15
1739450830436 0.11489466159518942 16
1739450830447 0.09062754965926344 17
1739450830457 0.13118573832897024 18
1739450830463 0.14534966803284624 19
1739450830475 0.27147530156871846 20
1739450830488 0.15101522777363907 21
1739450830497 0.13163248691817903 22
1739450830508 0.19322627966010242 23
1739450830515 0.09929700317195794 24
1739450830526 0.2080707794274383 25
1739450830531 0.17363660036558012 26
1739450830537 0.13503833909323132 27
1739450830543 0.11982011935958217 28
1739450830550 0.21246571122492375 29
1739450830555 0.09267679175113679 30
1739450830559 0.12427851913542151 31
1739450830562 0.1619061594026442 32
1739450830569 0.13410129000578822 33
1739450830572 0.15044841970721318 34
1739450830576 0.24197878833835018 35
1739450830579 0.13716721334515422 36
1739450830585 0.24773855011506346 37
1739450830590 0.09690081096076553 38
1739450830595 0.5073077184601432 39
1739450830602 0.11694071597287221 40
1739450830606 0.18821463282612644 41
1739450830609 0.12431554727230398 42
1739450830613 0.1432555361987884 43
1739450830619 0.13679555248438363 44
1739450830623 0.10742061043672486 45
