1739451651893 169.01961904378464 0
1739451651896 168.33176530618744 1
1739451651898 167.50878793595976 2
1739451651901 166.66118199586114 3
1739451651905 165.81098461930387 4
1739451651908 164.96258839004233 5
1739451651911 164.1168683549753 6
1739451651913 163.27399840344012 7
1739451651916 162.4340126627347 8
1739451651918 161.5969173980851 9
1739451651923 160.76271331664793 10
1739451651926 159.9314000130634 11
1739451651929 159.10297685547235 12
1739451651931 158.27744316205536 13
1739451651935 157.45479823616265 14
1739451651941 156.63504137325725 15
1739451651944 155.81817186224077 16
1739451651948 155.00418898565758 17
1739451651950 154.19309201967533 18
1739451651955 153.38488023401962 19
1739451651958 152.57955289189863 20
1739451651961 151.77710924992505 21
1739451651963 150.9775485580362 22
1739451651965 150.1808700594131 23
1739451651968 149.38707299039814 24
1739451651974 148.5961565804115 25
1739451651977 147.80812005186658 26
1739451651980 147.02296262008363 27
1739451651982 146.24068349320274 28
1739451651986 145.4612818720947 29
1739451651991 144.68475695027118 30
1739451651994 143.91110791379316 31
1739451651996 143.14033394117797 32
1739451651999 142.37243420330518 33
1739451652002 141.6074078633204 34
1739451652007 140.8452540765385 35
1739451652010 140.08597199034435 36
1739451652012 139.32956074409265 37
1739451652015 138.5760194690061 38
1739451652017 137.8253472880716 39
1739451652023 137.07754331593537 40
1739451652026 136.33260665879584 41
1739451652028 135.59053641429523 42
1739451652030 134.85133167140938 43
1739451652033 134.11499151033553 44
1739451652037 133.38151500237865 45
1739451652041 132.6509012098357 46
1739451652044 131.92314918587817 47
1739451652047 131.19825797443272 48
1739451652049 130.4762266100597 49
1739451652054 129.75705411783002 50
1739451652058 129.04073951319964 51
1739451652062 128.32728180188232 52
1739451652064 127.61667997972025 53
1739451652066 126.90893303255233 54
1739451652072 126.20403993608045 55
1739451652077 125.5019996557337 56
1739451652080 124.80281114652993 57
1739451652083 124.10647335293557 58
1739451652088 123.41298520872245 59
1739451652093 122.7223456368229 60
1739451652096 122.03455354918201 61
1739451652099 121.34960784660741 62
1739451652104 120.66750741861675 63
1739451652108 119.98825114328247 64
1739451652111 119.3118378870739 65
1739451652114 118.63826650469686 66
1739451652116 117.96753583893029 67
1739451652121 117.2996447204602 68
1739451652125 116.63459196771092 69
1739451652128 115.97237638667323 70
1739451652130 115.31299677072977 71
1739451652132 114.656451900477 72
1739451652136 114.00274054354477 73
1739451652141 113.35186145441214 74
1739451652144 112.70381337422026 75
1739451652146 112.05859503058204 76
1739451652148 111.4162051373883 77
1739451652151 110.77664239461083 78
1739451652156 110.13990548810155 79
1739451652160 109.50599308938861 80
1739451652162 108.8749038554684 81
1739451652165 108.24663642859448 82
1739451652167 107.62118943606202 83
1739451652173 106.99856148998917 84
1739451652177 106.37875118709377 85
1739451652179 105.76175710846675 86
1739451652182 105.14757781934101 87
1739451652185 104.53621186885624 88
1739451652190 103.92765778981972 89
1739451652194 103.32191409846237 90
1739451652196 102.71897929419076 91
1739451652198 102.11885185933448 92
1739451652201 101.52153025888879 93
1739451652207 100.92701294025271 94
1739451652209 100.33529833296225 95
1739451652212 99.74638484841881 96
1739451652214 99.16027087961241 97
1739451652216 98.57695480083999 98
1739451652220 97.99643496741835 99
