1739453020842 168.9111973065381 0
1739453020846 167.92861055878416 1
1739453020849 166.94869879470602 2
1739453020851 165.97226383025574 3
1739453020853 164.99954161643404 4
1739453020855 164.03060104027088 5
1739453020857 163.0654617029422 6
1739453020859 162.10412866763625 7
1739453020862 161.14660270575436 8
1739453020865 160.19288331703834 9
1739453020867 159.24296961940013 10
1739453020869 158.29686061093756 11
1739453020871 157.3545552469882 12
1739453020873 156.41605246270873 13
1739453020875 155.4813511796145 14
1739453020877 154.55045030739723 15
1739453020880 153.62334874435146 16
1739453020882 152.70004537739013 17
1739453020885 151.7805390819375 18
1739453020887 150.8648287217839 19
1739453020889 149.9529131489277 20
1739453020891 149.04479120341114 21
1739453020893 148.14046171315235 22
1739453020896 147.2399234937743 23
1739453020899 146.3431753484308 24
1739453020901 145.45021606762896 25
1739453020904 144.56104442904888 26
1739453020906 143.67565919736018 27
1739453020908 142.79405912403493 28
1739453020910 141.91624294715754 29
1739453020913 141.04220939123104 30
1739453020915 140.17195716698023 31
1739453020917 139.30548497115063 32
1739453020919 138.44279148630457 33
1739453020921 137.58387538061308 34
1739453020923 136.72873530764403 35
1739453020925 135.8773699061467 36
1739453020928 135.02977779983198 37
1739453020932 134.18595759714898 38
1739453020935 133.3459078910572 39
1739453020938 132.5096272587946 40
1739453020939 131.67711426164135 41
1739453020941 130.84836744467927 42
1739453020943 130.02338533654665 43
1739453020947 129.20216644918864 44
1739453020949 128.38470927760272 45
1739453020951 127.57101229957966 46
1739453020953 126.7610739754394 47
1739453020955 125.95489274776187 48
1739453020957 125.15246704111297 49
1739453020959 124.35379526176496 50
1739453020962 123.55887579741182 51
1739453020965 122.7677070168789 52
1739453020967 121.98028726982723 53
1739453020970 121.19661488645183 54
1739453020972 120.41668817717435 55
1739453020974 119.64050543232979 56
1739453020976 118.8680649218469 57
1739453020978 118.09936489492254 58
1739453020981 117.3344035796896 59
1739453020983 116.57317918287818 60
1739453020985 115.81568988947038 61
1739453020987 115.0619338623481 62
1739453020990 114.31190924193375 63
1739453020992 113.56561414582407 64
1739453020995 112.82304666841631 65
1739453020998 112.08420488052711 66
1739453021000 111.3490868290037 67
1739453021002 110.61769053632715 68
1739453021005 109.89001400020769 69
1739453021007 109.16605519317181 70
1739453021009 108.44581206214075 71
1739453021011 107.72928252800072 72
1739453021014 107.01646448516404 73
1739453021016 106.30735580112136 74
1739453021019 105.60195431598456 75
1739453021021 104.90025784202038 76
1739453021023 104.20226416317422 77
1739453021025 103.50797103458397 78
1739453021028 102.81737618208389 79
1739453021032 102.13047730169811 80
1739453021035 101.447272059123 81
1739453021037 100.76775808919952 82
1739453021039 100.09193299537358 83
1739453021041 99.41979434914549 84
1739453021045 98.7513396895075 85
1739453021048 98.08656652236938 86
1739453021051 97.42547231997182 87
1739453021053 96.76805452028707 88
1739453021055 96.11431052640705 89
1739453021057 95.46423770591777 90
1739453021059 94.81783339026076 91
1739453021062 94.17509487408027 92
1739453021065 93.5360194145565 93
1739453021068 92.90060423072427 94
1739453021070 92.26884650277667 95
1739453021072 91.64074337135374 96
1739453021075 91.01629193681524 97
1739453021077 90.39548925849758 98
1739453021080 89.77833235395434 99
