1739451688661 169.01961904378464 0
1739451688664 168.75943079958154 1
1739451688668 168.26562671133436 2
1739451688672 167.56256128817887 3
1739451688675 166.6724931757954 4
1739451688678 165.61571556021198 5
1739451688681 164.4106900381818 6
1739451688684 163.07418032524797 7
1739451688688 161.62138317365336 8
1739451688691 160.06605465049813 9
1739451688693 158.4206305277363 10
1739451688696 156.69633999641547 11
1739451688698 154.90331226740534 12
1739451688704 153.0506758832611 13
1739451688708 151.1466507596311 14
1739451688711 149.19863311475117 15
1739451688713 147.2132735440144 16
1739451688716 145.1965485628647 17
1739451688720 143.1538259828599 18
1739451688723 141.08992450863164 19
1739451688726 139.00916795232936 20
1739451688728 136.9154344606437 21
1739451688730 134.81220114054176 22
1739451688734 132.7025844556404 23
1739451688738 130.58937674742114 24
1739451688741 128.47507921556985 25
1739451688744 126.36193167060597 26
1739451688746 124.25193935040288 27
1739451688748 122.14689707074265 28
1739451688753 120.04841095909468 29
1739451688756 117.95791800063814 30
1739451688760 115.87670360634897 31
1739451688762 113.80591739485918 32
1739451688765 111.7465873628343 33
1739451688771 109.69963260282172 34
1739451688775 107.66587471289719 35
1739451688777 105.64604802894681 36
1739451688780 103.64080879802377 37
1739451688783 101.65074339986383 38
1739451688788 99.67637571326696 39
1739451688791 97.718173714596 40
1739451688793 95.77655538704056 41
1739451688796 93.85189401148382 42
1739451688798 91.94452290272915 43
1739451688803 90.05473964843377 44
1739451688807 88.18280990230144 45
1739451688809 86.32897077785177 46
1739451688812 84.49343388436137 47
1739451688814 82.67638804231599 48
1739451688817 80.87800171187699 49
1739451688822 79.09842516441493 50
1739451688825 77.3377924240587 51
1739451688827 75.59622300341682 52
1739451688830 73.87382345512007 53
1739451688832 72.17068875858259 54
1739451688838 70.48690355935565 55
1739451688841 68.82254327663482 56
1739451688843 67.17767509285268 57
1739451688846 65.55235883782971 58
1739451688851 63.94664777864781 59
1739451688857 62.36058932523687 60
1739451688860 60.794225660614885 61
1739451688864 59.24759430377986 62
1739451688868 57.720728612408564 63
1739451688875 56.213658231762345 64
1739451688879 54.72640949552332 65
1739451688883 53.25900578367975 66
1739451688891 51.81146784203742 67
1739451688896 50.383814067448434 68
1739451688898 48.97606076241614 69
1739451688907 47.58822236234573 70
1739451688912 46.22031163836347 71
1739451688915 44.87233987831657 72
1739451688923 43.54431704828843 73
1739451688929 42.236251936715 74
1739451688934 40.94815228296632 75
1739451688939 39.6800248920585 76
1739451688944 38.43187573698397 77
1739451688948 37.203710049989 78
1739451688956 35.995532403985614 79
1739451688961 34.807346785158316 80
1739451688965 33.63915665771264 81
1739451688973 32.49096502161117 82
1739451688978 31.362774464052382 83
1739451688981 30.254587205366494 84
1739451688986 29.16640513993058 85
1739451688993 28.09822987264033 86
1739451688996 27.05006275141849 87
1739451689001 26.021904896188175 88
1739451689008 25.013757224693475 89
1739451689011 24.02562047550864 90
1739451689015 23.057495228540247 91
1739451689021 22.10938192329432 92
1739451689025 21.181280875150573 93
1739451689028 20.27319228986056 94
1739451689031 19.38511627646224 95
1739451689035 18.517052858783646 96
1739451689041 17.669001985688734 97
1739451689045 16.84096354020276 98
1739451689047 16.03293734763902 99
