1739453058721 112.66030739903775 0
1739453058725 52.81864220139455 1
1739453058732 43.007512571816655 2
1739453058736 32.46389185049872 3
1739453058740 14.436385957384434 4
1739453058745 20.74539941547483 5
1739453058750 14.66139443993401 6
1739453058754 17.258484624141705 7
1739453058757 14.6902740010788 8
1739453058764 13.548086695570422 9
1739453058768 7.943764874822005 10
1739453058772 8.30056196803711 11
1739453058775 8.024915328335995 12
1739453058781 4.817021161926005 13
1739453058785 5.566733673304252 14
1739453058789 5.243430893700095 15
1739453058793 2.463182790496064 16
1739453058799 1.4644601315958734 17
1739453058803 1.8728673713993897 18
1739453058807 1.2412646338576376 19
1739453058811 0.8909542955965332 20
1739453058816 0.4967855973450787 21
1739453058820 0.507447588204096 22
1739453058824 0.22801447684703202 23
1739453058829 0.3058117857365262 24
1739453058833 0.2141942563283172 25
1739453058837 0.17220727122701693 26
1739453058841 0.22303485714249777 27
1739453058847 0.21225542408270007 28
1739453058851 0.1132925824414083 29
1739453058855 0.09534180988288884 30
1739453058859 0.08841669118094322 31
1739453058865 0.12879579198418548 32
1739453058869 0.24498702443293402 33
1739453058872 0.11369976574814175 34
1739453058876 0.06020163293042976 35
1739453058882 0.14676893457142245 36
1739453058886 0.09913283128441985 37
1739453058890 0.08366707657639331 38
1739453058896 0.11147315269915566 39
1739453058901 0.08343650787263959 40
1739453058904 0.08855844770290133 41
1739453058909 0.11866245425050509 42
