1739453079349 40.906785482285265 0
1739453079354 35.99461517282855 1
1739453079358 7.284732258859799 2
1739453079363 4.1942243223887505 3
1739453079367 0.7993395051491605 4
1739453079371 0.3687637482776355 5
1739453079375 0.22329022820242725 6
1739453079380 0.12919566332298635 7
1739453079384 0.10875675103896834 8
1739453079388 0.1153492670890228 9
1739453079393 0.07365524851827403 10
1739453079397 0.12955157877597204 11
1739453079401 0.11061245599942285 12
1739453079405 0.09618419715746612 13
1739453079410 0.09032999645243474 14
1739453079414 0.12663207898050408 15
1739453079418 0.12080939180613079 16
