1739451695062 168.92543757006746 0
1739451695065 168.05258042163916 1
1739451695071 166.5788775457813 2
1739451695075 164.5727207235343 3
1739451695078 162.09912995595113 4
1739451695080 159.2192847663243 5
1739451695084 155.99026863367243 6
1739451695090 152.46497232257875 7
1739451695094 148.69211365316588 8
1739451695097 144.71634064286715 9
1739451695101 140.57839241663675 10
1739451695107 136.31529820270956 11
1739451695110 131.9605994125853 12
1739451695112 127.54458349313892 13
1739451695115 123.0945211343432 14
1739451695121 118.63490067797925 15
1739451695125 114.1876553294729 16
1739451695127 109.77238012985458 17
1739451695130 105.40653668048999 18
1739451695134 101.10564439580597 19
1739451695140 96.88345764145232 20
1739451695144 92.75212853906031 21
1739451695146 88.7223555170406 22
1739451695150 84.80351788558268 23
1739451695154 81.00379683317972 24
1739451695158 77.33028329673984 25
1739451695161 73.78907315870785 26
1739451695163 70.38535018017726 27
1739451695166 67.12345699324882 28
1739451695171 64.00695435076214 29
1739451695174 61.03866866656611 30
1739451695177 58.22072767253725 31
1739451695180 55.55458376667671 32
1739451695183 53.04102432815518 33
1739451695188 50.68016793376572 34
1739451695191 48.471445042743255 35
1739451695193 46.41356136835003 36
1739451695196 44.50444192524253 37
1739451695198 42.741153832837064 38
1739451695204 41.119806740138316 39
1739451695207 39.63543185263359 40
1739451695209 38.28184494892407 41
1739451695212 37.05150665444113 42
1739451695215 35.93540540109677 43
1739451695221 34.92300390387714 44
1739451695225 34.002303446286426 45
1739451695227 33.16008121480906 46
1739451695230 32.38233229530374 47
1739451695233 31.65489730427936 48
1739451695238 30.96419633084258 49
1739451695242 30.297950784833 50
1739451695245 29.645778002419057 51
1739451695248 28.999583682193833 52
1739451695253 28.35373021863895 53
1739451695257 27.705002027438194 54
1739451695261 27.052412434097583 55
1739451695263 26.396902522454173 56
1739451695267 25.740977068333592 57
1739451695272 25.088312535076792 58
1739451695275 24.4433611968407 59
1739451695277 23.810965942878394 60
1739451695280 23.195993160727262 61
1739451695283 22.60298678875174 62
1739451695288 22.03584572884597 63
1739451695292 21.4975302189289 64
1739451695294 20.989811469164415 65
1739451695297 20.51309258716195 66
1739451695301 20.066343171048423 67
1739451695305 19.64719383668862 68
1739451695308 19.252215959835098 69
1739451695311 18.877362359687304 70
1739451695313 18.518487222431308 71
1739451695317 18.171833360495388 72
1739451695323 17.83439003025141 73
1739451695325 17.504070788655067 74
1739451695328 17.17970977835397 75
1739451695330 16.86090807981883 76
1739451695334 16.547777517795605 77
1739451695338 16.240634529760797 78
1739451695341 15.939698406908903 79
1739451695344 15.64484845282743 80
1739451695346 15.355489031101826 81
1739451695349 15.070552500498536 82
1739451695354 14.788635460467573 83
1739451695358 14.508224547897264 84
1739451695361 14.227943783192853 85
1739451695363 13.946758032161243 86
1739451695367 13.664091146816856 87
1739451695372 13.379847437287838 88
1739451695376 13.094348972260327 89
1739451695379 12.808214770559294 90
1739451695384 12.522212883384075 91
1739451695390 12.23711565308328 92
1739451695394 11.953583913777363 93
1739451695397 11.672098049195016 94
1739451695401 11.392942910465885 95
1739451695407 11.116241102373518 96
1739451695411 10.842018182036329 97
1739451695414 10.570277352327386 98
1739451695418 10.301062040038662 99
