1739449206294 8.94574832776588 0
1739449206297 18.936744858024195 1
1739449206300 4.0462874720415805 2
1739449206304 1.941165111886472 3
1739449206308 0.3949960853536425 4
1739449206311 0.33117421835872335 5
1739449206314 0.09704139652122619 6
1739449206318 0.5665444359449785 7
1739449206321 0.4166109742277691 8
1739449206325 0.25668719407033846 9
1739449206328 0.2636604125393431 10
1739449206331 0.13174078712945955 11
1739449206334 0.035831898427943834 12
1739449206338 0.12647970980686876 13
1739449206341 0.10405761423126 14
1739449206344 0.12363922877673614 15
1739449206347 0.15766834972471278 16
1739449206350 0.36761250746878693 17
1739449206354 0.1867426012945963 18
1739449206358 0.22892544877036095 19
1739449206361 0.06581686667542173 20
1739449206364 0.2995475040467927 21
1739449206366 0.09913276873160426 22
1739449206371 0.08145569953811348 23
1739449206374 0.022011585024982544 24
1739449206377 0.058554631259874645 25
1739449206380 0.13898394456307225 26
1739449206382 0.05050748679300252 27
1739449206387 0.09048618198756656 28
1739449206391 0.04444066010884751 29
1739449206393 0.3250456612299007 30
1739449206396 0.07728311031969756 31
1739449206400 0.16710944778939196 32
1739449206404 0.10271770197452487 33
1739449206408 0.0717105356079984 34
1739449206411 0.34375469119355845 35
1739449206415 0.19255417989807502 36
1739449206418 0.20184881456522266 37
1739449206422 0.06853728605850068 38
1739449206426 0.16746008215038793 39
1739449206431 0.13401931868876563 40
1739449206435 0.07249140984215115 41
1739449206440 0.03856882575168207 42
1739449206444 0.06329646102002653 43
1739449206447 0.16290870645916777 44
1739449206451 0.17530921146724374 45
1739449206456 0.10761210481242738 46
1739449206460 0.18958167147562868 47
1739449206463 0.04662186448077678 48
1739449206466 0.3327912037829195 49
1739449206470 0.03818647711077826 50
1739449206474 0.04775781899159765 51
1739449206477 0.21929780492394213 52
1739449206480 0.10317782572882633 53
1739449206483 0.1920966443454122 54
1739449206488 0.1848930983331391 55
1739449206491 0.10772445498178952 56
1739449206494 0.0328693696053832 57
1739449206497 0.04690877983765614 58
1739449206500 0.015200051345170544 59
1739449206504 0.2166443486030434 60
1739449206508 0.11118610578306239 61
1739449206511 0.042815726485217816 62
1739449206514 0.22242091574842826 63
1739449206516 0.2727336183591022 64
1739449206521 0.16877462756612915 65
1739449206524 0.08744799028421651 66
1739449206527 0.035305070896869815 67
1739449206530 0.23671413823088777 68
1739449206533 0.32721524805774116 69
1739449206536 0.11092191789525964 70
1739449206540 0.12264660568689298 71
1739449206543 0.08425532812657849 72
1739449206546 0.06434920922580262 73
1739449206549 0.0823523052907279 74
1739449206553 0.13969573445278902 75
1739449206557 0.1079008662797869 76
1739449206560 0.016253494036673307 77
1739449206563 0.6120797057888352 78
1739449206567 0.21533238484047296 79
1739449206571 0.3640799661840409 80
1739449206574 0.08919025335459188 81
1739449206577 0.09141571024241055 82
1739449206580 0.2984086272958651 83
1739449206582 0.007335331593243668 84
1739449206587 0.1964518772644426 85
1739449206590 0.34260188238574785 86
1739449206593 0.13287108461277197 87
1739449206596 0.01849774494912764 88
1739449206598 0.15056044200971502 89
1739449206601 0.29531196884437527 90
1739449206606 0.14737324983703642 91
1739449206609 0.15545958514272165 92
1739449206611 0.4224162057089895 93
1739449206614 0.13089097010155162 94
1739449206617 0.06379740775416311 95
1739449206620 0.021121651903647794 96
1739449206625 0.3577719842209577 97
1739449206627 0.11981032938988606 98
1739449206630 0.11962404775555566 99
1739449206634 0.24601463208112773 100
1739449206638 0.5917285670960494 101
1739449206641 0.05527881140125869 102
1739449206644 0.09580668449586371 103
1739449206647 0.21545306046843027 104
1739449206650 0.033804640738769556 105
1739449206655 0.10824233028278779 106
1739449206659 0.04664598891786375 107
1739449206662 0.07719830252253272 108
1739449206665 0.07187950210333802 109
1739449206668 0.3057303681595323 110
1739449206673 0.2772202248699609 111
1739449206676 0.21560691963671824 112
1739449206678 0.32115820796516065 113
1739449206681 0.06602001422788202 114
1739449206684 0.09481272476585012 115
1739449206689 0.17883241897979446 116
1739449206692 0.03759939382695583 117
1739449206695 0.24277434052945368 118
1739449206698 0.04582821514906863 119
1739449206701 0.01216019125859876 120
1739449206707 0.06632508599891661 121
1739449206710 0.2591928278255147 122
1739449206713 0.04751067119037439 123
1739449206716 0.11268153220550761 124
1739449206720 0.09351814132839827 125
1739449206725 0.3313175413338997 126
1739449206728 0.11612810937270743 127
1739449206731 0.14230390977548749 128
1739449206735 0.11631048261267632 129
1739449206740 0.26391041644506374 130
1739449206744 0.3002533223321999 131
1739449206747 0.20147395934714143 132
1739449206750 0.13951003646847743 133
1739449206754 0.3131103994445934 134
1739449206758 0.18113129524387098 135
1739449206761 0.11281677096346053 136
1739449206764 0.07706170307490087 137
1739449206767 0.3833790375234189 138
1739449206771 0.14339293984001186 139
1739449206774 0.04042927135823591 140
1739449206777 0.08055481814574947 141
1739449206780 0.2647698778106684 142
1739449206783 0.062161586140593805 143
1739449206787 0.04367807719686847 144
1739449206792 0.33190760555907756 145
1739449206794 0.22162710509530736 146
1739449206798 0.01912556258282127 147
1739449206802 0.14357874951652555 148
1739449206809 0.3200855240584949 149
