1739451647360 168.9111973065381 0
1739451647364 168.58621451975304 1
1739451647366 168.26153470027478 2
1739451647370 167.93716640881397 3
1739451647376 167.61311135483515 4
1739451647380 167.28936987855113 5
1739451647383 166.9659420466431 6
1739451647386 166.64282787115476 7
1739451647391 166.32002735321694 8
1739451647395 165.9975404917811 9
1739451647398 165.67536728536413 10
1739451647400 165.3535077323965 11
1739451647405 165.0319618312922 12
1739451647409 164.71072958046238 13
1739451647413 164.38981097831822 14
1739451647417 164.06920602327162 15
1739451647422 163.748914713735 16
1739451647426 163.4289370481216 17
1739451647430 163.10927302484544 18
1739451647434 162.7899226423211 19
1739451647441 162.4708858989641 20
1739451647445 162.1521627931905 21
1739451647449 161.8337533234172 22
1739451647453 161.5156574880618 23
1739451647459 161.19787528554264 24
1739451647463 160.8804067142787 25
1739451647467 160.56325177268982 26
1739451647473 160.2464104591965 27
1739451647478 159.92988277221994 28
1739451647481 159.61366871018217 29
1739451647484 159.29776827150582 30
1739451647491 158.98218145461428 31
1739451647495 158.66690825793174 32
1739451647497 158.35194867988307 33
1739451647500 158.0373027188938 34
1739451647504 157.72297037339035 35
1739451647511 157.4089516417997 36
1739451647513 157.09524652254962 37
1739451647516 156.78185501406864 38
1739451647520 156.46877711478598 39
1739451647524 156.15601282313156 40
1739451647527 155.8435621375361 41
1739451647530 155.53142505643098 42
1739451647533 155.21960157824833 43
1739451647536 154.908091701421 44
1739451647541 154.59689542438258 45
1739451647546 154.28601274556735 46
1739451647549 153.97544366341037 47
1739451647553 153.6651881763474 48
1739451647562 153.3552462828149 49
1739451647566 153.04561798125005 50
1739451647571 152.73630327009084 51
1739451647576 152.42730214777586 52
1739451647579 152.11861461274452 53
1739451647581 151.81024066343693 54
1739451647584 151.50218029829387 55
1739451647590 151.19443351575697 56
1739451647593 150.88700031426842 57
1739451647595 150.57988069227133 58
1739451647597 150.27307464820927 59
1739451647599 149.9665821805268 60
1739451647603 149.66040328766908 61
1739451647608 149.35453796808193 62
1739451647610 149.04898622021204 63
1739451647613 148.74374804250672 64
1739451647616 148.43882343341406 65
1739451647618 148.1342123913828 66
1739451647623 147.82991491486246 67
1739451647627 147.5259310023033 68
1739451647629 147.22226065215625 69
1739451647631 146.91890386287295 70
1739451647633 146.61586063290588 71
1739451647637 146.3131309607081 72
1739451647641 146.01071484473346 73
1739451647644 145.70861228343654 74
1739451647646 145.40682327527261 75
1739451647649 145.10534781869768 76
1739451647651 144.8041859121685 77
1739451647656 144.5033375541425 78
1739451647660 144.20280274307783 79
1739451647662 143.90258147743344 80
1739451647665 143.6026737556689 81
1739451647669 143.30307957624453 82
1739451647675 143.00379893762147 83
1739451647679 142.7048318382614 84
1739451647681 142.4061782766269 85
1739451647683 142.1078382511811 86
1739451647687 141.80981176038802 87
1739451647691 141.5120988027123 88
1739451647694 141.21469937661922 89
1739451647696 140.91761348057503 90
1739451647698 140.62084111304645 91
1739451647700 140.32438227250108 92
1739451647704 140.0282369574071 93
1739451647708 139.73240516623355 94
1739451647711 139.4368868974501 95
1739451647713 139.14168214952718 96
1739451647715 138.84679092093592 97
1739451647717 138.55221321014815 98
1739451647722 138.25794901563648 99
