1739452047691 39.34197043013568 0
1739452047703 0.13653453027119636 1
1739452047709 0.16238438481864603 2
1739452047714 0.11384403357729614 3
1739452047723 0.12496918442205854 4
1739452047730 0.16796616141167403 5
1739452047737 0.16549901631033778 6
1739452047743 0.10529581727934886 7
1739452047750 0.17092013254999255 8
1739452047760 0.14953075867772653 9
1739452047768 0.1289651526050134 10
1739452047774 0.12057461561708153 11
1739452047780 0.12405677729454082 12
1739452047787 0.06167268884765944 13
1739452047792 0.07864884572712337 14
1739452047797 0.09007852900056869 15
1739452047804 0.13546672948386324 16
1739452047809 0.06480497694888497 17
1739452047814 0.19964820687294552 18
1739452047820 0.1795807502148216 19
1739452047825 0.07557516678369335 20
1739452047831 0.20583907669909435 21
1739452047838 0.16264200733590298 22
1739452047842 0.2670932448263412 23
1739452047847 0.1429884039368482 24
1739452047854 0.16068707288885145 25
1739452047858 0.3929271610766698 26
1739452047862 0.09469760829565252 27
1739452047870 0.16598553051937445 28
1739452047876 0.13186738654988447 29
1739452047881 0.23162490781033687 30
1739452047889 0.11623900907080828 31
1739452047894 0.20684676481465133 32
1739452047899 0.06069019936399332 33
1739452047907 0.10156529577018536 34
1739452047911 0.12902520974624024 35
1739452047916 0.18506028677928615 36
1739452047923 0.164847855215299 37
1739452047927 0.24304699406205743 38
1739452047934 0.10742188346831047 39
1739452047941 0.17634274217410534 40
1739452047947 0.17134158987265796 41
1739452047954 0.09643924600429425 42
1739452047960 0.11573559911785698 43
1739452047968 0.2146100825909362 44
1739452047975 0.18157314295751578 45
1739452047980 0.14878151771704573 46
1739452047986 0.210354910815809 47
1739452047992 0.07566739287263938 48
1739452047998 0.20753631559642338 49
1739452048006 0.13978922055583082 50
1739452048011 0.07677110464907969 51
1739452048018 0.21344556376794294 52
1739452048024 0.22035278391955093 53
1739452048027 0.2167730109566209 54
1739452048032 0.19261262689391784 55
1739452048039 0.14001169467476288 56
1739452048043 0.19968809726525674 57
1739452048049 0.12822053525032345 58
1739452048057 0.09198961742286393 59
1739452048061 0.22664228759750915 60
1739452048068 0.14526540509171268 61
1739452048073 0.20812556386820497 62
1739452048077 0.21407422915988494 63
1739452048082 0.09970175051049165 64
1739452048089 0.2736595004776608 65
1739452048093 0.09217562894988732 66
1739452048098 0.18793098478609496 67
