1739450655429 129.74217235395238 0
1739450655434 110.24596074619211 1
1739450655438 88.5195047428975 2
1739450655447 70.76719385811899 3
1739450655452 51.59586455341806 4
1739450655460 38.01022008258767 5
1739450655467 23.64724246108317 6
1739450655474 14.084975631229492 7
1739450655481 7.611621646748794 8
1739450655485 2.312104598922279 9
1739450655491 0.6624100817775608 10
1739450655500 0.37309731298687215 11
1739450655509 0.05906886983912673 12
1739450655515 0.050510576620730975 13
1739450655520 0.08822169242207195 14
1739450655528 0.09181396153491504 15
1739450655533 0.17042345997399716 16
1739450655542 0.14446173518895758 17
1739450655550 0.09638539567764347 18
1739450655557 0.1422557163011685 19
1739450655566 0.14962022436000333 20
1739450655575 0.20496343706180475 21
1739450655583 0.11621198151731922 22
1739450655589 0.11066578702695276 23
