1739453147949 0.0015215784149437775 0
1739453148117 0.003369532413512038 1
1739453148241 0.940617626642043 2
1739453148350 0.0046189251481577355 3
1739453148462 0.00958691446594109 4
1739453148571 0.07611795616802178 5
1739453148680 0.3477390150532871 6
1739453148783 0.09052431275242748 7
1739453148882 0.31082403972929545 8
1739453148983 0.00033226065380155767 9
1739453149094 0.013816289553242227 10
1739453149246 0.10070063553347944 11
1739453149346 0.0033503556062760478 12
1739453149447 2.1410331237510567 13
1739453149549 0.45257889535895524 14
1739453149670 0.49521036679212077 15
1739453149779 0.0018318387705134212 16
1739453149946 0.15815154855566896 17
1739453150086 0.6091383307673902 18
1739453150207 0.0012320160567634304 19
1739453150323 0.16319521720245095 20
1739453150438 0.1199719486863395 21
1739453150547 0.0014464537305072735 22
1739453150660 0.11403901726182006 23
1739453150765 0.10554451189328287 24
1739453150867 0.017773000250052778 25
1739453150975 0.3026587538791968 26
1739453151079 0.1430037657433308 27
1739453151181 0.07865060150175832 28
1739453151281 0.10306883352197288 29
1739453151384 0.3737188645706374 30
1739453151484 0.06011060427575645 31
1739453151585 0.03351065554741633 32
1739453151689 0.0006255331189694068 33
1739453151798 0.011761315198676408 34
1739453151899 0.057442858946772556 35
1739453151998 0.3105605891590037 36
1739453152099 0.15479447611911326 37
1739453152210 0.0721748115730004 38
1739453152315 0.0013409727861530456 39
1739453152416 0.023930958580502648 40
1739453152515 0.16684013916436355 41
1739453152619 0.09685631706074564 42
1739453152731 0.3180073887451264 43
1739453152831 0.01042689844564233 44
1739453152946 0.05148229561814294 45
1739453153061 0.17389837603084765 46
1739453153173 0.013128533968257994 47
1739453153279 0.05634622509268022 48
1739453153381 0.3525523457145559 49
1739453153481 0.026949207802414988 50
1739453153582 0.12427952409197096 51
1739453153692 0.40433515286719246 52
1739453153793 0.03218138554914094 53
1739453153895 0.002069755606229673 54
1739453153993 0.08405840458288141 55
1739453154110 0.013886133023919603 56
1739453154233 0.26258434500113925 57
1739453154351 1.6639173337403887 58
1739453154467 0.6017320325679225 59
1739453154586 0.0031856256196845347 60
1739453154700 0.03947490478523321 61
1739453154820 0.33715033229643154 62
1739453154932 0.006627609885128616 63
1739453155042 0.015804709524418745 64
1739453155156 5.601416639825865e-06 65
1739453155267 0.041697491696827606 66
1739453155382 0.09888334318257183 67
1739453155491 0.2539136976741111 68
1739453155606 0.019709222247136622 69
1739453155723 2.5261083541629716 70
1739453155843 0.09881693935113722 71
1739453155952 0.2613700928285763 72
