1739453066086 103.99847432160507 0
1739453066090 60.271219368648104 1
1739453066097 33.957484450843616 2
1739453066102 24.661288936870864 3
1739453066107 32.662672467428266 4
1739453066112 19.011357457489506 5
1739453066116 15.531226659242066 6
1739453066121 12.064434688056979 7
1739453066126 9.855059742980096 8
1739453066132 5.373710653968817 9
1739453066136 7.831464516410289 10
1739453066141 6.595033724513306 11
1739453066147 4.9539585756431315 12
1739453066153 2.9273217831545506 13
1739453066157 2.1548782128275246 14
1739453066165 1.946958496383872 15
1739453066170 1.4999325420016671 16
1739453066176 0.8881246294202676 17
1739453066182 0.5493551074989194 18
1739453066186 0.5180232007853695 19
1739453066191 0.4149778748366783 20
1739453066198 0.2920710288075984 21
1739453066203 0.26024759242304973 22
1739453066207 0.046503729162601176 23
1739453066214 0.25248683110940623 24
1739453066219 0.09334796427062868 25
1739453066223 0.12312328409597229 26
1739453066230 0.16538162154473204 27
1739453066236 0.13079696864286502 28
1739453066241 0.07532410062333697 29
1739453066247 0.06717624645899635 30
1739453066252 0.17258827777108093 31
1739453066257 0.1601748679906996 32
1739453066263 0.0835462863532275 33
1739453066267 0.23215630041920296 34
1739453066272 0.05975844996463599 35
1739453066278 0.12701776924756933 36
1739453066283 0.06607738583066898 37
1739453066288 0.22080113340933827 38
1739453066294 0.11905330458787707 39
1739453066299 0.08436292409916249 40
1739453066304 0.08570321500360317 41
1739453066308 0.09590265077036918 42
1739453066314 0.07868087156681325 43
1739453066318 0.10787191144697943 44
1739453066323 0.09622190771684813 45
1739453066328 0.12186425110330881 46
1739453066332 0.05353387432314992 47
1739453066337 0.15161681525401846 48
1739453066342 0.053229169410413966 49
