1739451205624 38.173183534315456 0
1739451205630 0.14313854457171327 1
1739451205637 0.18477163879890984 2
1739451205642 0.23664865260801415 3
1739451205649 0.09116928685656994 4
1739451205655 0.21544528256194947 5
1739451205661 0.2569678066758938 6
1739451205670 0.1003984366157436 7
1739451205676 0.15042741488798642 8
1739451205683 0.15601971874116016 9
1739451205691 0.0977186700452728 10
1739451205697 0.12045673940353871 11
1739451205704 0.10580434851357143 12
1739451205709 0.13753933600146673 13
1739451205716 0.22974099876593598 14
1739451205722 0.1222954674150722 15
1739451205728 0.14593902457432656 16
1739451205734 0.20471161589479414 17
1739451205740 0.17573471139822555 18
1739451205746 0.107408418316241 19
1739451205753 0.17483606209003502 20
1739451205759 0.1940099752291947 21
1739451205766 0.23582866134348263 22
1739451205773 0.07777008223569329 23
1739451205780 0.20677000295549336 24
1739451205787 0.12847404922614525 25
1739451205792 0.07885584925702616 26
1739451205799 0.14190579016769256 27
1739451205805 0.16674169604921593 28
1739451205812 0.13217043945918455 29
1739451205818 0.13079978703998033 30
1739451205824 0.14386447063261146 31
1739451205830 0.11961938534512924 32
1739451205836 0.06368506598302097 33
1739451205841 0.17892139070188906 34
1739451205848 0.11339215260501596 35
1739451205854 0.07067209423923877 36
1739451205859 0.21035673920696724 37
1739451205866 0.07710810320650698 38
1739451205871 0.07550881015252803 39
1739451205875 0.05729881286939665 40
1739451205881 0.32547736706797015 41
1739451205888 0.1582162340726614 42
1739451205893 0.26707982883619585 43
1739451205899 0.20778414934339037 44
1739451205904 0.09606758082316083 45
1739451205909 0.11011213759123165 46
1739451205915 0.12797369574899636 47
1739451205921 0.23696987044538426 48
1739451205927 0.19335122532930682 49
1739451205933 0.1310317429098713 50
1739451205938 0.163380761907956 51
1739451205942 0.22959281567404394 52
1739451205948 0.0986947970925624 53
1739451205952 0.17184146963247876 54
1739451205956 0.14965533353840357 55
1739451205962 0.21471204370609034 56
1739451205968 0.12262706034897107 57
1739451205971 0.18438776550373653 58
1739451205975 0.11893945854177716 59
1739451205981 0.17798404062281442 60
1739451205987 0.15979734910912405 61
1739451205991 0.11226881955782252 62
1739451205997 0.18129878344945688 63
