1739451210227 38.622535353336716 0
1739451210234 0.16897638088322375 1
1739451210240 0.15976278141539182 2
1739451210247 0.24676053539289558 3
1739451210254 0.14938676045883484 4
1739451210260 0.23084182025691855 5
1739451210268 0.08499465537937499 6
1739451210274 0.17179458619426283 7
1739451210280 0.11692328934549351 8
1739451210288 0.16139298551740136 9
1739451210293 0.1832203584825997 10
1739451210301 0.15134006760391058 11
1739451210307 0.0805298636554572 12
1739451210313 0.14147820273027598 13
1739451210319 0.1062811782176859 14
1739451210324 0.19304911577835757 15
1739451210333 0.21366280123827386 16
1739451210339 0.13293429580153365 17
1739451210347 0.1936949235700415 18
1739451210354 0.1177994589379277 19
1739451210359 0.2017752822249522 20
1739451210366 0.14696299797233753 21
1739451210373 0.13432887205062125 22
1739451210380 0.25401358922671546 23
1739451210385 0.2514301734480883 24
1739451210391 0.16869624810536663 25
1739451210398 0.09677855495872066 26
1739451210404 0.2692566517390982 27
1739451210410 0.11468218205556416 28
1739451210416 0.11778854422257344 29
1739451210423 0.11509045584041445 30
1739451210428 0.058645102922357396 31
1739451210434 0.09998668732328071 32
1739451210440 0.13412870257707782 33
1739451210445 0.13114157133791662 34
1739451210451 0.11862738478794897 35
1739451210456 0.12835856940018947 36
1739451210461 0.11200625530333726 37
1739451210468 0.29663094934588985 38
1739451210472 0.07978380322260027 39
1739451210478 0.20625917061946503 40
1739451210485 0.2211142927085778 41
1739451210491 0.27262256364653076 42
1739451210497 0.14426384238917236 43
1739451210504 0.100267720944204 44
1739451210509 0.16370316167501636 45
