1739453045535 168.90082104802957 0
1739453045538 168.08199609636767 1
1739453045540 166.66519665396444 2
1739453045543 164.71785932612025 3
1739453045546 162.30414387966556 4
1739453045549 159.48445820928288 5
1739453045551 156.31519621114478 6
1739453045553 152.84863455533267 7
1739453045556 149.1329460610577 8
1739453045558 145.21229671651713 9
1739453045560 141.1270008125554 10
1739453045563 136.91371455174036 11
1739453045566 132.60565315544548 12
1739453045568 128.23282016594354 13
1739453045570 123.822240525765 14
1739453045573 119.39819127160209 15
1739453045575 114.98242543266396 16
1739453045578 110.59438607624848 17
1739453045580 106.25140847867786 18
1739453045583 101.96890918348322 19
1739453045585 97.76056129334934 20
1739453045587 93.63845576962457 21
1739453045590 89.61324881621766 22
1739453045592 85.69429562942669 23
1739453045595 81.88977092186532 24
1739453045597 78.20677669261423 25
1739453045600 74.65143772850504 26
1739453045602 71.22898529118001 27
1739453045604 67.94382937651352 28
1739453045606 64.79961982987535 29
1739453045609 61.79929646310453 30
1739453045612 58.945128145692664 31
1739453045615 56.2387406311156 32
1739453045617 53.681132627125706 33
1739453045619 51.27267932625457 34
1739453045622 49.013122287243235 35
1739453045624 46.90154422366953 36
1739453045627 44.93632697032992 37
1739453045631 43.11509078206095 38
1739453045634 41.434613406966896 39
1739453045637 39.89072848250575 40
1739453045639 38.47820540541878 41
1739453045641 37.19061788346427 42
1739453045644 36.02021691858518 43
1739453045647 34.95783633976934 44
1739453045649 33.992873246890504 45
1739453045652 33.11339558798157 46
1739453045654 32.306423931283504 47
1739453045656 31.558404830604463 48
1739453045658 30.85584159622449 49
1739453045661 30.18599543699396 50
1739453045664 29.537543643483033 51
1739453045666 28.901095016017166 52
1739453045668 28.269505258508353 53
1739453045671 27.637983268221817 54
1739453045673 27.004014992981833 55
1739453045675 26.367149021712702 56
1739453045679 25.728690560941647 57
1739453045681 25.091344106907247 58
1739453045683 24.458835267037504 59
1739453045686 23.835532172980127 60
1739453045688 23.226078481207054 61
1739453045690 22.635043868916835 62
1739453045692 22.066594708423416 63
1739453045696 21.524187913005107 64
1739453045698 21.01029577025758 65
1739453045701 20.52617968630863 66
1739453045703 20.071744942685903 67
1739453045705 19.64552060338947 68
1739453045707 19.244806013554832 69
1739453045710 18.865995512100866 70
1739453045713 18.50503937791702 71
1739453045716 18.15794858335783 72
1739453045718 17.82123549418653 73
1739453045720 17.492209549991504 74
1739453045723 17.16909521871571 75
1739453045727 16.85098295924249 76
1739453045730 16.537650161123207 77
1739453045733 16.22929986665005 78
1739453045737 15.926267815366558 79
1739453045739 15.628748556457042 80
1739453045742 15.336589526508453 81
1739453045746 15.049193421127955 82
1739453045749 14.765548178044702 83
1739453045751 14.484371306839895 84
1739453045754 14.204322952895314 85
1739453045756 13.924225895839102 86
1739453045758 13.643237516971526 87
1739453045762 13.36094164378072 88
1739453045765 13.077354074348298 89
1739453045767 12.79285522980202 90
1739453045770 12.508074250601702 91
1739453045772 12.223752570465734 92
1739453045774 11.940613953684707 93
1739453045777 11.659263546901432 94
1739453045781 11.380131038673024 95
1739453045783 11.103462923219032 96
1739453045786 10.829357661310707 97
1739453045788 10.557828070372555 98
1739453045791 10.288870504377096 99
