1739449838828 119.78625152587972 0
1739449838831 71.52659624954393 1
1739449838835 40.30345782084561 2
1739449838840 19.077778209688827 3
1739449838844 4.1952895596215445 4
1739449838847 0.2015725260476908 5
1739449838852 0.10246443946603162 6
1739449838857 0.11961316040471093 7
1739449838860 0.12446897639829799 8
1739449838863 0.18676030695842158 9
1739449838868 0.20027861111512207 10
1739449838873 0.1375146038670395 11
1739449838877 0.16843675933470814 12
1739449838880 0.26532094915130416 13
1739449838884 0.22336098716797004 14
1739449838889 0.09683740746328155 15
1739449838893 0.10409671487982 16
1739449838896 0.116728025097182 17
1739449838899 0.15646480522248776 18
1739449838904 0.25115253859874137 19
1739449838907 0.18440774612923463 20
1739449838911 0.29353093798497704 21
1739449838914 0.1202421337622084 22
1739449838919 0.07037054544275842 23
1739449838925 0.22545425445998887 24
1739449838928 0.08558078258541249 25
1739449838931 0.17513452541169153 26
1739449838935 0.23647752935169905 27
1739449838941 0.19522160361067184 28
1739449838944 0.11000574756607803 29
1739449838947 0.08406433223899777 30
1739449838950 0.14737869944611082 31
1739449838955 0.08833297327547747 32
