1739448970821 81.08364495626276 0
1739448970825 21.120411553977892 1
1739448970827 0.37730803952347086 2
1739448970831 0.08725326028297589 3
1739448970835 0.2577140605767814 4
1739448970838 0.049724999953706946 5
1739448970840 0.18393302194332597 6
1739448970843 0.08141534308590756 7
1739448970846 0.20320976514428574 8
1739448970849 0.13033467097947102 9
1739448970853 0.025359710348561285 10
1739448970857 0.04683410352662849 11
1739448970859 0.05643446853087753 12
1739448970862 0.3045931535670521 13
1739448970866 0.13634034456568223 14
1739448970870 0.1605188773563789 15
1739448970873 0.019373667325122666 16
1739448970876 0.08825527425016523 17
1739448970879 0.40574423440482643 18
1739448970884 0.08186036570793143 19
1739448970887 0.5012307408605631 20
1739448970890 0.0628710853430876 21
1739448970893 0.22479908253580136 22
1739448970896 0.12247102976001778 23
1739448970902 0.1043784378487573 24
1739448970905 0.04446664716075998 25
1739448970908 0.2544527160793985 26
1739448970911 0.029069173390047887 27
1739448970914 0.10146469149972043 28
1739448970917 0.3306138570169829 29
1739448970920 0.05642934329182903 30
1739448970923 0.47007121241696875 31
1739448970926 0.051166002018272885 32
1739448970929 0.3140398022884606 33
