1739448917550 87.3270898145308 0
1739448917555 29.407557900198682 1
1739448917558 1.034784897944395 2
1739448917561 0.11919488339017553 3
1739448917563 0.47318180493265594 4
1739448917566 0.08053970509992599 5
1739448917571 0.04793102634164804 6
1739448917574 0.0619982234620167 7
1739448917577 0.25561428845682654 8
1739448917579 0.200245256014869 9
1739448917582 0.19420708344037274 10
1739448917586 0.2171717369102194 11
1739448917589 0.11886062069050933 12
1739448917592 0.13580255836565855 13
1739448917595 0.08652033895665553 14
1739448917599 0.05782496122857 15
1739448917603 0.13930345615379405 16
1739448917607 0.044601743654220434 17
1739448917610 0.1032544771318976 18
1739448917613 0.24427238169552443 19
1739448917616 0.20039018123580704 20
1739448917621 0.07566744273566677 21
1739448917626 0.03036988368354259 22
1739448917629 0.15037188331221937 23
1739448917633 0.07756116136484228 24
1739448917637 0.05897311264904379 25
1739448917642 0.010096772453582856 26
1739448917645 0.3025906602270585 27
1739448917650 0.13521400176678552 28
1739448917655 0.03990255098790686 29
1739448917658 0.09239853231305732 30
1739448917661 0.08480328060586634 31
1739448917664 0.031155483463837064 32
1739448917667 0.07173365442207 33
1739448917672 0.07148158090970719 34
1739448917675 0.23679836357994571 35
1739448917678 0.015444729601751351 36
1739448917681 0.14973138785847906 37
1739448917687 0.018311516042174222 38
1739448917691 0.46207345076525924 39
1739448917694 0.0227745143241291 40
1739448917698 0.038064813925384994 41
1739448917703 0.15814129264760077 42
1739448917708 0.07524455504699085 43
1739448917711 0.044027573637286724 44
1739448917714 0.018629062240671304 45
1739448917718 0.02606573896054255 46
1739448917724 0.08411170823400488 47
1739448917728 0.24989094710157556 48
1739448917733 0.07925124608682912 49
1739448917738 0.21419701060210325 50
1739448917743 0.19744960583110213 51
1739448917747 0.05106024968631524 52
1739448917750 0.09939568743491194 53
1739448917756 0.06790428806634204 54
1739448917760 0.054561901389153726 55
1739448917765 0.026833243031402127 56
1739448917771 0.060396021585087105 57
1739448917774 0.06884204472744286 58
1739448917778 0.011869854020333307 59
1739448917781 0.3274438453666742 60
1739448917786 0.041629006057790206 61
1739448917792 0.5871691782249261 62
1739448917797 0.10911639791139952 63
1739448917801 0.058674883000217254 64
1739448917807 0.2446945932569687 65
1739448917812 0.036910047417387945 66
1739448917815 0.2001037863303563 67
1739448917821 0.25168409412216886 68
1739448917825 0.026803166586707342 69
1739448917828 0.023432121619055987 70
1739448917831 0.003254052257507623 71
1739448917835 0.42278424940414566 72
1739448917839 0.07375742730055315 73
1739448917843 0.036637528437190425 74
