1739448865645 169.79572916079715 0
1739448865648 125.95014468523311 1
1739448865650 99.49473884107428 2
1739448865654 75.26720855480802 3
1739448865657 64.48913484407663 4
1739448865660 44.77098186756827 5
1739448865663 33.590033065436984 6
1739448865665 18.299545426355643 7
1739448865668 12.515338999544625 8
1739448865672 4.862604620278215 9
1739448865675 2.4335477141406803 10
1739448865678 0.32203413230371575 11
1739448865681 0.11347736600646194 12
1739448865684 0.04746251601562786 13
1739448865687 0.02138349562549644 14
1739448865691 0.06250268819441901 15
1739448865693 0.10483140953193817 16
1739448865696 0.0914689769449223 17
1739448865699 0.06296689735484406 18
