1739451449419 36.108267266146406 0
1739451449425 0.09592207893236449 1
1739451449431 0.18241585603596558 2
1739451449438 0.10619277878330045 3
1739451449444 0.19651115166361638 4
1739451449451 0.09353919574668519 5
1739451449457 0.15160194720627784 6
1739451449461 0.14690087074170563 7
1739451449467 0.1132516069746314 8
1739451449474 0.09707015703293888 9
1739451449480 0.12615995997042093 10
1739451449486 0.10066034669705835 11
1739451449493 0.09406722478806404 12
1739451449501 0.14174396401108313 13
1739451449509 0.12226311301992505 14
1739451449517 0.1937318585638906 15
1739451449524 0.17801895252772754 16
1739451449530 0.1874701219497988 17
1739451449539 0.1018204226684125 18
1739451449545 0.0719690423218319 19
1739451449552 0.13714396300580844 20
1739451449557 0.10058843223687257 21
1739451449561 0.05520263469119426 22
1739451449568 0.1717744589393913 23
1739451449573 0.15393108720405008 24
1739451449577 0.1518871253174172 25
1739451449583 0.12107710705361237 26
1739451449589 0.12998575696945944 27
1739451449592 0.12090067152791939 28
1739451449597 0.15479327308978363 29
1739451449605 0.08688934665874076 30
1739451449609 0.14854173018728564 31
1739451449614 0.30260447950185576 32
1739451449623 0.11095969327198157 33
1739451449627 0.0498856666307936 34
1739451449634 0.17617481741252158 35
1739451449641 0.14831149527271859 36
1739451449646 0.22503546491586857 37
1739451449653 0.18288547659506563 38
1739451449657 0.10336736590043374 39
1739451449661 0.16143751958579336 40
1739451449668 0.12912179089435646 41
1739451449673 0.08083904361779887 42
1739451449676 0.046746121618940255 43
1739451449682 0.11188073633842849 44
1739451449688 0.11982659609272234 45
1739451449692 0.25719818328925304 46
1739451449696 0.09999829578797421 47
1739451449702 0.08330048035159228 48
1739451449706 0.23812987905677266 49
1739451449710 0.05743168210135914 50
1739451449716 0.11344969064004459 51
1739451449722 0.21752083312600823 52
1739451449726 0.17116826756887582 53
1739451449730 0.08219222750987594 54
1739451449737 0.15288625920323184 55
1739451449742 0.28040713628116853 56
1739451449746 0.11252173060341499 57
1739451449752 0.20100254235976123 58
1739451449757 0.2734934625674802 59
1739451449761 0.06824877306647285 60
1739451449767 0.16062775656513373 61
1739451449772 0.13471783533277723 62
1739451449776 0.1698636150730189 63
1739451449781 0.29955109329013385 64
1739451449788 0.0774327351914351 65
1739451449791 0.15718802231896745 66
1739451449795 0.12656412758680635 67
1739451449802 0.22443713527377535 68
1739451449807 0.22536941417891188 69
1739451449811 0.103689568720152 70
1739451449818 0.15406080547436035 71
1739451449823 0.1709013346306174 72
1739451449827 0.14740937654443145 73
1739451449833 0.10557145599267717 74
1739451449839 0.09651437040127599 75
1739451449845 0.14900082235509307 76
1739451449852 0.12070589114898957 77
1739451449857 0.08497335970638553 78
1739451449860 0.07320524093093168 79
1739451449867 0.24702507051109168 80
1739451449872 0.170702113668667 81
1739451449876 0.046998152141176745 82
1739451449882 0.1528211157155679 83
1739451449889 0.18949354970763826 84
1739451449894 0.16720186689159067 85
1739451449901 0.19254173443169925 86
1739451449906 0.266049388276885 87
1739451449909 0.4095083574735389 88
1739451449915 0.1273298732006584 89
1739451449922 0.1593342161455291 90
1739451449926 0.12201579985792871 91
1739451449931 0.12364408660850057 92
1739451449938 0.118492877445031 93
1739451449943 0.12555088848975998 94
1739451449950 0.10272619900918742 95
1739451449955 0.16133745358381713 96
1739451449959 0.11598337253444202 97
1739451449965 0.14686310011699774 98
1739451449972 0.1125007813830374 99
