1739449368381 81.94971776331732 0
1739449368385 22.421123970047315 1
1739449368388 0.23974203771486377 2
1739449368391 0.3637075478878346 3
1739449368396 0.030713306121699237 4
1739449368400 0.04122632946822229 5
1739449368403 0.15815873767324037 6
1739449368406 0.19627826488259806 7
1739449368409 0.06733979631675596 8
1739449368413 0.1123083298095482 9
1739449368416 0.06973035347939499 10
1739449368419 0.13064813543332066 11
1739449368421 0.1456120510617342 12
1739449368425 0.01830826383705789 13
1739449368429 0.1294120364524533 14
1739449368433 0.0630444208437496 15
1739449368437 0.7657714885986949 16
1739449368440 0.1951469462206407 17
1739449368444 0.1313518987411208 18
1739449368450 0.038205449733809724 19
1739449368453 0.4060187646052241 20
1739449368456 0.46278326461934804 21
1739449368460 0.06273042712430596 22
1739449368464 0.06749814781929903 23
1739449368468 0.11846652089257646 24
1739449368471 0.11138527141313104 25
1739449368474 0.16075277594946724 26
1739449368479 0.05339667640957125 27
1739449368483 0.12180551942767164 28
1739449368486 0.00943142627794729 29
1739449368489 0.6289407199393091 30
1739449368492 0.04955297021858425 31
1739449368496 0.11557408554560054 32
1739449368501 0.07301146398817032 33
1739449368508 0.17549732779472163 34
1739449368515 0.21517269803115419 35
1739449368522 0.011072554873539777 36
1739449368529 0.06647879761605585 37
1739449368535 0.011910402305084708 38
1739449368542 0.12611740877145794 39
1739449368547 0.01432990908650496 40
1739449368551 0.1358494538894508 41
1739449368560 0.17744046217184764 42
1739449368566 0.04709123611200715 43
1739449368571 0.2940901734018672 44
1739449368575 0.017532155333990634 45
1739449368581 0.09235772155267852 46
1739449368585 0.1197703232341739 47
1739449368589 0.03909494726151893 48
1739449368592 0.05289781075178278 49
1739449368599 0.05925355357328689 50
1739449368602 0.09367684281771857 51
1739449368605 0.22114738999960193 52
1739449368608 0.15920912307507282 53
1739449368614 0.10789057194963128 54
1739449368618 0.18745027902214084 55
1739449368621 0.326402980897836 56
1739449368624 0.40770039639521166 57
1739449368631 0.22903789376422654 58
1739449368636 0.04861396001816867 59
1739449368639 0.16019711983234283 60
1739449368642 0.07927321093453675 61
1739449368647 0.08437747896423306 62
1739449368651 0.027467505796605625 63
1739449368655 0.11534335468053811 64
1739449368657 0.061032505157195466 65
1739449368662 0.052518150453176204 66
1739449368667 0.09560318758003158 67
1739449368670 0.09401607777107113 68
1739449368673 0.01742249764465493 69
1739449368677 0.038635425006170857 70
1739449368683 0.09993787093746302 71
1739449368686 0.38012177762459465 72
1739449368689 0.2880095715873039 73
1739449368692 0.18973592539535564 74
1739449368697 0.11463421945628434 75
1739449368701 0.2887823514597533 76
1739449368704 0.14318041403147372 77
1739449368706 0.12180347366115216 78
1739449368711 0.03410979883772459 79
1739449368716 0.20568314812053337 80
