1739451693961 169.01961904378464 0
1739451693964 168.33176530618746 1
1739451693968 167.02995081610302 2
1739451693973 165.18473128282574 3
1739451693975 162.8627356882908 4
1739451693978 160.12632502916 5
1739451693980 157.0334371299092 6
1739451693984 153.63756879858238 7
1739451693989 149.98785728568478 8
1739451693993 146.12923151717797 9
1739451693996 142.10261033164247 10
1739451693999 137.9451303046344 11
1739451694005 133.69038996893767 12
1739451694009 129.36870056275 13
1739451694011 125.00733604009869 14
1739451694014 120.63077710483219 15
1739451694018 116.26094559860327 16
1739451694022 111.91742677843268 17
1739451694025 107.61767793606893 18
1739451694028 103.37722249967109 19
1739451694030 99.2098292663324 20
1739451694035 95.1276767797366 21
1739451694039 91.14150312087041 22
1739451694042 87.26074154475783 23
1739451694045 83.493642490838 24
1739451694047 79.84738253266748 25
1739451694051 76.32816082416905 26
1739451694055 72.94128355157466 27
1739451694058 69.69123681663258 28
1739451694061 66.58174825915364 29
1739451694065 63.61583757484728 30
1739451694071 60.79585589486746 31
1739451694074 58.123513762180984 32
1739451694077 55.599897161816386 33
1739451694080 53.22547073389487 34
1739451694084 51.00006692299444 35
1739451694091 48.922859413374354 36
1739451694094 46.99231881904263 37
1739451694097 45.20614835937774 38
1739451694101 43.56119739711538 39
1739451694105 42.053351698730914 40
1739451694108 40.67740186946222 41
1739451694110 39.42689676991673 42
1739451694113 38.293998185672635 43
1739451694115 37.26936728011453 44
1739451694120 36.342130444458 45
1739451694123 35.49998472949873 46
1739451694125 34.72949793310722 47
1739451694128 34.01662356569184 48
1739451694130 33.3473896484888 49
1739451694134 32.70865895891864 50
1739451694138 32.08883103430663 51
1739451694143 31.47837677822819 52
1739451694145 30.87014859789673 53
1739451694149 30.259463742956918 54
1739451694155 29.643996063610295 55
1739451694159 29.02352744509015 56
1739451694163 28.39961006533706 57
1739451694168 27.775181908405077 58
1739451694175 27.154166469030155 59
1739451694178 26.541076677269018 60
1739451694181 25.940634340535066 61
1739451694186 25.357410524586562 62
1739451694190 24.795489750615705 63
1739451694193 24.258162353981774 64
1739451694197 23.74765569019451 65
1739451694202 23.264926243117472 66
1739451694207 22.809548367796477 67
1739451694210 22.379743119533018 68
1739451694212 21.972579476877755 69
1739451694215 21.584342443359077 70
1739451694221 21.21100932431448 71
1739451694224 20.848736576433275 72
1739451694226 20.494259043559225 73
1739451694229 20.145137959903735 74
1739451694231 19.79984028563561 75
1739451694236 19.457668434773147 76
1739451694240 19.118579103025123 77
1739451694242 18.782936335785912 78
1739451694245 18.451243766361006 79
1739451694247 18.123898532276225 80
1739451694251 17.801005305239816 81
1739451694256 17.482280428635796 82
1739451694259 17.167060134679282 83
1739451694261 16.854403817732113 84
1739451694264 16.543260197961324 85
1739451694268 16.23265066597036 86
1739451694272 15.921825650886126 87
1739451694275 15.610363881195601 88
1739451694277 15.298203172403301 89
1739451694280 14.985607793833806 90
1739451694284 14.673088236219582 91
1739451694288 14.36129432361753 92
1739451694291 14.050903457418293 93
1739451694294 13.742523585008607 94
1739451694296 13.43662586953168 95
1739451694300 13.13351532581676 96
1739451694304 12.833339586345016 97
1739451694307 12.53612798304535 98
1739451694309 12.241847309009632 99
