1739449985980 169.01961904378464 0
1739449985983 168.75943079958154 1
1739449985984 168.47345581050678 2
1739449985986 168.18512750392125 3
1739449985988 167.89678734567818 4
1739449985989 167.60866928152439 5
1739449985992 167.32079668471545 6
1739449985997 167.03317188932954 7
1739449985999 166.74579512733573 8
1739449986002 166.45866642067347 9
1739449986003 166.1717857702979 10
1739449986005 165.8851531750679 11
1739449986007 165.5987686336334 12
1739449986011 165.31263214462385 13
1739449986014 165.0267437066672 14
1739449986016 164.7411033183916 15
1739449986017 164.4557109784258 16
1739449986019 164.17056668539897 17
1739449986021 163.88567043794083 18
1739449986022 163.60102223468164 19
1739449986024 163.31662207425205 20
1739449986029 163.03246995528335 21
1739449986031 162.74856587640727 22
1739449986033 162.46490983625608 23
1739449986034 162.18150183346253 24
1739449986036 161.8983418666599 25
1739449986038 161.615429934482 26
1739449986040 161.33276603556308 27
1739449986043 161.05035016853802 28
1739449986047 160.7681823320421 29
1739449986049 160.48626252471118 30
1739449986051 160.2045907451816 31
1739449986052 159.92316699209024 32
1739449986054 159.64199126407445 33
1739449986056 159.36106355977213 34
1739449986057 159.08038387782167 35
1739449986061 158.799952216862 36
1739449986064 158.5197685755326 37
1739449986066 158.23983295247336 38
1739449986068 157.96014534632477 39
1739449986069 157.68070575572773 40
1739449986071 157.4015141793239 41
1739449986073 157.12257061575517 42
1739449986075 156.84387506366406 43
1739449986079 156.5654275216937 44
1739449986081 156.2872279884876 45
1739449986083 156.0092764626898 46
1739449986084 155.731572942945 47
1739449986086 155.45411742789824 48
1739449986087 155.1769099161952 49
1739449986089 154.899950406482 50
1739449986091 154.62323889740532 51
1739449986096 154.34677538761235 52
1739449986098 154.07055987575086 53
1739449986100 153.79459236046904 54
1739449986102 153.5188728404156 55
1739449986104 153.24340131423992 56
1739449986105 152.96817778059176 57
1739449986107 152.6932022381214 58
1739449986111 152.41847468547968 59
1739449986114 152.143995121318 60
1739449986116 151.86976354428828 61
1739449986117 151.59577995304286 62
1739449986119 151.32204434623472 63
1739449986120 151.0485567225173 64
1739449986122 150.7753170805446 65
1739449986124 150.5023254189711 66
1739449986127 150.22958173645188 67
1739449986130 149.95708603164243 68
1739449986132 149.68483830319894 69
1739449986134 149.4128385497779 70
1739449986135 149.1410867700365 71
1739449986137 148.86958296263242 72
1739449986139 148.59832712622384 73
1739449986140 148.32731925946948 74
1739449986144 148.05655936102858 75
1739449986147 147.78604742956094 76
1739449986149 147.51578346372682 77
1739449986150 147.24576746218708 78
1739449986152 146.97599942360307 79
1739449986154 146.7064793466367 80
1739449986155 146.4372072299504 81
1739449986157 146.16818307220709 82
1739449986160 145.89940687207024 83
1739449986163 145.63087862820396 84
1739449986165 145.3625983392727 85
1739449986167 145.0945660039416 86
1739449986169 144.82678162087623 87
1739449986172 144.55924518874278 88
1739449986175 144.29195670620783 89
1739449986181 144.0249161719387 90
1739449986184 143.75812358460314 91
1739449986186 143.49157894286938 92
1739449986188 143.22528224540625 93
1739449986192 142.9592334908831 94
1739449986198 142.6934326779698 95
1739449986201 142.42787980533683 96
1739449986204 142.16257487165507 97
1739449986207 141.89751787559607 98
1739449986213 141.63270881583185 99
