1739453016335 169.01961904378464 0
1739453016338 168.75943079958154 1
1739453016340 168.42148647959152 2
1739453016343 168.0605216699458 3
1739453016348 167.69294491976922 4
1739453016352 167.32367390280552 5
1739453016355 166.95418233980678 6
1739453016358 166.58491186101745 7
1739453016360 166.21599480737294 8
1739453016363 165.84747083519974 9
1739453016367 165.4793518261727 10
1739453016369 165.1116413387977 11
1739453016371 164.74434043739967 12
1739453016373 164.37744943888075 13
1739453016375 164.0109684361668 14
1739453016377 163.6448974550666 15
1739453016380 163.27923650127752 16
1739453016383 162.9139855744713 17
1739453016385 162.5491446725154 18
1739453016387 162.18471379273763 19
1739453016389 161.8206929323053 20
1739453016391 161.4570820883389 21
1739453016394 161.09388125794595 22
1739453016397 160.7310904382315 23
1739453016399 160.36870962630076 24
1739453016401 160.00673881926042 25
1739453016404 159.64517801421871 26
1739453016406 159.28402720828555 27
1739453016408 158.9232863985725 28
1739453016410 158.56295558219284 29
1739453016414 158.2030347562616 30
1739453016416 157.84352391789548 31
1739453016418 157.48442306421288 32
1739453016420 157.12573219233394 33
1739453016422 156.7674512993805 34
1739453016425 156.40958038247607 35
1739453016427 156.05211943874588 36
1739453016430 155.6950684653169 37
1739453016433 155.33842745931776 38
1739453016435 154.98219641787887 39
1739453016437 154.62637533813222 40
1739453016440 154.27096421721166 41
1739453016442 153.9159630522526 42
1739453016444 153.56137184039233 43
1739453016447 153.20719057876968 44
1739453016449 152.85341926452523 45
1739453016452 152.5000578948014 46
1739453016454 152.14710646674214 47
1739453016456 151.79456497749322 48
1739453016458 151.44243342420205 49
1739453016460 151.0907118040178 50
1739453016464 150.73940011409132 51
1739453016466 150.38849835157524 52
1739453016468 150.0380065136238 53
1739453016470 149.687924597393 54
1739453016473 149.3382526000405 55
1739453016476 148.98899051872576 56
1739453016478 148.64013835060987 57
1739453016481 148.29169609285574 58
1739453016483 147.94366374262782 59
1739453016485 147.5960412970924 60
1739453016487 147.24882875341748 61
1739453016489 146.90202610877267 62
1739453016492 146.55563336032944 63
1739453016494 146.20965050526084 64
1739453016497 145.86407754074168 65
1739453016499 145.5189144639485 66
1739453016501 145.17416127205954 67
1739453016504 144.82981796225474 68
1739453016506 144.48588453171578 69
1739453016508 144.14236097762605 70
1739453016510 143.79924729717058 71
1739453016515 143.45654348753618 72
1739453016517 143.11424954591143 73
1739453016519 142.77236546948652 74
1739453016521 142.4308912554534 75
1739453016524 142.0898269010057 76
1739453016526 141.7491724033388 77
1739453016529 141.40892775964983 78
1739453016532 141.06909296713752 79
1739453016535 140.72966802300246 80
1739453016539 140.39065292444675 81
1739453016542 140.0520476686745 82
1739453016544 139.7138522528913 83
1739453016548 139.3760666743045 84
1739453016551 139.03869093012318 85
1739453016553 138.7017250175582 86
1739453016555 138.36516893382208 87
1739453016558 138.02902267612902 88
1739453016560 137.69328624169498 89
1739453016563 137.3579596277377 90
1739453016565 137.02304283147646 91
1739453016567 136.68853585013244 92
1739453016570 136.3544386809285 93
1739453016572 136.02075132108908 94
1739453016574 135.68747376784052 95
1739453016576 135.35460601841078 96
1739453016579 135.02214807002952 97
1739453016582 134.6900999199282 98
1739453016584 134.35846156533992 99
