1739449856006 83.80982996692585 0
1739449856012 27.06490547921366 1
1739449856019 1.2878455146757815 2
1739449856027 0.26230577137559746 3
1739449856033 0.10463585641920418 4
1739449856040 0.09077772023181191 5
1739449856045 0.12323111004626323 6
1739449856052 0.09511549337262555 7
1739449856056 0.10192721850056348 8
1739449856060 0.17628405118376345 9
1739449856064 0.14120027647176808 10
1739449856068 0.11151620905366375 11
1739449856075 0.14210036054403768 12
1739449856079 0.24933348537771352 13
1739449856083 0.13303036539769672 14
1739449856087 0.2022875935966184 15
1739449856092 0.1014708324616529 16
1739449856098 0.1329318647205271 17
1739449856107 0.1696509779254502 18
1739449856113 0.12719681010654732 19
1739449856123 0.3543104104165155 20
1739449856128 0.128201395702581 21
1739449856132 0.23440317691559712 22
1739449856137 0.12050829573835457 23
1739449856141 0.06705112737290558 24
1739449856144 0.15582286906806958 25
