1739449392995 92.33763298384473 0
1739449392999 30.89276901080011 1
1739449393003 1.0713408804506444 2
1739449393007 0.020190309845471578 3
1739449393012 0.02785202178236345 4
1739449393016 0.03723351726023208 5
1739449393020 0.22089061508659377 6
1739449393023 0.20959568548640228 7
1739449393027 0.04166458126216419 8
1739449393031 0.04150896172088976 9
1739449393036 0.2745975933919156 10
1739449393038 0.11754990945312233 11
1739449393043 0.01351830729851835 12
1739449393047 0.23787344119513526 13
1739449393051 0.4203732921906814 14
1739449393054 0.1419445712142149 15
1739449393057 0.15031282843646396 16
1739449393062 0.5285927784028662 17
1739449393066 0.12561792901835886 18
1739449393070 0.10999865568739337 19
1739449393072 0.23414041637263877 20
1739449393077 0.24428922159880948 21
1739449393081 0.13618275262714122 22
1739449393085 0.03971032549365514 23
1739449393088 0.14244874353914527 24
1739449393092 0.46986099516018653 25
1739449393096 0.3342498853297428 26
1739449393100 0.6452119066877278 27
1739449393104 0.2651435491316554 28
1739449393107 0.25063574928712545 29
1739449393111 0.03230648904237338 30
1739449393115 0.015991301892344566 31
1739449393119 0.22065835989588742 32
1739449393122 0.10000874495961627 33
1739449393129 0.06795045545327401 34
1739449393134 0.3331828917662461 35
1739449393137 0.035448347817597904 36
1739449393140 0.14634398013181776 37
1739449393145 0.11337573801844607 38
1739449393149 0.10852887024204204 39
1739449393152 0.12247408198057008 40
1739449393155 0.4154890368575891 41
1739449393160 0.09604542938923712 42
1739449393168 0.07327008658212267 43
1739449393173 0.07358421664548062 44
1739449393180 0.1885156658088053 45
1739449393186 0.4219778551934731 46
1739449393191 0.4195100797530624 47
1739449393195 0.16020830392997196 48
1739449393200 0.08439971456180344 49
1739449393203 0.035275316953615535 50
1739449393207 0.36425815556066354 51
1739449393211 0.047794049182448915 52
1739449393215 0.05426920210141274 53
1739449393219 0.18620226764590148 54
1739449393222 0.018286504171014347 55
1739449393226 0.49250529989028535 56
1739449393232 0.01687911789305791 57
1739449393237 0.1475084402585808 58
1739449393240 0.11987372699039578 59
1739449393244 0.03206728644136045 60
1739449393248 0.09445543952899184 61
1739449393252 0.3757753627080516 62
1739449393255 0.12617863390555825 63
1739449393258 0.2585505326629076 64
1739449393262 0.07098678601308639 65
1739449393266 0.6472513977387295 66
1739449393269 0.1719760130327609 67
1739449393272 0.05397638406521851 68
1739449393275 0.364520126161106 69
1739449393279 0.17847436658561328 70
1739449393282 0.24449908622708325 71
1739449393285 0.18803478247755004 72
1739449393288 0.045170928751356317 73
1739449393291 0.08327425976496287 74
1739449393296 0.13118240743619367 75
1739449393300 0.07187840812107611 76
1739449393302 0.04533279438011115 77
1739449393305 0.023718636829245503 78
1739449393309 0.0600299400509667 79
