1739297730611 138.787996365827 0
1739297730614 104.60012842254078 1
1739297730617 80.69737340886324 2
1739297730620 45.19055689188531 3
1739297730626 31.185520863228735 4
1739297730633 14.630547120800603 5
1739297730637 7.104836498346492 6
1739297730639 1.7532581163185479 7
1739297730642 0.20214874532958232 8
1739297730646 0.14044443136817877 9
1739297730649 0.20264725727818322 10
1739297730651 0.245242658878137 11
1739297730653 0.10167857737738711 12
1739297730655 0.03290439447737842 13
1739297730658 0.5440474058881489 14
1739297730662 0.14727760825664143 15
1739297730664 0.03460787725952059 16
1739297730667 0.029690291670243812 17
1739297730669 0.17733335898386277 18
1739297730671 0.36730565950743566 19
1739297730674 0.48516461648895476 20
1739297730677 0.039471954117774335 21
