1739451124734 39.27894951255782 0
1739451124739 0.19326594752016069 1
1739451124743 0.115271633015083 2
1739451124747 0.10345079325274809 3
1739451124754 0.11336440608985916 4
1739451124758 0.16043192945843493 5
1739451124762 0.16010850442895166 6
1739451124768 0.18984752871617236 7
1739451124773 0.08101392881218716 8
1739451124777 0.1550229232285349 9
1739451124783 0.1690769716690808 10
1739451124788 0.11331751737358176 11
1739451124792 0.1199058208175024 12
1739451124796 0.08484015414568981 13
1739451124802 0.18680560914728547 14
1739451124807 0.07300344168600487 15
1739451124811 0.19235105346974263 16
1739451124816 0.1345749996101325 17
1739451124823 0.06614994220249411 18
