1739453038186 168.92543757006746 0
1739453038189 167.75760756878964 1
1739453038191 166.13589052612218 2
1739453038194 164.15773969185517 3
1739453038197 161.9031405582439 4
1739453038200 159.43718025815016 5
1739453038203 156.8124732756768 6
1739453038206 154.07133174299653 7
1739453038209 151.24764282008258 8
1739453038212 148.36845614344955 9
1739453038217 145.45530465532795 10
1739453038219 142.52529068907376 11
1739453038222 139.5919711386428 12
1739453038224 136.66607398934042 13
1739453038226 133.75607527506455 14
1739453038230 130.8686617131419 15
1739453038232 128.00910043443767 16
1739453038234 125.18153367098272 17
1739453038237 122.38921311595759 18
1739453038239 119.63468596690433 19
1739453038241 116.9199423872106 20
1739453038244 114.24653223334424 21
1739453038247 111.61565734662965 22
1739453038250 109.02824444805518 23
1739453038252 106.48500265540045 24
1739453038255 103.98646882177783 25
1739453038257 101.53304323716901 26
1739453038260 99.12501770905874 27
1739453038263 96.76259761933373 28
1739453038266 94.44591922128508 29
1739453038268 92.17506317575676 30
1739453038271 89.95006511539914 31
1739453038273 87.77092385948481 32
1739453038276 85.63760776988491 33
1739453038279 83.55005963444647 34
1739453038282 81.50820038145093 35
1739453038284 79.51193186352958 36
1739453038286 77.56113889775821 37
1739453038289 75.65569070777951 38
1739453038291 73.79544188144196 39
1739453038294 71.98023293179189 40
1739453038297 70.20989052889146 41
1739453038300 68.48422745372986 42
1739453038302 66.80304231255943 43
1739453038305 65.16611903962294 44
1739453038307 63.573226207891224 45
1739453038310 62.0241161606725 46
1739453038313 60.51852397145577 47
1739453038316 59.056166234857564 48
1739453038319 57.63673968787336 49
1739453038321 56.25991965766834 50
1739453038324 54.92535832980939 51
1739453038326 53.63268282912804 52
1739453038329 52.38149310435542 53
1739453038331 51.171359607389086 54
1739453038334 50.001820758713976 55
1739453038336 48.87238019236192 56
1739453038338 47.782503777211886 57
1739453038341 46.73161641687241 58
1739453038343 45.719098638443896 59
1739453038346 44.74428299186239 60
1739453038349 43.80645029714377 61
1739453038351 42.904825797648414 62
1739453038353 42.03857530448082 63
1739453038356 41.206801451238476 64
1739453038358 40.4085402201213 65
1739453038361 39.64275794982301 66
1739453038364 38.9083490913878 67
1739453038367 38.2041350372425 68
1739453038369 37.528864405243695 69
1739453038372 36.88121520489516 70
1739453038375 36.2597993343794 71
1739453038378 35.66316983904184 72
1739453038381 35.08983128739294 73
1739453038383 34.538253474542685 74
1739453038386 34.00688843751705 75
1739453038391 33.494190467777564 76
1739453038395 32.99863845766953 77
1739453038399 32.51875956370984 78
1739453038402 32.05315287023977 79
1739453038405 31.600511555445408 80
1739453038407 31.159642048907873 81
1739453038410 30.72947884789048 82
1739453038414 30.309094012733905 83
1739453038418 29.897700837921196 84
1739453038421 29.494651718770587 85
1739453038424 29.09943072378936 86
1739453038427 28.711641772872674 87
1739453038430 28.330993571460983 88
1739453038432 27.957282550038535 89
1739453038435 27.590375022049987 90
1739453038438 27.230189633088646 91
1739453038440 26.876680968343784 92
1739453038443 26.529824950486123 93
1739453038446 26.189606426354423 94
1739453038449 25.85600912899986 95
1739453038451 25.52900802412182 96
1739453038454 25.20856391174289 97
1739453038456 24.89462005501561 98
1739453038459 24.58710054503132 99
