1739450285671 143.24970000351445 0
1739450285677 120.68613811188173 1
1739450285683 109.51709714432569 2
1739450285689 96.74618317328367 3
1739450285693 76.31027865010878 4
1739450285699 64.45635477715503 5
1739450285703 51.418584960327884 6
1739450285706 41.1155078769293 7
1739450285713 28.81971591008168 8
1739450285718 23.60584706103708 9
1739450285722 16.03911045387379 10
1739450285727 10.03815310816143 11
1739450285733 5.459548250596048 12
1739450285739 2.465371456963396 13
1739450285749 0.7961793035188256 14
1739450285755 0.220801234946242 15
1739450285764 0.26941264103953744 16
1739450285770 0.15711555921584944 17
1739450285777 0.18434129782614528 18
1739450285784 0.10059338386861452 19
1739450285790 0.1258322293706605 20
1739450285799 0.19764769390128478 21
1739450285805 0.24829366275985595 22
1739450285813 0.13150586362541816 23
1739450285820 0.21197253300701036 24
1739450285826 0.2665582778150626 25
1739450285833 0.1304383043558856 26
1739450285840 0.10321530794132591 27
1739450285849 0.14677125540344177 28
1739450285854 0.25864171993678736 29
1739450285860 0.17849238734540634 30
1739450285868 0.1449906407774487 31
1739450285873 0.1239779072410628 32
1739450285881 0.12761395758347027 33
1739450285886 0.10843920262974216 34
1739450285891 0.17487268188785446 35
1739450285899 0.15497269497134672 36
1739450285905 0.16759890820942736 37
1739450285911 0.1303825672909579 38
1739450285919 0.18994372435011597 39
1739450285923 0.15538660450584998 40
1739450285927 0.13301633586184516 41
1739450285935 0.16368151047347845 42
1739450285940 0.1882379575776328 43
1739450285948 0.1085470002261782 44
1739450285953 0.07909382103287786 45
1739450285957 0.1574021184619776 46
1739450285965 0.10484159268232188 47
1739450285970 0.09407114947562359 48
1739450285974 0.24303304371494303 49
