1739450009600 136.5513740467308 0
1739450009604 117.38281992646723 1
1739450009609 97.71145335560604 2
1739450009616 79.27210497250951 3
1739450009620 62.154471311210784 4
1739450009626 51.679117054339564 5
1739450009633 35.470072090168095 6
1739450009636 26.639545159852332 7
1739450009639 16.704695988084577 8
1739450009645 9.96158357831443 9
1739450009649 4.493143936065131 10
1739450009652 1.667016675779373 11
1739450009655 0.24967704936901688 12
1739450009661 0.19251881989392253 13
1739450009666 0.13184254677016108 14
1739450009669 0.17622730458518673 15
1739450009672 0.12427534601435594 16
1739450009676 0.09732137036946098 17
1739450009682 0.16721903171983762 18
1739450009685 0.09284097916202971 19
1739450009688 0.1242414256288036 20
1739450009693 0.11121017594209524 21
1739450009697 0.1268101645978011 22
1739450009700 0.15301299782634775 23
1739450009704 0.13953573917439943 24
1739450009708 0.36563763315720293 25
1739450009714 0.15399868768912064 26
1739450009718 0.1966247905811548 27
1739450009721 0.10941147713645107 28
