1739453065883 98.2510128760628 0
1739453065887 73.51238371777657 1
1739453065891 48.04340831929707 2
1739453065897 18.38976260578981 3
1739453065901 19.40426629984218 4
1739453065905 21.268777983349853 5
1739453065909 19.951562606014118 6
1739453065915 15.14561202461388 7
1739453065919 10.569156556550789 8
1739453065924 6.5703325556167576 9
1739453065930 8.512014866006828 10
1739453065934 6.012424996926145 11
1739453065938 5.595679919822413 12
1739453065942 3.2460527690884895 13
1739453065947 2.746249327896313 14
1739453065951 1.976991320962163 15
1739453065955 1.1801974152745447 16
1739453065960 0.7365103779440678 17
1739453065965 0.4056424702267649 18
1739453065969 0.3661157631509773 19
1739453065972 0.477500331528186 20
1739453065977 0.11591708862484389 21
1739453065982 0.2959410580875165 22
1739453065986 0.18111941626738284 23
1739453065990 0.2027743652729596 24
1739453065995 0.10903762791372602 25
1739453066000 0.15292447252891847 26
1739453066005 0.12700454902580677 27
1739453066009 0.08522625763689626 28
1739453066014 0.1577578847310162 29
1739453066018 0.14172837266164207 30
1739453066022 0.07870789417080182 31
1739453066027 0.10193788125178087 32
1739453066031 0.046984648340779166 33
1739453066035 0.07510865395120016 34
1739453066039 0.08642501369475288 35
1739453066043 0.08149291521349036 36
1739453066049 0.08629900591776284 37
1739453066053 0.14479060364334234 38
1739453066057 0.15313503078213583 39
1739453066063 0.12821226869084618 40
1739453066068 0.06417763516425176 41
