1739450248747 39.00627765301495 0
1739450248753 29.763457039038588 1
1739450248756 13.187952322484524 2
1739450248759 12.665068463340324 3
1739450248766 9.889508090061437 4
1739450248770 2.669357546400598 5
1739450248773 1.5146879616863196 6
1739450248776 0.6310609919744077 7
1739450248782 0.28427832830763744 8
1739450248786 0.20825604414576634 9
1739450248789 0.26556555884152666 10
1739450248792 0.15569921029292794 11
1739450248798 0.16592276462447794 12
1739450248803 0.21266394710859313 13
1739450248806 0.128512275527522 14
1739450248809 0.1122879525642048 15
1739450248816 0.13875823297725504 16
1739450248819 0.17274595442764396 17
1739450248823 0.061957055000521025 18
1739450248826 0.16961789856836948 19
1739450248832 0.10139248464856362 20
1739450248836 0.14581741436388224 21
1739450248840 0.1537853411999337 22
1739450248845 0.1461444797700436 23
1739450248852 0.14282888124210286 24
1739450248856 0.1298438371231649 25
1739450248860 0.27301931604403895 26
1739450248866 0.11430901015057374 27
1739450248870 0.06160523599210928 28
1739450248874 0.10607013255918221 29
1739450248878 0.12509870590305516 30
1739450248884 0.10905214074958418 31
1739450248888 0.16958146835102256 32
1739450248891 0.22229203487913252 33
1739450248897 0.15863552121367389 34
1739450248902 0.1619262315582807 35
1739450248906 0.14135571520213586 36
1739450248909 0.11953978929255026 37
1739450248915 0.14844288437475206 38
1739450248920 0.09482163215857368 39
1739450248925 0.10017140448365212 40
1739450248933 0.08950494150995127 41
1739450248938 0.20641872902915986 42
1739450248944 0.17941534800758815 43
1739450248951 0.11031148988368462 44
1739450248956 0.2846735028959421 45
1739450248966 0.1240905696709677 46
1739450248972 0.2633494020379261 47
1739450248978 0.14742249519020773 48
1739450248986 0.12140812432282301 49
1739450248991 0.18126985878436622 50
1739450248998 0.08481541961796821 51
1739450249006 0.1805637785488443 52
1739450249012 0.10823147422245756 53
1739450249019 0.10105938665737253 54
1739450249025 0.16012026970204024 55
1739450249032 0.2870572753090727 56
1739450249038 0.12440104222458957 57
1739450249043 0.14226101443166067 58
1739450249049 0.1531979615595792 59
1739450249054 0.05215994905574147 60
