1739451571095 37.14906799750263 0
1739451571103 0.11981594125757682 1
1739451571111 0.10465488672210681 2
1739451571116 0.1871261644910575 3
1739451571121 0.21650479896804523 4
1739451571127 0.14263930370752076 5
1739451571133 0.18923950182906674 6
1739451571137 0.08278649178712236 7
1739451571142 0.1783046226740486 8
1739451571149 0.15096277608154793 9
1739451571153 0.10360474750264415 10
1739451571159 0.1911262236768133 11
1739451571165 0.09519086178905935 12
1739451571171 0.12739223802833183 13
1739451571176 0.12626356922846455 14
1739451571183 0.23193884992999783 15
1739451571187 0.2432244383706889 16
1739451571194 0.08380537949681328 17
1739451571199 0.06737433641420018 18
1739451571203 0.10796707310088202 19
1739451571209 0.22771273352884047 20
1739451571215 0.19174638025467935 21
1739451571220 0.1275544830386139 22
1739451571226 0.09847344263852056 23
1739451571232 0.16622972017357246 24
