1739450855441 87.18341040441035 0
1739450855446 30.30300903647346 1
1739450855452 3.0899982746147354 2
1739450855455 0.0939254002219995 3
1739450855458 0.27344745735759896 4
1739450855462 0.21923559247525434 5
1739450855468 0.20927017044664878 6
1739450855471 0.09434235913217572 7
1739450855475 0.19349408827844 8
1739450855479 0.1933803390066243 9
1739450855485 0.17208148927976022 10
1739450855489 0.19639704890141543 11
1739450855493 0.12390856434277361 12
1739450855498 0.0777281760183365 13
1739450855503 0.09516837843151328 14
1739450855506 0.21564849720983478 15
1739450855509 0.14109241430131 16
1739450855515 0.0906574806288268 17
1739450855519 0.15908682490209378 18
1739450855522 0.21928231711864335 19
1739450855526 0.11853638969225051 20
1739450855530 0.2840824015712943 21
1739450855535 0.14490026821787239 22
1739450855539 0.2392912663061868 23
1739450855542 0.16645384075034064 24
1739450855547 0.13142852422871348 25
1739450855552 0.18051152187930036 26
1739450855555 0.15000211112914769 27
1739450855558 0.13160169029515226 28
1739450855562 0.04976428066761212 29
1739450855569 0.16412947172335893 30
1739450855573 0.12563288626633842 31
1739450855579 0.07918602212783193 32
1739450855586 0.10271528756030818 33
1739450855590 0.12402037430249864 34
1739450855595 0.19949856078418582 35
1739450855601 0.0738095862198907 36
1739450855605 0.13841105973214626 37
1739450855608 0.10293092731912633 38
1739450855613 0.20363019779230923 39
1739450855618 0.1502506563892289 40
1739450855622 0.03577150262517765 41
1739450855626 0.11364876264664818 42
1739450855632 0.11784306784351785 43
1739450855636 0.16224156022481348 44
1739450855640 0.14700584976274125 45
1739450855643 0.10279543852705383 46
1739450855649 0.25714075098913614 47
1739450855654 0.123316259085263 48
1739450855658 0.08936420598735706 49
1739450855665 0.1776020347779063 50
1739450855672 0.18124699574288355 51
1739450855677 0.07770537210995113 52
1739450855683 0.31487398406887473 53
1739450855687 0.09255580420298211 54
1739450855690 0.2915526189701395 55
1739450855694 0.10855125700557137 56
1739450855700 0.10137594220814201 57
1739450855704 0.17077772918370315 58
1739450855708 0.11056621837715569 59
1739450855711 0.1468474001229922 60
1739450855717 0.12932318075192667 61
1739450855721 0.09044730118550633 62
1739450855725 0.15049245486892202 63
1739450855729 0.2670521862392049 64
1739450855734 0.34829786266368584 65
1739450855738 0.2338328378120967 66
1739450855741 0.18757454499930817 67
1739450855745 0.1120416181204519 68
1739450855750 0.15329446965985338 69
1739450855754 0.08308092174406462 70
1739450855758 0.11076932650100758 71
1739450855763 0.26873323314956954 72
1739450855768 0.11827184219831503 73
1739450855771 0.2038177566195594 74
1739450855775 0.18788634693848622 75
1739450855779 0.12561810007998755 76
1739450855784 0.09464092845829918 77
