1739453033155 169.01961904378464 0
1739453033157 168.75943079958154 1
1739453033164 168.29159831599296 2
1739453033168 167.65846478530784 3
1739453033171 166.89407614688153 4
1739453033173 166.0257582542401 5
1739453033175 165.07541234514724 6
1739453033180 164.06057218635263 7
1739453033184 162.9952624231856 8
1739453033187 161.89069281826275 9
1739453033189 160.7558180589182 10
1739453033191 159.5977880926052 11
1739453033194 158.4223097187905 12
1739453033197 157.23393649380134 13
1739453033199 156.0363008861453 14
1739453033202 154.8323000107944 15
1739453033204 153.62424411255373 16
1739453033206 152.41397519777453 17
1739453033208 151.20296176982708 18
1739453033211 149.99237445217733 19
1739453033215 148.78314633579996 20
1739453033217 147.57602112423407 21
1739453033219 146.3715915356239 22
1739453033221 145.17032992821802 23
1739453033223 143.9726127207065 24
1739453033225 142.77873986242085 25
1739453033228 141.588950355346 26
1739453033230 140.4034346275836 27
1739453033233 139.22234439627675 28
1739453033235 138.04580052893337 29
1739453033237 136.87389930905584 30
1739453033239 135.70671742976174 31
1739453033241 134.54431597348565 32
1739453033243 133.38674358352802 33
1739453033246 132.23403899148732 34
1739453033248 131.08623303133743 35
1739453033251 129.94335024437973 36
1739453033253 128.8054101581472 37
1739453033255 127.67242830547593 38
1739453033257 126.54441703651693 39
1739453033259 125.4213861657462 40
1739453033263 124.30334348749258 41
1739453033265 123.19029518669416 42
1739453033268 122.08224616617042 43
1739453033270 120.97920030737282 44
1739453033272 119.8811606781317 45
1739453033274 118.7881296981706 46
1739453033276 117.70010927097059 47
1739453033279 116.61710088882522 48
1739453033282 115.53910571653356 49
1739453033285 114.46612465807534 50
1739453033287 113.39815840972673 51
1739453033289 112.33520750237372 52
1739453033291 111.27727233521975 53
1739453033294 110.2243532026368 54
1739453033297 109.17645031555472 55
1739453033299 108.13356381849918 56
1739453033301 107.09569380316337 57
1739453033303 106.0628403192185 58
1739453033306 105.03500338292437 59
1739453033308 104.01218298398798 60
1739453033310 102.9943790910265 61
1739453033313 101.98159165591811 62
1739453033315 100.97382061726759 63
1739453033318 99.97106590316636 64
1739453033320 98.97332743339078 65
1739453033322 97.98060512115288 66
1739453033324 96.99289887449464 67
1739453033326 96.01020859739857 68
1739453033329 95.03253419067201 69
1739453033331 94.05987555265149 70
1739453033333 93.09223257976355 71
1739453033335 92.1296051669715 72
1739453033337 91.1719932081312 73
1739453033339 90.21939659627431 74
1739453033342 89.271815223834 75
1739453033344 88.3292489828246 76
1739453033348 87.39169776498476 77
1739453033350 86.4591614618915 78
1739453033352 85.531639965051 79
1739453033354 84.60913316597096 80
1739453033356 83.69164095621828 81
1739453033358 82.77916322746502 82
1739453033362 81.871699871525 83
1739453033366 80.96925078038305 84
1739453033368 80.07181584621836 85
1739453033370 79.179394961423 86
1739453033373 78.29198801861683 87
1739453033375 77.40959491065948 88
1739453033377 76.53221553065973 89
1739453033380 75.65984977198323 90
1739453033383 74.79249752825866 91
1739453033386 73.93015869338257 92
1739453033389 73.0728331615235 93
1739453033391 72.2205208271251 94
1739453033393 71.37322158490888 95
1739453033396 70.53093532987629 96
1739453033399 69.69366195731057 97
1739453033401 68.86140136277814 98
1739453033403 68.03415344212999 99
