1739449619776 147.732907602943 0
1739449619779 135.45127041912315 1
1739449619783 134.60443117812443 2
1739449619787 117.34950612078806 3
1739449619790 114.10146262014496 4
1739449619793 106.6815323400058 5
1739449619797 100.90891200213197 6
1739449619802 85.98270922368917 7
1739449619805 84.83500244933475 8
1739449619808 74.46114321479291 9
1739449619811 66.39962003020433 10
1739449619815 66.87512831472316 11
1739449619819 58.77944069468495 12
1739449619822 53.56572596893335 13
1739449619825 46.387920528214295 14
1739449619827 41.44193969707995 15
1739449619831 37.11286922913551 16
1739449619835 32.83480332029395 17
1739449619838 27.934990871649944 18
1739449619840 23.688376735871607 19
1739449619843 21.917875267817664 20
1739449619848 17.829770184375008 21
1739449619852 14.166363312241804 22
1739449619855 10.879531729359107 23
1739449619857 9.467538195797616 24
1739449619860 6.782660076463809 25
1739449619864 5.659948728873604 26
1739449619869 3.373802921601432 27
1739449619872 2.3746164520518067 28
1739449619875 1.4920968823951395 29
1739449619878 0.579262015520503 30
1739449619883 0.4319882432242871 31
1739449619886 0.22307478250933743 32
1739449619889 0.5826752753148385 33
1739449619892 0.22000502234179992 34
1739449619895 0.21276975719268926 35
1739449619899 0.1801005572237555 36
1739449619903 0.12659109815471664 37
1739449619906 0.15884163248308175 38
1739449619909 0.12782551725414001 39
1739449619912 0.21801096935877876 40
1739449619917 0.07101396265626693 41
1739449619920 0.21593731605549527 42
1739449619922 0.09240642436761363 43
1739449619925 0.2238507923544013 44
1739449619928 0.11672396570219797 45
