1739448971044 93.3381778764784 0
1739448971047 26.02280528041334 1
1739448971052 1.2750099503046135 2
1739448971055 0.09265484411157922 3
1739448971057 0.06284652694431944 4
1739448971061 0.12076681598821704 5
1739448971067 0.12152331163129886 6
1739448971070 0.1080941876790049 7
1739448971073 0.09247346846568831 8
1739448971076 0.013536043024387703 9
1739448971079 0.009744787691959127 10
1739448971082 0.05919712176443608 11
1739448971087 0.07928216461061743 12
1739448971089 0.37809463281495326 13
1739448971092 0.021591190816070804 14
1739448971096 0.03377780853789407 15
1739448971100 0.09216702769495881 16
1739448971104 0.36433606384308653 17
1739448971107 0.1348775890670752 18
1739448971109 0.062480227143411116 19
1739448971112 0.14320529990819325 20
1739448971115 0.20746122832857974 21
1739448971120 0.09031630582208175 22
1739448971123 0.11423912702320374 23
1739448971126 0.054711020484125905 24
1739448971129 0.41379373346247955 25
1739448971134 0.06126440273618808 26
1739448971137 0.08914078539908296 27
1739448971140 0.16958323515620227 28
1739448971142 0.04024317099567393 29
1739448971145 0.056076315492634976 30
1739448971149 0.11822347355314278 31
1739448971153 0.04536917425136751 32
1739448971155 0.07860831278878908 33
1739448971159 0.10289636921006864 34
1739448971165 0.4716136659287816 35
1739448971172 0.058612725187524625 36
1739448971177 0.6280176673261285 37
1739448971180 0.07519104516258972 38
1739448971184 0.3916323717607387 39
1739448971187 0.02175403239632224 40
1739448971190 0.25109688125629226 41
1739448971193 0.08074325406086345 42
