1739451657766 168.92543757006746 0
1739451657770 168.55395953474408 1
1739451657774 168.18285239782855 2
1739451657777 167.8121441831827 3
1739451657779 167.4418432528865 4
1739451657781 167.0719520959483 5
1739451657783 166.70247144942073 6
1739451657789 166.33340152797504 7
1739451657792 165.9647423905537 8
1739451657794 165.59649404968334 9
1739451657797 165.2286565040622 10
1739451657799 164.8612297482742 11
1739451657801 164.49421377568444 12
1739451657808 164.12760857930232 13
1739451657811 163.761414152039 14
1739451657813 163.39563048678372 15
1739451657815 163.0302575764268 16
1739451657817 162.6652954138666 17
1739451657822 162.30074399201135 18
1739451657825 161.93660330377958 19
1739451657828 161.57287334210085 20
1739451657830 161.2095540999152 21
1739451657832 160.84664557017354 22
1739451657836 160.48414774583748 23
1739451657840 160.12206061987942 24
1739451657843 159.7603841852824 25
1739451657845 159.39911843504026 26
1739451657847 159.03826336215755 27
1739451657849 158.6778189596496 28
1739451657853 158.3177852205423 29
1739451657856 157.95816213787242 30
1739451657859 157.59894970468724 31
1739451657862 157.24014791404494 32
1739451657864 156.88175675901422 33
1739451657866 156.52377623267455 34
1739451657869 156.16620632811603 35
1739451657873 155.8090470384395 36
1739451657876 155.45229835675636 37
1739451657878 155.09596027618872 38
1739451657880 154.7400327898694 39
1739451657882 154.38451589094177 40
1739451657885 154.0294095725598 41
1739451657893 153.67471382788833 42
1739451657896 153.32042865010249 43
1739451657898 152.9665540323883 44
1739451657900 152.6130899679423 45
1739451657906 152.26003644997158 46
1739451657910 151.90739347169392 47
1739451657913 151.55516102633763 48
1739451657915 151.2033391071417 49
1739451657917 150.85192770735557 50
1739451657921 150.50092682023939 51
1739451657924 150.15033643906378 52
1739451657926 149.80015655710997 53
1739451657929 149.45038716766976 54
1739451657931 149.10102826404548 55
1739451657933 148.75207983955002 56
1739451657936 148.40354188750678 57
1739451657940 148.05541440124972 58
1739451657942 147.70769737412334 59
1739451657945 147.36039079948262 60
1739451657948 147.01349467069306 61
1739451657950 146.66700898113072 62
1739451657956 146.3209337241821 63
1739451657959 145.97526889324425 64
1739451657963 145.63001448172466 65
1739451657966 145.28517048304133 66
1739451657972 144.94073689062273 67
1739451657977 144.59671369790777 68
1739451657980 144.25310089834593 69
1739451657983 143.909898485397 70
1739451657987 143.5671064525313 71
1739451657991 143.22472479322968 72
1739451657995 142.88275350098323 73
1739451657997 142.54119256929363 74
1739451658000 142.20004199167292 75
1739451658005 141.85930176164356 76
1739451658009 141.51897187273852 77
1739451658012 141.179052318501 78
1739451658014 140.83954309248475 79
1739451658017 140.50044418825385 80
1739451658021 140.16175559938276 81
1739451658025 139.82347731945634 82
1739451658028 139.48560934206986 83
1739451658030 139.14815166082886 84
1739451658032 138.81110426934939 85
1739451658036 138.47446716125768 86
1739451658040 138.13824033019046 87
1739451658043 137.80242376979467 88
1739451658045 137.46701747372774 89
1739451658047 137.13202143565726 90
1739451658049 136.79743564926133 91
1739451658053 136.46326010822818 92
1739451658057 136.12949480625645 93
1739451658059 135.79613973705506 94
1739451658061 135.46319489434327 95
1739451658064 135.1306602718506 96
1739451658066 134.79853586331677 97
1739451658069 134.46682166249195 98
1739451658072 134.1355176631364 99
