1739453008520 168.90082104802957 0
1739453008523 168.57569997603073 1
1739453008525 168.25087932492343 2
1739453008527 167.9263702957812 3
1739453008530 167.60217511391613 4
1739453008534 167.27829421885085 5
1739453008536 166.95472769504488 6
1739453008538 166.63147555637553 7
1739453008540 166.30853780269246 8
1739453008542 165.9859144310601 9
1739453008545 165.66360543799237 10
1739453008548 165.34161081989697 11
1739453008551 165.0199305731635 12
1739453008553 164.6985646941811 13
1739453008555 164.37751317934197 14
1739453008557 164.05677602504204 15
1739453008560 163.73635322768095 16
1739453008563 163.4162447836624 17
1739453008566 163.09645068939383 18
1739453008569 162.7769709412866 19
1739453008571 162.457805535756 20
1739453008573 162.1389544692211 21
1739453008575 161.8204177381049 22
1739453008577 161.5021953388342 23
1739453008581 161.18428726783984 24
1739453008583 160.8666935215563 25
1739453008586 160.5494140964221 26
1739453008588 160.23244898887958 27
1739453008590 159.9157981953749 28
1739453008592 159.59946171235808 29
1739453008594 159.28343953628314 30
1739453008598 158.9677316636078 31
1739453008601 158.65233809079365 32
1739453008604 158.33725881430624 33
1739453008606 158.0224938306149 34
1739453008608 157.70804313619283 35
1739453008610 157.3939067275171 36
1739453008612 157.0800846010686 37
1739453008615 156.76657675333212 38
1739453008618 156.45338318079624 39
1739453008620 156.1405038799534 40
1739453008622 155.82793884729992 41
1739453008624 155.51568807933594 42
1739453008626 155.20375157256544 43
1739453008628 154.8921293234963 44
1739453008631 154.5808213286401 45
1739453008634 154.26982758451243 46
1739453008636 153.95914808763263 47
1739453008638 153.64878283452384 48
1739453008640 153.33873182171308 49
1739453008642 153.02899504573125 50
1739453008645 152.71957250311297 51
1739453008648 152.41046419039677 52
1739453008650 152.10167010412505 53
1739453008652 151.79319024084396 54
1739453008654 151.4850245971034 55
1739453008656 151.17717316945732 56
1739453008658 150.8696359544633 57
1739453008661 150.56241294868278 58
1739453008664 150.25550414868113 59
1739453008667 149.94890955102738 60
1739453008669 149.6426291522945 61
1739453008671 149.33666294905916 62
1739453008673 149.031010937902 63
1739453008675 148.72567311540732 64
1739453008677 148.42064947816337 65
1739453008681 148.11594002276206 66
1739453008684 147.81154474579918 67
1739453008686 147.50746364387442 68
1739453008688 147.20369671359117 69
1739453008690 146.90024395155658 70
1739453008692 146.59710535438174 71
1739453008694 146.2942809186814 72
1739453008697 145.99177064107425 73
1739453008701 145.6895745181827 74
1739453008703 145.3876925466329 75
1739453008705 145.0861247230549 76
1739453008707 144.78487104408254 77
1739453008710 144.4839315063534 78
1739453008713 144.1833061065088 79
1739453008716 143.88299484119403 80
1739453008719 143.582997707058 81
1739453008722 143.28331470075344 82
1739453008726 142.98394581893695 83
1739453008728 142.6848910582688 84
1739453008733 142.38615041541314 85
1739453008736 142.08772388703784 86
1739453008738 141.78961146981456 87
1739453008740 141.49181316041876 88
1739453008742 141.19432895552964 89
1739453008745 140.8971588518302 90
1739453008749 140.60030284600725 91
1739453008751 140.30376093475127 92
1739453008754 140.0075331147566 93
1739453008756 139.71161938272135 94
1739453008758 139.41601973534733 95
1739453008760 139.12073416934018 96
1739453008764 138.8257626814093 97
1739453008767 138.53110526826777 98
1739453008770 138.23676192663254 99
