1739453062767 145.56898452770162 0
1739453062771 117.71034419727647 1
1739453062775 97.26503313169918 2
1739453062780 76.01898006047034 3
1739453062784 56.575480920035 4
1739453062788 39.91683968956171 5
1739453062792 28.998714099537967 6
1739453062797 17.706955222103336 7
1739453062801 9.116490290555427 8
1739453062805 3.6482273344267844 9
1739453062809 1.1083097917142792 10
1739453062814 0.18606478546559715 11
1739453062819 0.08806117357660403 12
1739453062822 0.06049289931692811 13
1739453062827 0.09060239394399112 14
1739453062832 0.0795632431386936 15
1739453062836 0.127233347802146 16
1739453062840 0.1208207082699835 17
