1739449619941 165.26085273067375 0
1739449619945 135.4903199411052 1
1739449619950 144.10933313116666 2
1739449619953 121.2989340525701 3
1739449619956 107.90121404746712 4
1739449619959 106.43985650647643 5
1739449619962 98.6794362458662 6
1739449619966 95.58585878471527 7
1739449619971 84.28705513511771 8
1739449619975 77.5933088419162 9
1739449619978 69.69727034683216 10
1739449619982 59.3543661241396 11
1739449619987 57.42233164698477 12
1739449619990 54.86149899118733 13
1739449619993 49.10468476295713 14
1739449619998 45.14929477010891 15
1739449620002 36.61627105443928 16
1739449620006 33.591536694509145 17
1739449620009 28.755062627678544 18
1739449620013 24.91765792533458 19
1739449620017 21.91377321735925 20
1739449620022 17.635997568912316 21
1739449620025 14.879089386796878 22
1739449620029 11.424098415861739 23
1739449620033 9.133966562366718 24
1739449620037 6.83500419751827 25
1739449620040 5.240795786918066 26
1739449620043 3.1810812412968748 27
1739449620047 1.737094535865723 28
1739449620052 1.373788491761376 29
1739449620056 0.6462380619369558 30
1739449620059 0.3624906279424212 31
1739449620062 0.27503681003643365 32
1739449620066 0.20623507647475703 33
1739449620070 0.13912391502383584 34
1739449620073 0.1848871056020109 35
1739449620076 0.20128542160937324 36
1739449620080 0.15674449575478247 37
1739449620086 0.10476548194657843 38
1739449620089 0.081951664659711 39
1739449620092 0.09407182536164863 40
1739449620096 0.2061938438554772 41
1739449620100 0.1278651203047194 42
1739449620105 0.07538508167686964 43
