1739450009735 144.7671789476122 0
1739450009738 126.69617360193936 1
1739450009743 99.45441143574537 2
1739450009747 83.5781419913013 3
1739450009750 69.53932792373334 4
1739450009753 56.308698798686585 5
1739450009757 40.671328206884155 6
1739450009762 28.58873137484231 7
1739450009766 18.973578689050093 8
1739450009769 11.720035736657485 9
1739450009772 6.221604552647637 10
1739450009778 2.4016316744742006 11
1739450009782 0.601816302121595 12
1739450009786 0.3189913565118214 13
1739450009790 0.18513412300593662 14
1739450009795 0.1355161180143493 15
1739450009800 0.14085066678286656 16
1739450009804 0.16431142253242528 17
1739450009809 0.17766550386909896 18
1739450009816 0.09557921293115798 19
1739450009819 0.14793908133854078 20
