1739453062667 150.43034323200368 0
1739453062671 116.45307297991596 1
1739453062677 90.70094841179537 2
1739453062683 73.12261302534512 3
1739453062688 55.34814572612915 4
1739453062692 41.82561701910074 5
1739453062699 27.884823784430246 6
1739453062703 16.679752927496413 7
1739453062707 9.234458939922073 8
1739453062713 3.5609167580036982 9
1739453062718 0.9580543073799299 10
1739453062722 0.24567793557204856 11
1739453062727 0.0658108093942751 12
1739453062732 0.1267137485880568 13
1739453062736 0.07381491259677907 14
1739453062740 0.09497499036120594 15
1739453062745 0.09337579175425188 16
1739453062749 0.09470632644553575 17
