1739450855906 89.72120650165351 0
1739450855910 31.669392922029072 1
1739450855917 3.545795068820651 2
1739450855921 0.1288635521045813 3
1739450855924 0.06478706696764126 4
1739450855929 0.09376238577813877 5
1739450855935 0.12331922419673301 6
1739450855939 0.1974279423946046 7
1739450855943 0.0905854316151444 8
1739450855951 0.12571381803456105 9
1739450855956 0.2399481150913769 10
1739450855960 0.10984553436630733 11
1739450855967 0.18997016012211082 12
1739450855973 0.14159612016508338 13
1739450855978 0.25030830389100356 14
1739450855988 0.20561964269199282 15
1739450855997 0.1519902162015096 16
1739450856008 0.11386226212112308 17
1739450856018 0.06077809436809413 18
1739450856027 0.1384455727853958 19
1739450856037 0.35329692780576116 20
1739450856046 0.09028207010625044 21
1739450856056 0.13167322228936792 22
1739450856065 0.26734162210130713 23
1739450856074 0.1519811950069799 24
1739450856084 0.13997709600848593 25
1739450856093 0.10226486908780236 26
1739450856103 0.22988683744108915 27
1739450856111 0.20333763208472727 28
1739450856120 0.14287824679000208 29
1739450856124 0.08962085104141915 30
1739450856129 0.10291219006822545 31
1739450856134 0.1667775339958907 32
1739450856138 0.06550850523699937 33
1739450856142 0.32741290721763744 34
1739450856145 0.13508613331251534 35
