1739449981546 169.01961904378464 0
1739449981548 168.33176530618746 1
1739449981550 167.61151408803354 2
1739449981551 166.8915987875175 3
1739449981553 166.1736512088906 4
1739449981554 165.45775234456417 5
1739449981556 164.7439058635952 6
1739449981558 164.03211157721194 7
1739449981562 163.32236910160498 8
1739449981566 162.61467804051668 9
1739449981568 161.9090379943181 10
1739449981569 161.20544856043398 11
1739449981571 160.50390933333642 12
1739449981572 159.8044199045168 13
1739449981574 159.10697986245597 14
1739449981577 158.4115887925942 15
1739449981580 157.71824627730075 16
1739449981582 157.026951895843 17
1739449981584 156.3377052243552 18
1739449981585 155.65050583580694 19
1739449981587 154.96535329997093 20
1739449981589 154.28224718339078 21
1739449981590 153.6011870493481 22
1739449981593 152.92217245782925 23
1739449981596 152.24520296549147 24
1739449981598 151.5702781256292 25
1739449981600 150.89739748813906 26
1739449981603 150.2265605994853 27
1739449981604 149.55776700266398 28
1739449981606 148.89101623716746 29
1739449981607 148.22630783894772 30
1739449981610 147.56364134037975 31
1739449981613 146.90301627022416 32
1739449981615 146.2444321535895 33
1739449981618 145.5878885118939 34
1739449981619 144.93338486282627 35
1739449981621 144.2809207203071 36
1739449981622 143.63049559444883 37
1739449981624 142.98210899151508 38
1739449981629 142.33576041388028 39
1739449981632 141.69144935998807 40
1739449981635 141.04917532430943 41
1739449981638 140.4089377973001 42
1739449981640 139.7707362653577 43
1739449981647 139.1345702107779 44
1739449981650 138.50043911171045 45
1739449981652 137.86834244211425 46
1739449981654 137.23827967171195 47
1739449981657 136.61025026594402 48
1739449981662 135.98425368592203 49
1739449981666 135.36028938838146 50
1739449981668 134.73835682563387 51
1739449981670 134.11845544551826 52
1739449981671 133.50058469135183 53
1739449981673 132.88474400188036 54
1739449981676 132.27093281122725 55
1739449981681 131.65915054884266 56
1739449981683 131.04939663945132 57
1739449981685 130.44167050300004 58
1739449981687 129.8359715546042 59
1739449981689 129.23229920449364 60
1739449981692 128.63065285795776 61
1739449981697 128.03103191529004 62
1739449981699 127.43343577173141 63
1739449981702 126.83786381741324 64
1739449981703 126.24431543729916 65
1739449981705 125.65279001112646 66
1739449981706 125.06328691334619 67
1739449981708 124.47580551306297 68
1739449981713 123.89034517397343 69
1739449981715 123.30690525430413 70
1739449981717 122.72548510674845 71
1739449981718 122.1460840784026 72
1739449981720 121.56870151070066 73
1739449981721 120.993336739349 74
1739449981722 120.41998909425922 75
1739449981724 119.8486578994807 76
1739449981727 119.27934247313168 77
1739449981730 118.71204212732972 78
1739449981732 118.14675616812104 79
1739449981734 117.58348389540866 80
1739449981736 117.02222460287977 81
1739449981738 116.46297757793195 82
1739449981740 115.90574210159814 83
1739449981742 115.35051744847077 84
1739449981746 114.79730288662465 85
1739449981748 114.24609767753869 86
1739449981751 113.6969010760166 87
1739449981754 113.14971233010634 88
1739449981757 112.60453068101823 89
1739449981760 112.06135536304221 90
1739449981766 111.5201856034635 91
1739449981769 110.98102062247729 92
1739449981770 110.44385963310188 93
1739449981772 109.90870184109076 94
1739449981774 109.37554644484337 95
1739449981777 108.84439263531414 96
1739449981782 108.31523959592089 97
1739449981784 107.78808650245092 98
1739449981786 107.26293252296655 99
