1739450211759 128.6721503652583 0
1739450211772 100.92825034686318 1
1739450211782 77.03963134152217 2
1739450211795 55.03094474842992 3
1739450211808 37.643956971474466 4
1739450211819 24.605665935159454 5
1739450211825 13.010546831101404 6
1739450211834 6.446672821628267 7
1739450211840 1.621929313654365 8
1739450211847 0.18288620202277917 9
1739450211854 0.06978696870291348 10
1739450211860 0.12752445983162325 11
1739450211868 0.135884493279054 12
1739450211875 0.10003954529456485 13
1739450211880 0.23375457796622415 14
1739450211886 0.16853688788873086 15
1739450211891 0.1438585420788128 16
