1739453033669 168.91119730653813 0
1739453033671 167.6133788503353 1
1739453033673 166.32051450119732 2
1739453033676 165.03261741848178 3
1739453033678 163.74969815477806 4
1739453033681 162.47176513306013 5
1739453033684 161.19882504957778 6
1739453033686 159.93088320876387 7
1739453033689 158.66794379842432 8
1739453033691 157.41001011388116 9
1739453033693 156.1570847393003 10
1739453033696 154.90916969360103 11
1739453033699 153.6662665473665 12
1739453033701 152.42837651619817 13
1739453033703 151.19550053505222 14
1739453033705 149.96763931729683 15
1739453033707 148.74479340154122 16
1739453033709 147.5269631887085 17
1739453033712 146.31414897134604 18
1739453033715 145.10635095677046 19
1739453033717 143.9035692853265 20
1739453033719 142.70580404477806 21
1739453033721 141.5130552816417 22
1739453033723 140.32532301010593 23
1739453033726 139.1426072190456 24
1739453033728 137.96490787753513 25
1739453033731 136.79222493917914 26
1739453033733 135.62455834551233 27
1739453033735 134.4619080286669 28
1739453033737 133.30427391346467 29
1739453033739 132.15165591905668 30
1739453033741 131.0040539602077 31
1739453033743 129.8614679483018 32
1739453033746 128.7238977921294 33
1739453033748 127.59134339850257 34
1739453033750 126.46380467273617 35
1739453033753 125.34128151902343 36
1739453033755 124.22377384072946 37
1739453033757 123.11128154061988 38
1739453033759 122.00380452103917 39
1739453033762 120.90134268404962 40
1739453033764 119.80389593153956 41
1739453033767 118.7114641653072 42
1739453033769 117.62404728712615 43
1739453033771 116.541645198796 44
1739453033773 115.46425780218158 45
1739453033775 114.39188499924346 46
1739453033778 113.32452669206143 47
1739453033781 112.2621827828525 48
1739453033784 111.20485317398517 49
1739453033786 110.15253776798978 50
1739453033788 109.10523646756708 51
1739453033790 108.06294917559434 52
1739453033792 107.02567579513013 53
1739453033795 105.99341622941797 54
1739453033798 104.96617038188903 55
1739453033800 103.94393815616424 56
1739453033802 102.92671945605561 57
1739453033804 101.91451418556751 58
1739453033806 100.9073222488972 59
1739453033808 99.90514355043564 60
1739453033811 98.90797799476756 61
1739453033814 97.91582548667184 62
1739453033816 96.92868593112142 63
1739453033818 95.94655923328354 64
1739453033820 94.96944529851939 65
1739453033822 93.99734403238419 66
1739453033824 93.030255340627 67
1739453033827 92.06817912919045 68
1739453033829 91.11111530421064 69
1739453033831 90.15906377201689 70
1739453033833 89.21202443913135 71
1739453033835 88.26999721226899 72
1739453033838 87.33298199833713 73
1739453033840 86.40097870443525 74
1739453033842 85.4739872378547 75
1739453033844 84.5520075060784 76
1739453033847 83.63503941678051 77
1739453033849 82.72308287782623 78
1739453033851 81.81613779727127 79
1739453033853 80.91420408336177 80
1739453033855 80.01728164453382 81
1739453033858 79.12537038941319 82
1739453033860 78.23847022681494 83
1739453033864 77.3565810657431 84
1739453033866 76.4797028153903 85
1739453033868 75.60783538513742 86
1739453033870 74.74097868455316 87
1739453033873 73.87913262339374 88
1739453033875 73.02229711160246 89
1739453033878 72.17047205930928 90
1739453033881 71.32365737683041 91
1739453033884 70.48185297466794 92
1739453033886 69.64505876350937 93
1739453033888 68.81327465422717 94
1739453033891 67.98650055787832 95
1739453033893 67.16473638570382 96
1739453033896 66.3479820491283 97
1739453033899 65.53623745975943 98
1739453033901 64.72950252938752 99
