1739450285200 156.21270717130196 0
1739450285209 140.08679613846235 1
1739450285217 113.74764142724946 2
1739450285223 99.25742956457158 3
1739450285233 84.5589227252701 4
1739450285241 70.09278116800087 5
1739450285249 58.19629592052579 6
1739450285255 44.32635545800654 7
1739450285261 33.732092085204485 8
1739450285267 25.543812748048815 9
1739450285271 19.001529129375406 10
1739450285277 11.900001186304847 11
1739450285284 8.29362416144404 12
1739450285288 4.33973438937643 13
1739450285293 1.3804337960799455 14
1739450285300 0.5791527666189753 15
1739450285307 0.33933735167307 16
1739450285315 0.18672286596880472 17
1739450285319 0.18916961229997892 18
1739450285322 0.14450298502680545 19
1739450285327 0.08076835902396148 20
1739450285334 0.08093894093707778 21
1739450285338 0.09938405009701871 22
1739450285342 0.1435563038193166 23
1739450285349 0.104815601665843 24
1739450285353 0.22661972180498635 25
1739450285357 0.1472054778400524 26
