1739353487496 148.5391735868784 0
1739353487508 105.86378577317306 1
1739353487520 81.39330142021791 2
1739353487530 55.23167299602196 3
1739353487540 29.459599375081083 4
1739353487547 14.31956531109505 5
1739353487559 5.400352923890359 6
1739353487570 2.0714561865543635 7
1739353487577 0.11440602838132702 8
1739353487588 0.4281220657478291 9
1739353487593 0.04290613410855795 10
1739353487603 0.026307199073906763 11
1739353487610 0.34986320579055086 12
1739353487620 0.021121120504913864 13
1739353487632 0.07461692443055268 14
1739353487641 0.1443375958105793 15
1739353487648 0.03579961834456473 16
1739353487657 0.049053605371242634 17
1739353487665 0.06208239573020316 18
1739353487676 0.024669634632636602 19
1739353487683 0.09382384000640522 20
1739353487690 0.14355566848040838 21
1739353487694 0.06720401411986272 22
1739353487702 0.032632909314591105 23
1739353487708 0.1212720467723121 24
1739353487711 0.09239761440435051 25
1739353487721 0.043450868560186776 26
1739353487726 0.1886669595206097 27
1739353487734 0.08076014710224821 28
1739353487740 0.10842987803661759 29
1739353487743 0.30966005719249745 30
