1739449765277 39.071505540817626 0
1739449765282 20.37115257409394 1
1739449765286 15.858046872322337 2
1739449765291 7.022400674076373 3
1739449765295 3.1943559821899763 4
1739449765298 1.1423429618037289 5
1739449765301 0.5533662380132448 6
1739449765304 0.215972591798873 7
1739449765309 0.13508777101033836 8
1739449765311 0.17434013496394554 9
1739449765314 0.21818331990768905 10
1739449765317 0.16927856304847572 11
1739449765320 0.07949135373225344 12
1739449765324 0.1313994479716435 13
1739449765328 0.14180936221792215 14
1739449765330 0.069440221317177 15
1739449765333 0.36623083294861014 16
1739449765335 0.0918103172622803 17
1739449765341 0.08148206852663101 18
1739449765344 0.10845728596656895 19
1739449765347 0.19947924845395845 20
1739449765349 0.11962642423915881 21
1739449765352 0.0618818056027323 22
1739449765357 0.15016025901915386 23
1739449765360 0.15492332872128753 24
1739449765363 0.09470919226268333 25
1739449765366 0.143828462970674 26
1739449765369 0.2382280534102003 27
1739449765379 0.1826863050231996 28
1739449765382 0.19683776135516184 29
1739449765384 0.23345753269110667 30
1739449765388 0.17801005855808819 31
1739449765394 0.21456334140596658 32
1739449765397 0.19713820992054878 33
1739449765400 0.1513806718184369 34
1739449765402 0.14683907080158645 35
1739449765406 0.19737093603816264 36
1739449765411 0.09311155342028532 37
1739449765414 0.09287944432127289 38
1739449765417 0.07441222219563534 39
1739449765419 0.18016578503546213 40
1739449765424 0.17691620346325015 41
1739449765428 0.18231109109013544 42
1739449765430 0.18345900345177496 43
1739449765433 0.17901503367727875 44
1739449765436 0.12362581371772344 45
1739449765441 0.2068270980480645 46
1739449765444 0.13088393533170922 47
1739449765447 0.10805703453954575 48
1739449765450 0.127957885584437 49
