1739451209187 42.60010256694923 0
1739451209194 0.23330890694001338 1
1739451209202 0.1528709022280653 2
1739451209210 0.09161116046639421 3
1739451209218 0.08107944346982839 4
1739451209225 0.07535193430344667 5
1739451209233 0.19041211120151852 6
1739451209238 0.183711108955868 7
1739451209243 0.1644149289399063 8
1739451209251 0.10761271811912212 9
1739451209256 0.09012173948918684 10
1739451209261 0.23768188778626526 11
1739451209268 0.19284615679701544 12
1739451209273 0.09562388765919985 13
1739451209278 0.12159314138025985 14
1739451209284 0.08987114313704231 15
1739451209289 0.14418386798026359 16
1739451209298 0.2384701684606695 17
1739451209303 0.12522467727348732 18
1739451209307 0.06370644812319294 19
1739451209314 0.10632231818940947 20
1739451209320 0.21390423504379044 21
1739451209324 0.17787452310344043 22
1739451209330 0.17110621987235133 23
1739451209335 0.17929802913977574 24
1739451209339 0.15843467022288374 25
1739451209344 0.16750113986244103 26
1739451209350 0.2523118974027593 27
1739451209354 0.26063134866177545 28
1739451209358 0.17739134828307745 29
1739451209364 0.08428544578938221 30
1739451209370 0.31632579697215407 31
1739451209374 0.1882954393328443 32
1739451209380 0.10694309123185083 33
1739451209385 0.15619449681677536 34
1739451209389 0.1923903142111937 35
1739451209394 0.07114602269813161 36
1739451209401 0.13179093528828056 37
1739451209405 0.14279849784942117 38
1739451209409 0.0744363606708025 39
1739451209416 0.1366333121806257 40
1739451209422 0.1989240424360484 41
1739451209426 0.14279786734059763 42
1739451209434 0.13650325784011172 43
1739451209439 0.3184292183818382 44
1739451209444 0.08361873984580812 45
1739451209450 0.06759324155329502 46
1739451209454 0.1875538520481447 47
1739451209460 0.15517151441597182 48
1739451209466 0.09135732857209375 49
1739451209470 0.07122125448206079 50
1739451209476 0.15153599402482998 51
1739451209484 0.12619603810926128 52
1739451209489 0.1798183188347326 53
1739451209494 0.12031844366999109 54
1739451209500 0.17712839897627938 55
1739451209505 0.16784512927074463 56
1739451209510 0.20161117329074824 57
1739451209517 0.2010425372478985 58
1739451209523 0.08638844329630842 59
1739451209528 0.206000434376094 60
1739451209534 0.11725716609940966 61
1739451209538 0.12541041793392452 62
1739451209543 0.08907934297112899 63
1739451209550 0.08173490197822253 64
1739451209554 0.09190998847572499 65
1739451209560 0.18935681982370878 66
1739451209567 0.1662091130865429 67
1739451209572 0.11976524994384019 68
1739451209577 0.18934928776617072 69
1739451209583 0.19236865866619526 70
1739451209587 0.1514327435289175 71
1739451209590 0.11310495611943419 72
1739451209596 0.1364311058700467 73
1739451209602 0.12874120114126514 74
1739451209605 0.21765663453580436 75
1739451209611 0.1305831275700245 76
1739451209618 0.2301473554063989 77
1739451209623 0.16623123025903525 78
1739451209629 0.18586647217903213 79
1739451209635 0.08766837709586431 80
1739451209639 0.12386717727849594 81
1739451209644 0.2340822716024494 82
1739451209651 0.18077206165265444 83
1739451209654 0.13343481274386876 84
1739451209659 0.07510818796198543 85
1739451209666 0.12719377234413237 86
1739451209671 0.09454705691290184 87
1739451209675 0.1609692410054223 88
1739451209682 0.14945887233086802 89
1739451209688 0.1926682557784067 90
1739451209694 0.0719989343393388 91
1739451209700 0.1898125003438083 92
1739451209704 0.1532659572413294 93
1739451209709 0.12026881615894616 94
1739451209716 0.09954209083320305 95
1739451209721 0.12443601534015192 96
1739451209725 0.20204293687528246 97
1739451209733 0.1641029409622458 98
1739451209737 0.14938368387257245 99
