1739450894440 36.34729971368328 0
1739450894447 0.10462966164083945 1
1739450894453 0.19279935377193314 2
1739450894459 0.09936971110806211 3
1739450894467 0.18495180269039257 4
1739450894472 0.10470882930873968 5
1739450894478 0.1676911706414471 6
1739450894485 0.11195595120936665 7
1739450894490 0.15751928948803617 8
1739450894497 0.10011570795213866 9
1739450894503 0.15197301729877252 10
1739450894510 0.14706455606915436 11
1739450894518 0.061509832914535566 12
1739450894524 0.09040815037752972 13
1739450894531 0.29442879375279685 14
