1739452024394 38.44740676511465 0
1739452024400 0.20470244572494795 1
1739452024406 0.18927942889351476 2
1739452024410 0.11266954449010096 3
1739452024415 0.19530519484893047 4
1739452024422 0.13984176722910224 5
1739452024426 0.09613705547090409 6
1739452024430 0.08032791996291826 7
1739452024436 0.18849048360950105 8
1739452024441 0.10723798334642567 9
1739452024446 0.2258642774635312 10
1739452024453 0.14892395982846007 11
1739452024459 0.24710330792387486 12
1739452024463 0.14894608206786697 13
1739452024469 0.17075005053512599 14
1739452024475 0.08449298502803729 15
1739452024479 0.05759308775003934 16
1739452024486 0.14786883936949252 17
1739452024491 0.1802397091388167 18
1739452024495 0.12379880277581841 19
1739452024500 0.12657588861361055 20
1739452024506 0.1874975543344966 21
1739452024510 0.26258871218260477 22
1739452024514 0.1399421837561248 23
1739452024522 0.06738325623236516 24
1739452024529 0.12959543185212755 25
1739452024536 0.10883772254926645 26
1739452024542 0.09047377257066308 27
1739452024549 0.13733568670702545 28
1739452024555 0.20078653724751203 29
1739452024561 0.09097317368333491 30
1739452024566 0.13742241137935196 31
1739452024573 0.13280420323233477 32
1739452024577 0.19927744154123422 33
1739452024583 0.18453673858127115 34
1739452024590 0.11155492168326887 35
1739452024597 0.2522327152157756 36
1739452024604 0.20090062378520832 37
1739452024610 0.16654152760684957 38
1739452024615 0.106847714317131 39
1739452024621 0.24413240057521307 40
1739452024626 0.041131797099545696 41
1739452024630 0.27575615409176735 42
1739452024637 0.20540365004084687 43
1739452024642 0.15126361280848413 44
1739452024646 0.16014637741728924 45
1739452024651 0.12021309288642276 46
1739452024658 0.12210576526872442 47
1739452024662 0.07054194697017484 48
1739452024667 0.09239751116188816 49
