1739451209757 40.311097847477974 0
1739451209763 0.2096048691961569 1
1739451209768 0.11161522105931071 2
1739451209772 0.0962709314760747 3
1739451209777 0.15535100100759316 4
1739451209784 0.1270479999730582 5
1739451209788 0.09904054717319198 6
1739451209792 0.11263764174100364 7
1739451209799 0.11693598343954975 8
1739451209805 0.24739344638921001 9
1739451209811 0.09058035621677336 10
1739451209820 0.2953068989925872 11
1739451209827 0.14013377152180065 12
1739451209836 0.1624689457511806 13
1739451209842 0.08267358311226843 14
1739451209852 0.26579662300927687 15
1739451209857 0.28315886261449535 16
1739451209863 0.07092595021628664 17
1739451209870 0.06729652656256326 18
1739451209877 0.11202554610123223 19
1739451209884 0.26672398822397525 20
1739451209891 0.26974965544214513 21
1739451209899 0.11204127946057313 22
1739451209905 0.1456223938302774 23
1739451209910 0.1195445290055009 24
1739451209917 0.14507668723601194 25
1739451209923 0.09529399420413882 26
1739451209930 0.15815798660007707 27
1739451209936 0.13894877250927734 28
1739451209942 0.13000823148832988 29
1739451209950 0.19779767018423794 30
1739451209956 0.1965057664241076 31
1739451209964 0.34271114356398685 32
1739451209970 0.0980055082677113 33
1739451209976 0.05791914814181735 34
1739451209982 0.3400496495049308 35
1739451209988 0.21312555037781825 36
1739451209993 0.25171007070593865 37
1739451210001 0.10746290288298949 38
1739451210007 0.14228960506586694 39
1739451210014 0.12788299537314782 40
1739451210020 0.07699622492208233 41
1739451210026 0.15880237361175267 42
1739451210033 0.14294050933412975 43
1739451210038 0.10145650707876537 44
1739451210044 0.19859136346521236 45
1739451210052 0.1450505420127016 46
1739451210057 0.13693798883079414 47
1739451210064 0.16372362965240356 48
1739451210070 0.08413583462598706 49
1739451210074 0.21256651861741743 50
1739451210081 0.1371381257972794 51
1739451210087 0.041481957978645526 52
1739451210092 0.17995815862839493 53
1739451210101 0.13541244436430006 54
1739451210106 0.12979944102356283 55
1739451210112 0.13697726123235276 56
1739451210120 0.11884610879927433 57
1739451210124 0.15437352763109335 58
1739451210131 0.18455851444438673 59
1739451210137 0.11990989081866862 60
1739451210142 0.12227917776859795 61
1739451210149 0.11037256727446125 62
1739451210154 0.05215426553999379 63
1739451210158 0.09247795009707187 64
1739451210166 0.08358824659353846 65
