1739451179357 39.8098142226282 0
1739451179363 0.22864856461951139 1
1739451179371 0.08997139759416926 2
1739451179375 0.25189025199134774 3
1739451179383 0.2449874777361061 4
1739451179389 0.11033507944355206 5
1739451179395 0.21515442634508045 6
1739451179403 0.2869811634545918 7
1739451179409 0.10087547078372669 8
1739451179417 0.2802825055245392 9
1739451179424 0.26908369687183076 10
1739451179432 0.175531080657376 11
1739451179438 0.18520338697266 12
1739451179444 0.12535163547435918 13
1739451179453 0.09941683332465148 14
1739451179458 0.10945157329821255 15
1739451179466 0.16118781901247145 16
1739451179473 0.14019357895539603 17
1739451179481 0.1631956534587608 18
1739451179489 0.1839535617445462 19
1739451179495 0.14442561531361942 20
1739451179504 0.10247744142557276 21
1739451179509 0.23299713545763728 22
1739451179516 0.22317564243793875 23
1739451179522 0.15408214697809913 24
1739451179526 0.05181810296250592 25
1739451179535 0.15367065218566023 26
1739451179542 0.1486609214492931 27
1739451179552 0.0608946358213673 28
1739451179558 0.05652914955110709 29
1739451179563 0.13996467024540077 30
1739451179570 0.05173755788132263 31
1739451179576 0.13163874176366513 32
1739451179583 0.1260378125358815 33
1739451179589 0.20778320579779058 34
1739451179594 0.16306064203538517 35
1739451179602 0.0656216375599257 36
1739451179608 0.15494030619986154 37
1739451179615 0.10205240906589774 38
1739451179622 0.12236843804253511 39
1739451179626 0.06838366049729672 40
1739451179632 0.12420224990075741 41
1739451179637 0.1388518818899865 42
1739451179640 0.12254743554853388 43
1739451179646 0.10558406691385379 44
1739451179651 0.21094890043761574 45
1739451179655 0.09261286841649992 46
1739451179659 0.06180870379441193 47
1739451179665 0.1747221533027623 48
1739451179670 0.13010768163741612 49
1739451179674 0.1561948742660394 50
1739451179680 0.19903616181588227 51
1739451179685 0.09513276158908306 52
1739451179689 0.1726824154867518 53
