1739449869807 41.1875262655633 0
1739449869818 16.555211443754352 1
1739449869828 7.936241132925429 2
1739449869839 6.069241826182321 3
1739449869847 1.3231489432459962 4
1739449869858 0.5275868754699296 5
1739449869867 0.2466963500428466 6
1739449869877 0.10740872889159114 7
1739449869887 0.17165240706421042 8
1739449869895 0.11975893209395982 9
1739449869905 0.12706979886320757 10
1739449869911 0.12068821649772077 11
1739449869921 0.10282615965017945 12
1739449869928 0.1506002121717179 13
1739449869937 0.13026107411524154 14
1739449869944 0.12772844146427065 15
1739449869954 0.12426212536006893 16
1739449869959 0.10293240834663617 17
1739449869963 0.22795000118286363 18
1739449869970 0.06912480380034207 19
1739449869976 0.19285923199002614 20
1739449869981 0.1577416211598182 21
1739449869987 0.23609027576773686 22
1739449869993 0.07819526835172488 23
1739449869999 0.2009875898118839 24
1739449870007 0.2533532061962273 25
1739449870013 0.1493131964767051 26
1739449870020 0.11463602625026355 27
1739449870024 0.13235931137068713 28
1739449870030 0.13767643716431843 29
1739449870037 0.19595128637912268 30
1739449870042 0.1877348626042093 31
1739449870047 0.2822414773128284 32
1739449870056 0.265780093952127 33
1739449870060 0.27913175116596334 34
1739449870066 0.157743693128766 35
1739449870073 0.0796544584159515 36
1739449870080 0.08855002775695633 37
1739449870091 0.22179646320667587 38
1739449870099 0.11113024300128607 39
1739449870106 0.14713148895878717 40
1739449870110 0.3357616503390176 41
1739449870116 0.1839167991601616 42
1739449870122 0.18713605798278138 43
1739449870126 0.1555319785584385 44
1739449870129 0.21417320813592347 45
1739449870136 0.09825285183131414 46
1739449870141 0.24380696586526357 47
1739449870145 0.07349118712238244 48
1739449870151 0.12635237039398017 49
1739449870157 0.14563380068733317 50
1739449870161 0.14922564696848586 51
1739449870168 0.10986184833861334 52
1739449870175 0.13373101659960934 53
1739449870179 0.14357988996781212 54
1739449870186 0.1742086910686989 55
1739449870190 0.17716456381150733 56
1739449870194 0.17672013192582578 57
1739449870199 0.1320759352013872 58
1739449870206 0.2043520630334191 59
1739449870209 0.09064023178139621 60
1739449870212 0.15033274366083632 61
1739449870218 0.0859054583659 62
1739449870222 0.12479628458459753 63
1739449870225 0.17215718496553634 64
1739449870228 0.1829440179009118 65
1739449870233 0.12317404107795364 66
1739449870237 0.14338862944123493 67
1739449870241 0.18686309435322085 68
1739449870244 0.13088211606919636 69
1739449870248 0.06421470776428498 70
1739449870253 0.17811371984573343 71
1739449870257 0.07287839419746797 72
1739449870261 0.14681083985070936 73
1739449870266 0.09643764814075093 74
1739449870271 0.11610259940903715 75
1739449870276 0.19735582886741293 76
1739449870279 0.11489363575347585 77
1739449870284 0.18840331251787448 78
1739449870289 0.04002298230990902 79
1739449870292 0.08642516411414433 80
1739449870296 0.24090663968732012 81
1739449870302 0.17215353615244414 82
1739449870307 0.24116889615595838 83
1739449870310 0.10021433625755956 84
1739449870313 0.3400433263206393 85
1739449870319 0.146093031778881 86
1739449870323 0.1631299426728795 87
1739449870326 0.1119906966886262 88
1739449870329 0.33771694278735065 89
1739449870334 0.08205275589877872 90
1739449870339 0.07770734061013716 91
1739449870343 0.2005595840997997 92
1739449870346 0.1491418825086823 93
