1739451093967 32.89157248225107 0
1739451093973 0.08779018467240773 1
1739451093977 0.11751037674312112 2
1739451093980 0.2808333940888679 3
1739451093986 0.15545359066973768 4
1739451093990 0.2013127067995446 5
1739451093994 0.10970479951196747 6
1739451093997 0.16435396537004063 7
1739451094003 0.08520907303795987 8
1739451094007 0.16523320291394195 9
1739451094010 0.09104133937954265 10
1739451094013 0.11668615323856436 11
1739451094018 0.13171091791513578 12
1739451094023 0.19363685281091744 13
1739451094026 0.13667387082420074 14
1739451094029 0.15325400965091956 15
1739451094034 0.11464603761479053 16
1739451094039 0.12628026674903312 17
1739451094043 0.18154164667162323 18
1739451094047 0.23355147108928356 19
1739451094052 0.17315860070480582 20
1739451094057 0.1831718156667611 21
1739451094061 0.22911344396712469 22
1739451094064 0.14629907812483492 23
1739451094069 0.15902920795763045 24
1739451094074 0.30881694006724114 25
1739451094077 0.4036350117066374 26
1739451094080 0.1307169011682035 27
1739451094086 0.09953005392451895 28
1739451094090 0.07075161608450904 29
1739451094094 0.19513420979158383 30
1739451094097 0.17235231290449113 31
