1739449838509 127.03642084963306 0
1739449838517 82.76395368047181 1
1739449838524 45.765904415036346 2
1739449838530 20.031351407898462 3
1739449838537 5.061655669422864 4
1739449838547 0.3544080418874338 5
1739449838554 0.21065583209580266 6
1739449838560 0.05913672503445218 7
1739449838565 0.1421332452855264 8
1739449838576 0.11874809841816161 9
1739449838581 0.09519987439289448 10
1739449838587 0.09783021808299894 11
1739449838596 0.1344682813152478 12
1739449838604 0.09789135480919443 13
1739449838613 0.1391845617944621 14
1739449838622 0.054734267508041265 15
1739449838628 0.0795953401762404 16
1739449838635 0.06458862555692403 17
1739449838641 0.14232048219578736 18
1739449838646 0.10152982539421729 19
1739449838650 0.09622051785652568 20
1739449838655 0.10323272377409831 21
1739449838660 0.16311287706894123 22
1739449838663 0.1300796873495406 23
1739449838667 0.11742455194788534 24
1739449838673 0.15810718825232117 25
1739449838678 0.16398861237430434 26
1739449838681 0.18304294237292246 27
1739449838687 0.1878474140235288 28
1739449838692 0.17632576303016134 29
1739449838695 0.09316407899322393 30
1739449838698 0.10155389040416138 31
1739449838704 0.19705088683385452 32
1739449838709 0.14916364185587822 33
1739449838713 0.24576429758565363 34
1739449838718 0.1267248164984472 35
1739449838723 0.25457178166823435 36
1739449838728 0.06762683363439023 37
1739449838732 0.19468894628047068 38
1739449838739 0.12661019103563262 39
1739449838743 0.17242257959126464 40
1739449838746 0.11887992752799208 41
1739449838752 0.21143388357848317 42
1739449838757 0.0561418053893622 43
