1739451657051 168.90082104802957 0
1739451657056 168.52929035397824 1
1739451657059 168.1581487796791 2
1739451657061 167.78741143251565 3
1739451657064 167.41708281594663 4
1739451657066 167.04716426838974 5
1739451657071 166.677656184804 6
1739451657074 166.3085586790396 7
1739451657077 165.9398717812059 8
1739451657079 165.5715954964716 9
1739451657081 165.20372982258104 10
1739451657083 164.83627475507188 11
1739451657088 164.46923028882932 12
1739451657092 164.1025964185487 13
1739451657095 163.73637313887366 14
1739451657097 163.370560444437 15
1739451657100 163.00515832987298 16
1739451657105 162.6401667898209 17
1739451657111 162.27558581892632 18
1739451657117 161.91141541184112 19
1739451657124 161.54765556322397 20
1739451657130 161.18430626773994 21
1739451657137 160.82136752006087 22
1739451657145 160.45883931486506 23
1739451657152 160.09672164683758 24
1739451657160 159.7350145106699 25
1739451657167 159.37371790106033 26
1739451657174 159.01283181271353 27
1739451657178 158.65235624034096 28
1739451657181 158.29229117866055 29
1739451657190 157.93263662239693 30
1739451657198 157.57339256628111 31
1739451657204 157.21455900505094 32
1739451657209 156.85613593345064 33
1739451657211 156.4981233462312 34
1739451657215 156.14052123815003 35
1739451657218 155.78332960397117 36
1739451657222 155.42654843846526 37
1739451657226 155.0701777364094 38
1739451657229 154.7142174925874 39
1739451657234 154.35866770178956 40
1739451657241 154.00352835881273 41
1739451657244 153.64879945846033 42
1739451657247 153.29448099554233 43
1739451657250 152.94057296487526 44
1739451657254 152.5870753612822 45
1739451657261 152.23398817959276 46
1739451657266 151.88131141464308 47
1739451657270 151.52904506127587 48
1739451657273 151.17718911434042 49
1739451657276 150.82574356869247 50
1739451657282 150.4747084191943 51
1739451657288 150.1240836607147 52
1739451657292 149.77386928812916 53
1739451657296 149.42406529631944 54
1739451657298 149.074671680174 55
1739451657300 148.72568843458774 56
1739451657306 148.37711555446208 57
1739451657310 148.028953034705 58
1739451657312 147.68120087023092 59
1739451657315 147.3338590559608 60
1739451657318 146.98692758682216 61
1739451657323 146.64040645774887 62
1739451657326 146.29429566368142 63
1739451657328 145.94859519956682 64
1739451657330 145.60330506035845 65
1739451657333 145.25842524101625 66
1739451657336 144.9139557365067 67
1739451657340 144.56989654180262 68
1739451657343 144.22624765188345 69
1739451657345 143.88300906173504 70
1739451657347 143.54018076634972 71
1739451657349 143.19776276072633 72
1739451657352 142.8557550398701 73
1739451657356 142.5141575987928 74
1739451657358 142.17297043251259 75
1739451657361 141.83219353605418 76
1739451657363 141.4918269044487 77
1739451657365 141.1518705327337 78
1739451657368 140.81232441595324 79
1739451657371 140.47318854915775 80
1739451657374 140.13446292740417 81
1739451657377 139.7961475457559 82
1739451657380 139.4582423992827 83
1739451657382 139.12074748306085 84
1739451657385 138.78366279217298 85
1739451657391 138.44698832170826 86
1739451657394 138.11072406676212 87
1739451657396 137.77487002243666 88
1739451657398 137.43942618384014 89
1739451657400 137.10439254608744 90
1739451657405 136.76976910429974 91
1739451657408 136.4355558536047 92
1739451657411 136.1017527891363 93
1739451657413 135.76835990603507 94
1739451657416 135.4353771994478 95
1739451657418 135.1028046645278 96
1739451657423 134.77064229643466 97
1739451657426 134.43889009033447 98
1739451657428 134.10754804139967 99
