1739453046084 168.92543757006746 0
1739453046088 168.05258042163916 1
1739453046091 166.5788775457813 2
1739453046094 164.5727207235343 3
1739453046098 162.09912995595113 4
1739453046101 159.2192847663243 5
1739453046103 155.99026863367243 6
1739453046105 152.46497232257875 7
1739453046108 148.69211365316588 8
1739453046111 144.71634064286718 9
1739453046114 140.57839241663675 10
1739453046117 136.31529820270956 11
1739453046119 131.9605994125853 12
1739453046121 127.54458349313893 13
1739453046124 123.09452113434324 14
1739453046126 118.63490067797926 15
1739453046129 114.1876553294729 16
1739453046131 109.77238012985461 17
1739453046134 105.40653668048999 18
1739453046136 101.105644395806 19
1739453046138 96.88345764145234 20
1739453046141 92.75212853906031 21
1739453046143 88.72235551704063 22
1739453046146 84.80351788558269 23
1739453046149 81.00379683317973 24
1739453046152 77.33028329673984 25
1739453046154 73.78907315870785 26
1739453046156 70.38535018017726 27
1739453046159 67.12345699324882 28
1739453046162 64.00695435076214 29
1739453046165 61.03866866656612 30
1739453046167 58.22072767253725 31
1739453046170 55.55458376667671 32
1739453046172 53.0410243281552 33
1739453046174 50.68016793376572 34
1739453046178 48.471445042743255 35
1739453046180 46.41356136835003 36
1739453046183 44.50444192524254 37
1739453046185 42.741153832837064 38
1739453046187 41.119806740138316 39
1739453046190 39.63543185263359 40
1739453046192 38.28184494892407 41
1739453046195 37.05150665444113 42
1739453046197 35.935405401096766 43
1739453046200 34.92300390387714 44
1739453046202 34.002303446286426 45
1739453046204 33.16008121480906 46
1739453046206 32.38233229530374 47
1739453046209 31.65489730427936 48
1739453046213 30.964196330842572 49
1739453046215 30.297950784833 50
1739453046217 29.64577800241905 51
1739453046220 28.999583682193833 52
1739453046222 28.353730218638947 53
1739453046224 27.705002027438194 54
1739453046226 27.052412434097576 55
1739453046229 26.396902522454173 56
1739453046232 25.740977068333592 57
1739453046234 25.088312535076792 58
1739453046236 24.4433611968407 59
1739453046239 23.81096594287839 60
1739453046241 23.195993160727262 61
1739453046243 22.60298678875174 62
1739453046246 22.03584572884597 63
1739453046249 21.497530218928905 64
1739453046252 20.98981146916441 65
1739453046254 20.51309258716195 66
1739453046256 20.066343171048423 67
1739453046259 19.64719383668862 68
1739453046263 19.252215959835095 69
1739453046266 18.8773623596873 70
1739453046270 18.518487222431308 71
1739453046273 18.17183336049539 72
1739453046275 17.83439003025141 73
1739453046280 17.504070788655067 74
1739453046282 17.17970977835398 75
1739453046285 16.860908079818838 76
1739453046288 16.547777517795605 77
1739453046292 16.2406345297608 78
1739453046296 15.939698406908903 79
1739453046300 15.644848452827436 80
1739453046303 15.355489031101829 81
1739453046305 15.070552500498541 82
1739453046308 14.788635460467578 83
1739453046312 14.508224547897266 84
1739453046314 14.227943783192856 85
1739453046318 13.946758032161243 86
1739453046320 13.664091146816856 87
1739453046322 13.37984743728784 88
1739453046324 13.094348972260327 89
1739453046327 12.808214770559298 90
1739453046330 12.522212883384078 91
1739453046332 12.23711565308328 92
1739453046335 11.953583913777365 93
1739453046338 11.67209804919502 94
1739453046341 11.392942910465887 95
1739453046346 11.116241102373522 96
1739453046352 10.842018182036334 97
1739453046359 10.570277352327386 98
1739453046367 10.301062040038666 99
