1739353486492 146.69540435149142 0
1739353486503 99.20331343171812 1
1739353486513 75.25887183419157 2
1739353486525 55.62468137627055 3
1739353486533 35.624687038811935 4
1739353486544 16.877317012973975 5
1739353486556 8.132513377431374 6
1739353486565 1.4894701243069617 7
1739353486575 0.48698285743070874 8
1739353486588 0.0643224490501056 9
1739353486594 0.05642837364369144 10
1739353486605 0.23132901031324588 11
1739353486613 0.08967871726957849 12
1739353486623 0.5407248596336468 13
1739353486628 0.15848845695006974 14
1739353486641 0.04061559511122564 15
1739353486654 0.14645499512624766 16
