1739449678526 107.40580252330325 0
1739449678530 58.614071654494616 1
1739449678533 17.834298343851568 2
1739449678536 1.3443992411744923 3
1739449678539 0.0966945383771549 4
1739449678542 0.18564357147623564 5
1739449678548 0.17251868736871995 6
1739449678551 0.20157900511803145 7
1739449678554 0.18586397048062633 8
1739449678557 0.1868441923882705 9
1739449678562 0.09469334325024932 10
1739449678567 0.13203902108257365 11
1739449678570 0.12404137996975194 12
1739449678573 0.10502643496388041 13
1739449678576 0.06961249508165473 14
1739449678581 0.09676446285686847 15
1739449678585 0.10443286487076894 16
1739449678588 0.17804987998461577 17
1739449678591 0.14661790908132075 18
1739449678596 0.09903815222266339 19
1739449678600 0.2976120878165341 20
1739449678604 0.25032494898432767 21
1739449678607 0.11039022820981392 22
1739449678612 0.172030204165314 23
1739449678617 0.11401965506458873 24
1739449678622 0.07146144849187837 25
1739449678625 0.13368776033428093 26
1739449678629 0.09737091133268869 27
1739449678633 0.07437197511020487 28
1739449678637 0.2400840485596793 29
1739449678640 0.13965484303185682 30
1739449678644 0.049796524678423854 31
1739449678650 0.13096838545405337 32
1739449678655 0.05707429632804161 33
1739449678658 0.20852549853442628 34
1739449678662 0.1991533540825886 35
1739449678667 0.13241949935057615 36
1739449678670 0.11459765799082125 37
1739449678673 0.180113497050064 38
1739449678677 0.1736773881697019 39
1739449678681 0.1384285258313511 40
1739449678686 0.15877962798970324 41
1739449678689 0.16570979799812688 42
1739449678693 0.13405248584272353 43
1739449678697 0.2031184443508686 44
1739449678702 0.14099161530501747 45
1739449678704 0.05607321871154628 46
1739449678707 0.1607887439546843 47
1739449678712 0.048211051505414285 48
1739449678716 0.18765755115443827 49
1739449678721 0.14521481933298647 50
1739449678724 0.07778293767655846 51
1739449678728 0.07328085608399725 52
1739449678732 0.14219804315561732 53
1739449678736 0.06334870366835951 54
1739449678739 0.1306640775937175 55
1739449678742 0.18818144429265174 56
1739449678747 0.18311626724183122 57
