1739451657444 168.9111973065381 0
1739451657447 168.5398207925979 1
1739451657449 168.168838495185 2
1739451657452 167.7982612469533 3
1739451657457 167.42809229352576 4
1739451657461 167.0583326055211 5
1739451657464 166.6889824719796 6
1739451657466 166.32004197779892 7
1739451657471 165.95151114673848 8
1739451657474 165.5833899842487 9
1739451657477 165.21567849029776 10
1739451657479 164.8483766632128 11
1739451657481 164.4814845008305 12
1739451657483 164.11500200084137 13
1739451657488 163.7489291608931 14
1739451657491 163.38326597862155 15
1739451657494 163.01801245165967 16
1739451657496 162.65316857764054 17
1739451657498 162.2887343541982 18
1739451657500 161.92470977896772 19
1739451657504 161.56109484958546 20
1739451657508 161.197889563689 21
1739451657511 160.83509391891704 22
1739451657514 160.47270791290973 23
1739451657516 160.11073154330833 24
1739451657519 159.74916480775534 25
1739451657523 159.38800770389457 26
1739451657526 159.027260229371 27
1739451657528 158.66692238183083 28
1739451657530 158.3069941589216 29
1739451657532 157.94747555829213 30
1739451657535 157.58836657759224 31
1739451657540 157.2296672144732 32
1739451657542 156.87137746658752 33
1739451657544 156.51349733158878 34
1739451657547 156.15602680713204 35
1739451657549 155.79896589087335 36
1739451657551 155.4423145804702 37
1739451657556 155.08607287358123 38
1739451657559 154.73024076786626 39
1739451657561 154.3748182609865 40
1739451657563 154.0198053506043 41
1739451657565 153.6652020343832 42
1739451657568 153.3110083099881 43
1739451657573 152.9572241750851 44
1739451657576 152.60384962734145 45
1739451657578 152.2508846644257 46
1739451657580 151.89832928400773 47
1739451657583 151.54618348375845 48
1739451657587 151.1944472613502 49
1739451657591 150.84312061445647 50
1739451657595 150.49220354075197 51
1739451657597 150.14169603791265 52
1739451657599 149.7915981036158 53
1739451657603 149.4419097355398 54
1739451657607 149.0926309313643 55
1739451657611 148.74376168877026 56
1739451657613 148.39530200543985 57
1739451657615 148.04725187905635 58
1739451657619 147.69961130730445 59
1739451657623 147.35238028787 60
1739451657626 147.00555881844008 61
1739451657628 146.659146896703 62
1739451657631 146.31314452034826 63
1739451657634 145.9675516870667 64
1739451657638 145.62236839455034 65
1739451657643 145.27759464049234 66
1739451657646 144.93323042258731 67
1739451657650 144.58927573853086 68
1739451657654 144.24573058602 69
1739451657659 143.90259496275283 70
1739451657663 143.55986886642884 71
1739451657666 143.2175522947486 72
1739451657670 142.87564524541398 73
1739451657676 142.53414771612813 74
1739451657679 142.19305970459533 75
1739451657681 141.8523812085212 76
1739451657683 141.51211222561247 77
1739451657688 141.17225275357714 78
1739451657692 140.83280279012453 79
1739451657695 140.49376233296508 80
1739451657697 140.15513137981046 81
1739451657700 139.81690992837366 82
1739451657704 139.47909797636885 83
1739451657708 139.14169552151137 84
1739451657711 138.80470256151784 85
1739451657713 138.46811909410616 86
1739451657716 138.13194511699535 87
1739451657720 137.79618062790573 88
1739451657723 137.46082562455885 89
1739451657726 137.1258801046774 90
1739451657728 136.79134406598544 91
1739451657730 136.4572175062081 92
1739451657733 136.12350042307187 93
1739451657737 135.7901928143044 94
1739451657740 135.45729467763454 95
1739451657743 135.12480601079244 96
1739451657745 134.79272681150937 97
1739451657747 134.46105707751795 98
1739451657749 134.12979680655195 99
