1739449380112 81.22988572853544 0
1739449380115 21.875533662699645 1
1739449380118 0.4085918114563378 2
1739449380121 0.026000465538855117 3
1739449380123 0.45022403832806424 4
1739449380128 0.371412411050204 5
1739449380131 0.6651242764271323 6
1739449380134 0.049674413993141486 7
1739449380136 0.3806098588101854 8
1739449380140 0.02139870059923399 9
1739449380145 0.2205552643251573 10
1739449380149 0.23029950886957185 11
1739449380152 0.30082368491366346 12
1739449380156 0.009122824491604195 13
1739449380161 0.05641746122121067 14
1739449380169 0.07473422436335449 15
1739449380174 0.06123355310375753 16
1739449380182 0.06363834908402173 17
1739449380186 0.0558223650897038 18
1739449380190 0.03452132660680261 19
1739449380196 0.08676231450534633 20
1739449380200 0.05015108389635992 21
1739449380204 0.08918392502303754 22
1739449380207 0.04360914121348309 23
1739449380213 0.042002739675645315 24
1739449380218 0.017607866468497258 25
1739449380221 0.08065555221324396 26
1739449380224 0.14589988263981238 27
1739449380230 0.05741689470098679 28
1739449380235 0.2837662698610355 29
1739449380238 0.040296644314025326 30
1739449380242 0.034208309433814525 31
1739449380247 0.010700574397218766 32
1739449380251 0.15030798851494181 33
1739449380254 0.20786637176806141 34
1739449380257 0.06300032076503716 35
1739449380262 0.02966182522809274 36
1739449380266 0.15211589471076056 37
1739449380269 0.44184172277960343 38
1739449380272 0.08638676760934758 39
1739449380276 0.022142942511850134 40
1739449380282 0.1647103460512108 41
1739449380285 0.009027374955859523 42
1739449380288 0.042222575563892 43
1739449380291 0.14988078152509846 44
1739449380296 0.038407302541205654 45
1739449380300 0.09987648067407613 46
1739449380303 0.08403685423960167 47
1739449380306 0.0702387007611589 48
1739449380310 0.06857126443102547 49
1739449380315 0.0749570535200727 50
1739449380319 0.16570393087972116 51
1739449380322 0.05288470072029697 52
1739449380326 0.0996062210379965 53
1739449380331 0.41176557821450893 54
1739449380335 0.053076620376221934 55
1739449380338 0.060713851565513025 56
1739449380342 0.1802921257301966 57
1739449380348 0.06407513422965667 58
1739449380351 0.13036798055333815 59
1739449380355 0.23915507757368584 60
1739449380358 0.10840381247481361 61
1739449380363 0.06295597519400835 62
1739449380367 0.16532483205556534 63
1739449380370 0.012162941361176365 64
1739449380373 0.05339953360844024 65
1739449380377 0.12488335437659315 66
1739449380381 0.03967666955684311 67
1739449380385 0.05829022253037227 68
1739449380388 0.014116444152097651 69
1739449380391 0.046976863653889415 70
1739449380396 0.18884141128387452 71
1739449380400 0.07043387310452848 72
1739449380404 0.08333328062878528 73
1739449380406 0.032753346584575176 74
1739449380412 0.03177239719604848 75
1739449380417 0.1897153399229836 76
1739449380420 0.33184561451233807 77
1739449380423 0.31401585379892144 78
1739449380428 0.05985735771928607 79
1739449380433 0.024111012867670353 80
1739449380436 0.13498168165213953 81
1739449380439 0.0901184334277505 82
1739449380443 0.0897819314846328 83
1739449380448 0.05770863097762869 84
1739449380452 0.04407511622163909 85
1739449380455 0.4470089460759232 86
1739449380458 0.1946887425958187 87
1739449380463 0.5273908586364828 88
1739449380467 0.13000146341875773 89
1739449380470 0.008851150111669204 90
1739449380472 0.055354269544072104 91
1739449380476 0.06128921463426656 92
1739449380481 0.0767926626338412 93
1739449380487 0.06926503615255572 94
1739449380494 0.13793156703739712 95
1739449380501 0.053876116712023484 96
1739449380508 0.09045756948514214 97
1739449380518 0.17666779939040275 98
1739449380525 0.08261555008207788 99
1739449380533 0.04805403696830478 100
1739449380537 0.1497314263040834 101
1739449380542 0.021230607146492386 102
1739449380551 0.011752360617419222 103
1739449380557 0.14819068144799646 104
1739449380563 0.41591815556837936 105
1739449380566 0.04336106326387179 106
1739449380569 0.08720604144986531 107
1739449380572 0.12198984202121621 108
1739449380576 0.08514999567554385 109
1739449380580 0.009433043369635982 110
1739449380583 0.2720810553255415 111
1739449380585 0.018946104329310313 112
1739449380588 0.045856832081614805 113
1739449380591 0.028805285346389847 114
1739449380596 0.4682187650916093 115
1739449380599 0.2848795439346387 116
1739449380601 0.06766686859874595 117
1739449380604 0.11295296850180726 118
1739449380606 0.1511515398383443 119
1739449380611 0.0249339794047578 120
1739449380615 0.06112250020935299 121
1739449380617 0.19508440547449904 122
