1739450009834 144.83638858765656 0
1739450009837 134.58512588323035 1
1739450009843 108.28784295166903 2
1739450009848 93.02175630928721 3
1739450009852 74.29533974676109 4
1739450009855 58.79189003829004 5
1739450009862 40.97677540060388 6
1739450009866 33.30959442074739 7
1739450009870 22.137064615377852 8
1739450009874 14.429997085360558 9
1739450009881 7.477251438059495 10
1739450009886 3.7072708306088225 11
1739450009890 0.7183859894202185 12
1739450009899 0.16823071935784725 13
1739450009904 0.24827545620683922 14
1739450009909 0.15057201334096998 15
1739450009915 0.15819604938422716 16
1739450009920 0.07168002850795498 17
1739450009924 0.2012154630028584 18
1739450009931 0.1555264417898688 19
1739450009936 0.1536583573422549 20
1739450009941 0.1575838385346929 21
1739450009948 0.18176346287796274 22
1739450009953 0.09382832906695218 23
1739450009958 0.13899941165544843 24
1739450009965 0.1732763770612584 25
1739450009970 0.22107825342022874 26
1739450009976 0.06486318819462246 27
1739450009983 0.08626890664904491 28
1739450009987 0.09268781036614825 29
1739450009991 0.1256378404566683 30
1739450009997 0.18984918117576757 31
1739450010003 0.14986428633893928 32
