1739451689073 168.90082104802957 0
1739451689078 166.31168664408747 1
1739451689081 163.7422474122794 2
1739451689086 161.19254146328282 3
1739451689093 158.66260473450058 4
1739451689096 156.15247081150835 5
1739451689100 153.662170841589 6
1739451689105 151.1917335169938 7
1739451689109 148.7411851100835 8
1739451689112 146.31054954617056 9
1739451689115 143.89984850286717 10
1739451689121 141.5091015271559 11
1739451689124 139.13832616335273 12
1739451689127 136.78753808670126 13
1739451689129 134.45675123860065 14
1739451689135 132.14597796047585 15
1739451689142 129.8552291241025 16
1739451689145 127.58451425683288 17
1739451689147 125.33384166066872 18
1739451689151 123.10321852451602 19
1739451689155 120.89265102925727 20
1739451689158 118.70214444550675 21
1739451689161 116.53170322408624 22
1739451689163 114.3813310793867 23
1739451689165 112.25103106587119 24
1739451689170 110.14080564803895 25
1739451689174 108.05065676420874 26
1739451689177 105.98058588450512 27
1739451689179 103.93059406343997 28
1739451689183 101.90068198748283 29
1739451689189 99.89085001800517 30
1739451689193 97.90109822997253 31
1739451689196 95.9314264467413 32
1739451689201 93.98183427129831 33
1739451689205 92.05232111426162 34
1739451689208 90.14288621893907 35
1739451689212 88.25352868372111 36
1739451689215 86.3842474820627 37
1739451689222 84.53504148028948 38
1739451689225 82.7059094534433 39
1739451689228 80.89685009936503 40
1739451689231 79.10786205119318 41
1739451689236 77.33894388844284 42
1739451689240 75.59009414681265 43
1739451689243 73.86131132685396 44
1739451689245 72.15259390162399 45
1739451689247 70.46394032343173 46
1739451689250 68.79534902977576 47
1739451689257 67.14681844856203 48
1739451689260 65.51834700268147 49
1739451689262 63.909933114018514 50
1739451689265 62.321575206954634 51
1739451689270 60.753271711423494 52
1739451689274 59.20502106556929 53
1739451689278 57.6768217180534 54
1739451689280 56.168672130049835 55
1739451689283 54.680570776966064 56
1739451689289 53.21251614992057 57
1739451689292 51.76450675700641 58
1739451689295 50.3365411243655 59
1739451689297 48.92861779709646 60
1739451689301 47.54073534001563 61
1739451689307 46.172892338289024 62
1739451689309 44.82508739795055 63
1739451689312 43.49731914632041 64
1739451689314 42.18958623233569 65
1739451689318 40.90188732680371 66
1739451689322 39.63422112258753 67
1739451689325 38.386586334731916 68
1739451689328 37.15898170053677 69
1739451689330 35.95140597958453 70
1739451689332 34.76385795372678 71
1739451689337 33.596336427035105 72
1739451689341 32.44884022572008 73
1739451689343 31.321368198022135 74
1739451689345 30.213919214077286 75
1739451689347 29.126492165760375 76
1739451689350 28.059085966508057 77
1739451689355 27.011699551123332 78
1739451689359 25.9843318755632 79
1739451689361 24.976981916710738 80
1739451689363 23.989648672132358 81
1739451689366 23.022331159821345 82
1739451689371 22.07502841792768 83
1739451689375 21.14773950447494 84
1739451689377 20.240463497063878 85
1739451689379 19.353199492562922 86
1739451689382 18.485946606784974 87
1739451689387 17.638703974150214 88
1739451689391 16.81147074733387 89
1739451689394 16.004246096898175 90
1739451689396 15.217029210907278 91
1739451689398 14.449819294523378 92
1739451689401 13.70261556958258 93
1739451689406 12.975417274147976 94
1739451689408 12.26822366203767 95
1739451689411 11.581034002324428 96
1739451689413 10.913847578803548 97
1739451689415 10.26666368942454 98
1739451689420 9.639481645681501 99
