1739453055207 147.45916819365573 0
1739453055217 125.05179973171198 1
1739453055225 105.14142533966714 2
1739453055234 80.35957165291487 3
1739453055243 67.92814021590398 4
1739453055252 48.759515990235094 5
1739453055268 38.948138112786395 6
1739453055277 26.993628712849652 7
1739453055286 18.590289005628726 8
1739453055294 11.472310627884703 9
1739453055303 5.457234834393287 10
1739453055312 2.06400170097096 11
1739453055322 0.4595240971408827 12
1739453055332 0.1924070598420053 13
1739453055341 0.13264713581311793 14
1739453055351 0.09803838053301453 15
1739453055358 0.13506791681884164 16
1739453055367 0.09546126852624616 17
1739453055379 0.02067280732035729 18
