1739450180495 110.6039614131814 0
1739450180504 63.1105995132835 1
1739450180512 27.81791954109419 2
1739450180520 8.093353237887492 3
1739450180527 0.4116691531698439 4
1739450180535 0.17505269032942875 5
1739450180542 0.1896651731311886 6
1739450180549 0.2318530778313002 7
1739450180559 0.12866331549693716 8
1739450180565 0.18698509386729717 9
1739450180572 0.058020415587951055 10
1739450180576 0.18251081380278703 11
1739450180584 0.2111297021522851 12
1739450180594 0.16159056831301025 13
1739450180604 0.16606712354202072 14
1739450180613 0.06832947433128793 15
1739450180624 0.1339047853853866 16
1739450180633 0.18629613360894798 17
1739450180641 0.22002451257916955 18
1739450180646 0.08108628965982234 19
1739450180659 0.0963194664390246 20
1739450180664 0.07698610354690344 21
1739450180671 0.23437299773980874 22
1739450180676 0.1416430603959855 23
1739450180680 0.1112521670002364 24
