1739451220572 35.38083101350562 0
1739451220582 0.18492313560906062 1
1739451220589 0.23659636364695533 2
1739451220598 0.1275003977269596 3
1739451220605 0.199734331574769 4
1739451220613 0.17365744212673778 5
1739451220620 0.19800527646196556 6
1739451220628 0.062153897187864016 7
1739451220639 0.26645020338279024 8
1739451220650 0.3438857114838366 9
1739451220660 0.15589856425963342 10
1739451220671 0.32650414541549166 11
1739451220681 0.06382185140995451 12
1739451220689 0.05844492746879065 13
1739451220700 0.22942494261763602 14
1739451220705 0.19406696056032308 15
1739451220714 0.24527572315470797 16
1739451220720 0.14969884239898718 17
1739451220727 0.23640839214994852 18
1739451220736 0.07663222858049262 19
1739451220743 0.1275760845116317 20
1739451220753 0.1325743251003955 21
1739451220760 0.21887694272942046 22
1739451220767 0.20651913750781276 23
1739451220773 0.1714102895345056 24
1739451220783 0.0887946536981909 25
1739451220789 0.12252184287161698 26
1739451220797 0.14355081496139008 27
1739451220803 0.17111408570359257 28
1739451220807 0.2075765367969093 29
1739451220813 0.11160480461097351 30
1739451220818 0.16626859129326704 31
1739451220822 0.20416535234481575 32
1739451220827 0.08505944299961797 33
1739451220833 0.08242884912582049 34
1739451220836 0.06664449750043963 35
1739451220840 0.1925459496101213 36
1739451220847 0.18259509053137907 37
1739451220852 0.26702555108978754 38
1739451220855 0.15713035799561356 39
1739451220860 0.13148282240271267 40
1739451220867 0.15806152485294295 41
1739451220871 0.22989483668596628 42
1739451220877 0.1412094313062985 43
1739451220883 0.12388120004681794 44
1739451220890 0.14148509638470722 45
1739451220897 0.19591476476238268 46
1739451220902 0.07682002439624001 47
1739451220906 0.08955503457050011 48
1739451220911 0.14473912578402262 49
1739451220917 0.0721489198848382 50
1739451220921 0.20532137178689397 51
1739451220926 0.15903111916942464 52
1739451220933 0.1365886186418448 53
1739451220937 0.14564211793107154 54
1739451220943 0.1964348165159912 55
1739451220950 0.09545880197981418 56
1739451220955 0.09216531379199419 57
1739451220961 0.15069883908552703 58
1739451220968 0.21403004857052949 59
1739451220972 0.09349972341042209 60
1739451220979 0.17604870017122298 61
1739451220985 0.1682817116010133 62
1739451220990 0.09494504889360837 63
1739451220998 0.24112606935201555 64
1739451221004 0.30163913956295824 65
1739451221010 0.11603218286656765 66
1739451221017 0.12684589194051718 67
1739451221022 0.23634980544848241 68
1739451221029 0.08384898701322985 69
1739451221035 0.06258395513722627 70
1739451221039 0.1556498068221205 71
1739451221045 0.22245805384280568 72
1739451221051 0.20021442182700716 73
1739451221055 0.1391359222399598 74
1739451221062 0.11520564667289504 75
1739451221069 0.09009285946663223 76
1739451221073 0.24738539880768173 77
1739451221080 0.0719184868559003 78
1739451221085 0.08353334059633363 79
1739451221089 0.160020189283397 80
1739451221094 0.12703245076531597 81
1739451221100 0.2895808705636237 82
1739451221105 0.309319230164615 83
1739451221110 0.13297344542612494 84
1739451221116 0.15790287476134995 85
1739451221120 0.12063840998376688 86
1739451221123 0.23270665029886417 87
1739451221130 0.1773477918366933 88
1739451221134 0.08800210263824337 89
1739451221139 0.12795771669987815 90
1739451221144 0.23609948028055996 91
1739451221150 0.12460241226326747 92
1739451221154 0.1459043449674778 93
1739451221159 0.214824215085679 94
1739451221166 0.1434660981822615 95
1739451221171 0.09402683008109723 96
1739451221176 0.17155504547186326 97
1739451221183 0.07453604826295675 98
1739451221188 0.09847684759868207 99
