1739453042281 168.91407275456154 0
1739453042283 166.32598850031113 1
1739453042286 163.75766395948227 2
1739453042288 161.20912426495707 3
1739453042290 158.6803933269965 4
1739453042292 156.171493682047 5
1739453042295 153.68244640689468 6
1739453042298 151.2132710827483 7
1739453042302 148.7639857969164 8
1739453042305 146.33460717225853 9
1739453042308 143.92515041662682 10
1739453042311 141.53562938616935 11
1739453042314 139.1660566577022 12
1739453042317 136.8164436064352 13
1739453042320 134.48680048620312 14
1739453042322 132.17713651004675 15
1739453042324 129.8874599295436 16
1739453042327 127.61777811172533 17
1739453042330 125.36809761276746 18
1739453042333 123.13842424790735 19
1739453042336 120.92876315725897 20
1739453042338 118.73911886735455 21
1739453042340 116.56949534836733 22
1739453042343 114.41989606706196 23
1739453042346 112.29032403558632 24
1739453042349 110.18078185626696 25
1739453042351 108.09127176260232 26
1739453042354 106.02179565666869 27
1739453042356 103.97235514316509 28
1739453042358 101.94295156032716 29
1739453042361 99.93358600793906 30
1739453042363 97.94425937266716 31
1739453042367 95.97497235093141 32
1739453042369 94.02572546952035 33
1739453042371 92.0965191041444 34
1739453042373 90.18735349611065 35
1739453042375 88.29822876728936 36
1739453042380 86.42914493353116 37
1739453042384 84.58010191668106 38
1739453042387 82.75109955532413 39
1739453042389 80.94213761438697 40
1739453042392 79.15321579370753 41
1739453042398 77.38433373567716 42
1739453042402 75.6354910320483 43
1739453042404 73.90668722999364 44
1739453042407 72.19792183749361 45
1739453042409 70.50919432812263 46
1739453042412 68.84050414529676 47
1739453042418 67.19185070604023 48
1739453042421 65.56323340432186 49
1739453042423 63.95465161400752 50
1739453042425 62.36610469147009 51
1739453042428 60.79759197789423 52
1739453042432 59.2491128013089 53
1739453042435 57.72066647837781 54
1739453042437 56.21225231597427 55
1739453042439 54.723869612564116 56
1739453042441 53.255517659418196 57
1739453042444 51.807195741673226 58
1739453042448 50.37890313925774 59
1739453042451 48.970639127698334 60
1739453042454 47.58240297881933 61
1739453042456 46.21419396134776 62
1739453042458 44.86601134143405 63
1739453042461 43.53785438309779 64
1739453042465 42.22972234860653 65
1739453042469 40.941614498795026 66
1739453042472 39.67353009333112 67
1739453042474 38.42546839093375 68
1739453042477 37.197428649548115 69
1739453042483 35.989410126482014 70
1739453042487 34.801412078507035 71
1739453042489 33.63343376192775 72
1739453042492 32.48547443262161 73
1739453042495 31.357533346051568 74
1739453042501 30.249609757253513 75
1739453042503 29.161702920799776 76
1739453042506 28.093812090739952 77
1739453042508 27.045936520519856 78
1739453042512 26.018075462879004 79
1739453042517 25.010228169727082 80
1739453042520 24.022393891999076 81
1739453042522 23.054571879488872 82
1739453042524 22.1067613806607 83
1739453042528 21.178961642437407 84
1739453042533 20.271171909964405 85
1739453042536 19.38339142634767 86
1739453042539 18.515619432363813 87
1739453042541 17.6678551661401 88
1739453042545 16.840097862801358 89
1739453042549 16.032346754080688 90
1739453042552 15.24460106789014 91
1739453042555 14.47686002784681 92
1739453042558 13.729122852749024 93
1739453042565 13.001388755996665 94
1739453042569 12.293656944948246 95
1739453042571 11.605926620206443 96
1739453042573 10.938196974822036 97
1739453042575 10.290467193404647 98
1739453042579 9.662736451126301 99
