1739453030334 168.91407275456154 0
1739453030337 166.92140824469246 1
1739453030339 164.85687743730605 2
1739453030341 162.74862808252186 3
1739453030345 160.61633057098564 4
1739453030348 158.4736814749699 5
1739453030350 156.3301924629449 6
1739453030352 154.1924555590783 7
1739453030354 152.06503179788277 8
1739453030356 149.95107234327133 9
1739453030359 147.85275112850638 10
1739453030361 145.77156547235737 11
1739453030364 143.708544587746 12
1739453030367 141.6643940139869 13
1739453030369 139.63959556445317 14
1739453030372 137.6344764373723 15
1739453030374 135.64925697410922 16
1739453030376 133.68408364462005 17
1739453030379 131.73905181887065 18
1739453030381 129.81422147980996 19
1739453030384 127.90962806059846 20
1739453030387 126.02528991498336 21
1739453030389 124.16121346342116 22
1739453030391 122.31739673507214 23
1739453030394 120.49383180288395 24
1739453030397 118.69050645496496 25
1739453030399 116.90740533906737 26
1739453030402 115.144510743545 27
1739453030404 113.40180312744457 28
1739453030406 111.67926147739519 29
1739453030408 109.97686354481633 30
1739453030410 108.29458600030878 31
1739453030414 106.63240453060692 32
1739453030416 104.99029389554914 33
1739453030419 103.36822795706334 34
1739453030421 101.76617968839886 35
1739453030423 100.18412116924215 36
1739453030425 98.62202357056259 37
1739453030428 97.07985713180312 38
1739453030430 95.55759113217718 39
1739453030432 94.05519385724618 40
1739453030435 92.57263256154461 41
1739453030437 91.10987342773733 42
1739453030439 89.6668815225971 43
1739453030441 88.24362074995167 44
1739453030443 86.84005380065251 45
1739453030446 85.45614209954635 46
1739453030448 84.09184574937895 47
1739453030451 82.74712347152143 48
1739453030453 81.42193254337927 49
1739453030455 80.11622873231802 50
1739453030459 78.82996622591985 51
1739453030464 77.56309755836473 52
1739453030469 76.31557353271353 53
1739453030472 75.08734313885253 54
1739453030474 73.87835346684341 55
1739453030476 72.68854961540552 56
1739453030482 71.51787459524189 57
1739453030486 70.36626922690306 58
1739453030488 69.23367203286729 59
1739453030490 68.12001912349896 60
1739453030493 67.0252440765307 61
1739453030497 65.94927780969917 62
1739453030501 64.89204844614983 63
1739453030504 63.853481172211175 64
1739453030506 62.83349808712759 65
1739453030508 61.83201804432917 66
1739453030512 60.84895648380969 67
1739453030517 59.88422525518066 68
1739453030520 58.937732430970186 69
1739453030522 58.00938210974319 70
1739453030525 57.099074208634285 71
1739453030531 56.20670424490886 72
1739453030535 55.33216310620414 73
1739453030539 54.47533680915125 74
1739453030543 53.6361062461472 75
1739453030547 52.81434692013127 76
1739453030552 52.00992866733344 77
1739453030554 51.222715368101035 78
1739453030556 50.45256464608439 79
1739453030559 49.69932755627569 80
1739453030564 48.96284826265344 81
1739453030569 48.2429637064974 82
1739453030571 47.53950326680987 83
1739453030574 46.85228841471825 84
1739453030576 46.18113236424821 85
1739453030580 45.52583972245305 86
1739453030585 44.88620614257081 87
1739453030588 44.26201798465887 88
1739453030590 43.6530519890311 89
1739453030593 43.05907496879041 90
1739453030597 42.47984352880484 91
1739453030600 41.91510381960221 92
1739453030602 41.364591335834376 93
1739453030605 40.828030770150875 94
1739453030607 40.30513593447477 95
1739453030609 39.79560976172622 96
1739453030614 39.29914440190768 97
1739453030616 38.81542142704998 98
1739453030619 38.344112159702334 99
