1739453008246 169.01961904378464 0
1739453008252 168.75943079958154 1
1739453008255 168.44747014037236 2
1739453008257 168.12541476492922 3
1739453008259 167.80159356283434 4
1739453008261 167.4776707584939 5
1739453008267 167.15397887594443 6
1739453008270 166.83058435421583 7
1739453008273 166.50750046669188 8
1739453008275 166.18472986391265 9
1739453008277 165.8622730739077 10
1739453008281 165.54013020061674 11
1739453008285 165.2183012632447 12
1739453008287 164.89678626406678 13
1739453008289 164.57558520197625 14
1739453008291 164.2546980751916 15
1739453008293 163.93412488179715 16
1739453008296 163.61386561985125 17
1739453008299 163.29392028740793 18
1739453008303 162.97428888252105 19
1739453008305 162.6549714032453 20
1739453008307 162.33596784763634 21
1739453008309 162.0172782137508 22
1739453008313 161.6989024996463 23
1739453008318 161.38084070338144 24
1739453008321 161.06309282301584 25
1739453008323 160.74565885661016 26
1739453008325 160.428538802226 27
1739453008327 160.11173265792593 28
1739453008330 159.79524042177366 29
1739453008332 159.47906209183367 30
1739453008335 159.16319766617167 31
1739453008337 158.84764714285427 32
1739453008339 158.532410519949 33
1739453008341 158.21748779552456 34
1739453008343 157.90287896765048 35
1739453008346 157.5885840343974 36
1739453008349 157.27460299383696 37
1739453008351 156.96093584404164 38
1739453008354 156.64758258308518 39
1739453008356 156.33454320904215 40
1739453008358 156.0218177199881 41
1739453008360 155.70940611399965 42
1739453008363 155.3973083891544 43
1739453008365 155.085524543531 44
1739453008368 154.77405457520896 45
1739453008370 154.46289848226894 46
1739453008372 154.15205626279254 47
1739453008374 153.8415279148623 48
1739453008376 153.5313134365619 49
1739453008379 153.2214128259759 50
1739453008382 152.91182608118987 51
1739453008385 152.60255320029046 52
1739453008387 152.29359418136528 53
1739453008389 151.98494902250286 54
1739453008391 151.67661772179287 55
1739453008393 151.36860027732587 56
1739453008396 151.06089668719343 57
1739453008399 150.75350694948827 58
1739453008402 150.4464310623039 59
1739453008404 150.13966902373497 60
1739453008407 149.83322083187704 61
1739453008409 149.52708648482675 62
1739453008411 149.22126598068175 63
1739453008414 148.91575931754056 64
1739453008417 148.61056649350286 65
1739453008419 148.30568750666922 66
1739453008421 148.00112235514132 67
1739453008423 147.6968710370217 68
1739453008426 147.39293355041403 69
1739453008428 147.08930989342292 70
1739453008431 146.78600006415397 71
1739453008434 146.48300406071382 72
1739453008436 146.18032188121015 73
1739453008439 145.8779535237515 74
1739453008441 145.57589898644753 75
1739453008443 145.27415826740895 76
1739453008446 144.97273136474726 77
1739453008449 144.6716182765752 78
1739453008453 144.37081900100642 79
1739453008457 144.07033353615552 80
1739453008459 143.77016188013815 81
1739453008461 143.47030403107098 82
1739453008465 143.1707599870717 83
1739453008468 142.87152974625891 84
1739453008471 142.5726133067523 85
1739453008473 142.27401066667252 86
1739453008475 141.97572182414123 87
1739453008477 141.67774677728113 88
1739453008479 141.38008552421587 89
1739453008482 141.0827380630702 90
1739453008485 140.7857043919697 91
1739453008487 140.4889845090411 92
1739453008489 140.19257841241213 93
1739453008491 139.89648610021143 94
1739453008494 139.60070757056877 95
1739453008498 139.30524282161477 96
1739453008502 139.0100918514812 97
1739453008504 138.71525465830078 98
1739453008506 138.42073124020723 99
