1739453029521 168.90082104802957 0
1739453029524 166.8585586718516 1
1739453029526 164.7602114027096 2
1739453029529 162.6291893656546 3
1739453029531 160.48183365151232 4
1739453029533 158.32951106148886 5
1739453029535 156.18010773763265 6
1739453029538 154.0390838851564 7
1739453029540 151.91021361756515 8
1739453029542 149.79610152152097 9
1739453029545 147.6985421402662 10
1739453029548 145.6187695509289 11
1739453029550 143.55763033854768 12
1739453029552 141.51570332476965 13
1739453029555 139.4933823601322 14
1739453029557 137.49093353068417 15
1739453029559 135.50853466077103 16
1739453029562 133.54630257587263 17
1739453029565 131.6043119085197 18
1739453029567 129.68260806408304 19
1739453029569 127.78121615521894 20
1739453029571 125.90014715451352 21
1739453029574 124.03940212812796 22
1739453029576 122.19897514595917 23
1739453029578 120.37885527919795 24
1739453029581 118.57902796868181 25
1739453029584 116.79947595944519 26
1739453029586 115.04017993615427 27
1739453029588 113.30111895222987 28
1739453029591 111.58227071657943 29
1739453029593 109.88361178194549 30
1739453029596 108.20511766515186 31
1739453029599 106.5467629200694 32
1739453029601 104.90852117760697 33
1739453029603 103.29036516254153 34
1739453029605 101.69226669391091 35
1739453029607 100.11419667355986 36
1739453029610 98.55612506596465 37
1739453029613 97.01802087144807 38
1739453029616 95.49985209419988 39
1739453029618 94.0015857060357 40
1739453029620 92.52318760649354 41
1739453029623 91.06462257963553 42
1739453029625 89.62585424776081 43
1739453029627 88.20684502212144 44
1739453029629 86.80755605065137 45
1739453029632 85.42794716266108 46
1739453029634 84.06797681040463 47
1739453029636 82.72760200739405 48
1739453029638 81.40677826330821 49
1739453029640 80.10545951532099 50
1739453029642 78.82359805565521 51
1739453029645 77.56114445514972 52
1739453029647 76.31804748261173 53
1739453029650 75.09425401971045 54
1739453029652 73.8897089711519 55
1739453029655 72.70435516986053 56
1739453029657 71.53813327687661 57
1739453029659 70.39098167566443 58
1739453029663 69.26283636051029 59
1739453029666 68.1536308186747 60
1739453029668 67.06329590594915 61
1739453029670 65.99175971525392 62
1739453029672 64.93894743790091 63
1739453029675 63.90478121713513 64
1739453029677 62.88917999355902 65
1739453029680 61.892059342038415 66
1739453029683 60.91333129968664 67
1739453029685 59.952904184525245 68
1739453029687 59.01068240442837 69
1739453029689 58.08656625597302 70
1739453029692 57.18045171284144 71
1739453029695 56.29223020345742 72
1739453029698 55.42178837758608 73
1739453029700 54.56900786169044 74
1739453029702 53.73376500292196 75
1739453029705 52.91593060172626 76
1739453029707 52.11536963317783 77
1739453029709 51.33194095732052 78
1739453029713 50.56549701898912 79
1739453029716 49.81588353782907 80
1739453029718 49.08293918952013 81
1739453029720 48.36649527955338 82
1739453029723 47.666375411316615 83
1739453029726 46.98239515071616 84
1739453029730 46.314361690111696 85
1739453029733 45.66207351496942 86
1739453029735 45.02532007735252 87
1739453029737 44.40388148116821 88
1739453029739 43.797528184976734 89
1739453029742 43.20602072913253 90
1739453029745 42.629109495060675 91
1739453029748 42.06653450555027 92
1739453029750 41.51802527604282 93
1739453029753 40.98330072796304 94
1739453029755 40.46206917612805 95
1739453029757 39.95402840310533 96
1739453029759 39.45886583398435 97
1739453029762 38.976258825277114 98
1739453029765 38.505875081455926 99
