1739451221572 43.08747248722108 0
1739451221579 0.27635787761804315 1
1739451221584 0.078493287327203 2
1739451221588 0.09451223270443003 3
1739451221593 0.1182239325254317 4
1739451221600 0.08389587574234553 5
1739451221603 0.074788372791496 6
1739451221607 0.25138508964463463 7
1739451221614 0.18953189000259885 8
1739451221619 0.17452265717160934 9
1739451221623 0.08540019470261219 10
1739451221630 0.16553216579706506 11
1739451221637 0.1717186100246058 12
1739451221643 0.1908417993709179 13
1739451221651 0.14320417202170305 14
1739451221656 0.13072980195390166 15
1739451221663 0.14895407936666458 16
1739451221668 0.13378009588779388 17
1739451221673 0.19012184497267892 18
1739451221680 0.10495917648423696 19
1739451221686 0.10540604721577082 20
1739451221689 0.04900181754958079 21
1739451221698 0.1383496944694721 22
1739451221703 0.10472173964779487 23
1739451221707 0.19551025034237926 24
1739451221714 0.13917539063207685 25
1739451221720 0.10406003743817124 26
1739451221726 0.20708586636292947 27
1739451221734 0.14127010005430152 28
1739451221740 0.06371599974452433 29
1739451221747 0.10597389449096661 30
1739451221753 0.08111541503222412 31
1739451221760 0.1435532874228816 32
1739451221766 0.10309352863020624 33
1739451221771 0.2595866443545902 34
1739451221778 0.25983582311041425 35
1739451221784 0.151182400966623 36
1739451221789 0.18739837460791825 37
1739451221796 0.07045806450994675 38
1739451221802 0.2024559010561616 39
1739451221807 0.22238388128832223 40
1739451221814 0.06790141727774383 41
1739451221819 0.2075678520255831 42
1739451221822 0.08331604402907955 43
1739451221829 0.10648909763130408 44
1739451221836 0.18743266448193407 45
1739451221841 0.1369843602613634 46
1739451221848 0.07913283886103455 47
1739451221852 0.15426905182599146 48
1739451221855 0.19379177562770447 49
1739451221860 0.1703315669728421 50
1739451221866 0.11231915197528755 51
1739451221870 0.11207961505889308 52
1739451221873 0.1152714518540472 53
1739451221881 0.11723666064147793 54
1739451221885 0.14541074748845353 55
1739451221893 0.1591434807384286 56
1739451221900 0.13118573323345725 57
1739451221903 0.10924682257936488 58
1739451221907 0.20380036227895879 59
1739451221913 0.13349333087476342 60
1739451221918 0.14559651462320367 61
1739451221921 0.2020582944428851 62
1739451221926 0.2484698094134006 63
1739451221932 0.25375520251694056 64
1739451221937 0.07160567680244781 65
1739451221940 0.10145668631184765 66
1739451221946 0.17650151811446363 67
1739451221951 0.1417487345715807 68
1739451221954 0.19600136411053198 69
1739451221959 0.14902289237944188 70
1739451221965 0.1088483542589831 71
1739451221969 0.059674592641429394 72
1739451221972 0.11689140479776124 73
1739451221977 0.24872531833927317 74
1739451221983 0.22505993672630095 75
1739451221986 0.21012345744335917 76
1739451221990 0.13387164594167572 77
1739451221996 0.13405576616949605 78
1739451222001 0.1368205668119961 79
