1739453055096 141.15808871173218 0
1739453055101 121.6332824647477 1
1739453055105 101.39452359643421 2
1739453055109 83.8891835985339 3
1739453055117 65.52656153777663 4
1739453055122 51.78288076777294 5
1739453055126 41.205042610779635 6
1739453055131 27.28639268203076 7
1739453055135 19.207902743386853 8
1739453055139 11.374973184523164 9
1739453055143 5.429034548411865 10
1739453055148 1.7002756541872426 11
1739453055153 0.2807352256707776 12
1739453055157 0.18763158621093196 13
1739453055164 0.16421516870326947 14
1739453055168 0.1465452979907027 15
1739453055172 0.1493879541165723 16
1739453055178 0.22025998358690946 17
1739453055184 0.03168036598601239 18
