1739450831125 26.8562996128004 0
1739450831131 9.68214096135009 1
1739450831140 7.7607975016968105 2
1739450831145 2.647530897571825 3
1739450831152 0.5835203963110128 4
1739450831157 0.27630154939239787 5
1739450831161 0.2030637442617503 6
1739450831170 0.15404373716656478 7
1739450831176 0.15697302201144472 8
1739450831182 0.15312378395012644 9
1739450831190 0.10284467519000774 10
1739450831195 0.14840309697483386 11
1739450831203 0.2320465455462276 12
1739450831208 0.25892101850571736 13
1739450831212 0.13938580099261907 14
1739450831219 0.07991867557103317 15
1739450831223 0.13517754284919908 16
1739450831227 0.1940409574901592 17
1739450831234 0.14253535118821997 18
1739450831240 0.15436343815802372 19
1739450831244 0.31238811852729426 20
1739450831251 0.16470368502478397 21
1739450831256 0.19382643457665727 22
1739450831260 0.05744096594990832 23
1739450831268 0.09096758556516511 24
1739450831272 0.1827326521585795 25
1739450831276 0.10837823201414147 26
1739450831281 0.292930233484165 27
1739450831287 0.1438973017001295 28
1739450831291 0.07881619850412251 29
1739450831294 0.11686040568173423 30
1739450831301 0.05471692108538243 31
1739450831305 0.2075194841217512 32
1739450831309 0.10097699872943441 33
1739450831314 0.0821950407543261 34
1739450831320 0.21167402580044675 35
1739450831326 0.15492699920687697 36
1739450831332 0.1892083811941745 37
1739450831341 0.1483365070264298 38
1739450831346 0.14888444141709228 39
1739450831352 0.07106432816395969 40
1739450831357 0.25081234900290883 41
1739450831361 0.135643015919062 42
1739450831366 0.06286017592488044 43
1739450831371 0.31152569984238027 44
1739450831375 0.14348619052319198 45
1739450831378 0.10329217213049906 46
1739450831385 0.24309366740893093 47
1739450831388 0.1319508423358171 48
1739450831392 0.15832283091671412 49
1739450831395 0.130745953804604 50
1739450831401 0.12004306817124182 51
1739450831405 0.26157855376013917 52
1739450831409 0.15577866839880944 53
1739450831412 0.1568223647330481 54
1739450831418 0.12283578277520577 55
1739450831422 0.1012778489487314 56
1739450831425 0.1448730649332499 57
1739450831429 0.1434153204034658 58
1739450831435 0.09137012732519986 59
1739450831440 0.10700748766720425 60
1739450831443 0.13595723662729653 61
1739450831449 0.12652064868635732 62
1739450831454 0.16430335015884157 63
1739450831457 0.16736820196228397 64
1739450831461 0.18895442991319963 65
1739450831467 0.19450178810722502 66
1739450831471 0.14986768045853638 67
1739450831474 0.08376659089409855 68
1739450831477 0.22406207982713067 69
1739450831483 0.17761486134769824 70
1739450831488 0.13629773319192862 71
1739450831491 0.143560452553756 72
1739450831495 0.10751785497487185 73
1739450831500 0.07228213156523003 74
1739450831505 0.3150579216754628 75
1739450831508 0.12316807971224464 76
1739450831511 0.09300899664554871 77
1739450831517 0.18924884992345845 78
1739450831522 0.23577892663260108 79
1739450831525 0.12948261359130656 80
1739450831529 0.20976673708840668 81
1739450831535 0.13140572120707908 82
1739450831539 0.17562257209513593 83
1739450831543 0.1259529284067672 84
1739450831548 0.20235379093634207 85
1739450831555 0.14619119563746388 86
1739450831559 0.08583084267853947 87
1739450831564 0.20088025151309172 88
1739450831570 0.15377789744663287 89
1739450831574 0.10744772920217592 90
1739450831578 0.0744675496293492 91
1739450831584 0.23400560163319542 92
1739450831588 0.12839881914592294 93
1739450831592 0.12781085217229587 94
1739450831597 0.09137336299051653 95
1739450831603 0.0716010879258931 96
1739450831606 0.1034694498907004 97
1739450831610 0.09165522096657297 98
1739450831615 0.07028866020735246 99
