1739451579514 35.86436585512339 0
1739451579520 0.12309259746537435 1
1739451579526 0.21516766508492535 2
1739451579533 0.08859411520324612 3
1739451579537 0.2170456695029529 4
1739451579544 0.11274623020711008 5
1739451579550 0.10540141446577976 6
1739451579554 0.169880973359987 7
1739451579559 0.1508893967227965 8
1739451579566 0.15748513321385652 9
1739451579570 0.16571840894845774 10
1739451579575 0.08686365294014455 11
1739451579580 0.163134247464191 12
1739451579584 0.16090143667715673 13
1739451579588 0.1672457267285852 14
1739451579595 0.13723817769299193 15
1739451579599 0.13484464481693326 16
1739451579603 0.2340165341769377 17
1739451579609 0.12295154214361496 18
1739451579615 0.042689918253931126 19
1739451579618 0.10117664410948973 20
1739451579623 0.421699818617516 21
1739451579629 0.1009190404617086 22
1739451579633 0.23366275468088155 23
1739451579637 0.09946343210665244 24
1739451579642 0.17807273881143534 25
1739451579648 0.08645738000567359 26
1739451579652 0.082441418338265 27
1739451579658 0.07430916181808046 28
1739451579664 0.23257697636327512 29
1739451579669 0.14581037068487454 30
1739451579673 0.13707904857472747 31
1739451579679 0.16363740994340242 32
1739451579684 0.13215683363155736 33
1739451579688 0.07383138878785712 34
1739451579695 0.16431952755654833 35
1739451579701 0.21028859282918275 36
1739451579704 0.10027188846222841 37
1739451579712 0.13045432949019217 38
1739451579717 0.11574968114222874 39
1739451579722 0.14273299184555358 40
1739451579729 0.14599204847713448 41
1739451579734 0.06637963521740077 42
1739451579738 0.20769223320691216 43
1739451579745 0.1169496965666345 44
1739451579751 0.36291971639363685 45
1739451579758 0.2413463495534387 46
1739451579765 0.13248803564209763 47
1739451579770 0.22427063840023426 48
1739451579777 0.10826962380536864 49
1739451579782 0.15026018916853617 50
1739451579786 0.3345737936276625 51
1739451579791 0.3069110506444415 52
1739451579798 0.16292145151351564 53
1739451579803 0.09238312299515397 54
1739451579810 0.14980544600051 55
1739451579815 0.19647974513862224 56
1739451579819 0.06696000445785327 57
1739451579826 0.08789598432867247 58
1739451579832 0.11224618532968596 59
1739451579836 0.22764187377519793 60
1739451579844 0.1929184667293755 61
1739451579849 0.07664739462877256 62
1739451579853 0.3061900754065123 63
1739451579860 0.13456361832324606 64
1739451579867 0.1492501611638796 65
1739451579871 0.2694946824483234 66
1739451579879 0.29217110308775285 67
1739451579885 0.205842914112615 68
1739451579892 0.27407582177232687 69
1739451579898 0.21292708192034593 70
1739451579903 0.23387236833267622 71
1739451579909 0.26602741902911536 72
1739451579915 0.09748522589776425 73
1739451579919 0.1166650159130105 74
1739451579925 0.22078577425980664 75
1739451579931 0.14849697368178222 76
1739451579935 0.1100840161603674 77
1739451579940 0.14093603508957123 78
1739451579947 0.11259721949174344 79
1739451579952 0.0993113296291396 80
1739451579957 0.05961979848937935 81
1739451579965 0.1307076011061403 82
1739451579971 0.19996836751014926 83
1739451579978 0.1572741871826067 84
1739451579983 0.1600175624536185 85
1739451579987 0.04966026321765807 86
1739451579995 0.1365828532671802 87
1739451580000 0.09948179588701699 88
1739451580006 0.14114145580848914 89
1739451580013 0.08462665736802324 90
1739451580018 0.13789006741149076 91
1739451580024 0.14058950636638784 92
1739451580030 0.11467095799831431 93
1739451580035 0.15736057694808747 94
1739451580040 0.381278485713171 95
1739451580048 0.18794214475986623 96
1739451580052 0.13101961423041053 97
1739451580058 0.11929262076893588 98
1739451580065 0.11269740947985478 99
