1739450893321 44.56565441383879 0
1739450893331 0.20748249574373193 1
1739450893339 0.12476256925007123 2
1739450893347 0.11097584503773864 3
1739450893355 0.15346869333915353 4
1739450893364 0.2394803144235707 5
1739450893370 0.14696709319673346 6
1739450893376 0.2414935935332021 7
1739450893384 0.09551278549113552 8
1739450893389 0.09579444114690536 9
1739450893394 0.16610198752603583 10
1739450893401 0.07731682718476807 11
1739450893406 0.1112451517742548 12
1739450893414 0.10250321079225624 13
1739450893419 0.23380600719731265 14
1739450893425 0.2085593898790168 15
1739450893432 0.23943443744028597 16
1739450893437 0.12607264219598707 17
1739450893441 0.20176626493293495 18
1739450893448 0.24666984876278453 19
1739450893452 0.09255639123536373 20
1739450893456 0.19446732252973903 21
1739450893462 0.15368592995454186 22
1739450893468 0.0922257085399458 23
1739450893473 0.12576183372736044 24
1739450893478 0.11529479834178906 25
1739450893485 0.15420844157509633 26
1739450893489 0.1654146429972223 27
1739450893494 0.2957501852715691 28
1739450893500 0.2020526704870027 29
1739450893507 0.17751476638412675 30
1739450893513 0.13815009259218963 31
1739450893519 0.09102118757873975 32
1739450893523 0.1514219226498869 33
1739450893529 0.2995343127633275 34
1739450893535 0.10365242772120853 35
1739450893540 0.0815009930912841 36
1739450893547 0.17551303431200946 37
1739450893552 0.11389408468989004 38
1739450893556 0.3376242971443691 39
1739450893562 0.10712266675178062 40
1739450893569 0.13272487883921852 41
1739450893574 0.1112700995966968 42
1739450893584 0.057221405106059865 43
1739450893590 0.23653089351727 44
1739450893599 0.11100472550771565 45
1739450893608 0.139207681535836 46
1739450893617 0.1066583283698962 47
1739450893622 0.07960467541498631 48
1739450893627 0.2760695969524606 49
1739450893633 0.09368813858626765 50
1739450893637 0.08568633619766111 51
1739450893644 0.2672478050797139 52
1739450893649 0.11626995473215859 53
1739450893653 0.19639630283994786 54
1739450893656 0.0838994568500763 55
1739450893661 0.2244788117954922 56
1739450893668 0.15911898067035132 57
1739450893672 0.19191969205862558 58
1739450893676 0.19971476909188185 59
1739450893680 0.2238219279615287 60
1739450893685 0.09627786321441828 61
1739450893688 0.17618149865812355 62
1739450893691 0.1534908468744472 63
1739450893696 0.08329225954494941 64
1739450893701 0.13718736590265054 65
1739450893704 0.11386643969656671 66
1739450893708 0.12891922566376718 67
1739450893713 0.10108382266892893 68
1739450893718 0.2353910999236609 69
1739450893722 0.1245604408048135 70
1739450893725 0.12481818183604902 71
1739450893730 0.10820942386625802 72
1739450893735 0.3526403505501468 73
1739450893738 0.06863533353191051 74
1739450893742 0.15678498062974872 75
1739450893748 0.08078595640061861 76
1739450893751 0.2816240474898509 77
