1739449870362 30.912422221094907 0
1739449870367 14.761911470113267 1
1739449870372 17.97300368906254 2
1739449870375 6.55007120786005 3
1739449870378 0.9581507970987854 4
1739449870382 0.27287957061328666 5
1739449870387 0.3028968331758188 6
1739449870391 0.1411862730085673 7
1739449870395 0.1672516580605055 8
1739449870401 0.21956974923592865 9
1739449870406 0.15837085132086065 10
1739449870409 0.1315473762599489 11
1739449870412 0.09135658353293663 12
1739449870416 0.17383107640528003 13
1739449870421 0.07228992486008519 14
1739449870425 0.09376485887358306 15
1739449870428 0.1451259633590869 16
1739449870434 0.1123015257176217 17
1739449870439 0.1252493177125777 18
1739449870442 0.18405538164067187 19
1739449870445 0.1363662262943055 20
1739449870451 0.10770126687481013 21
1739449870455 0.11645271135193543 22
1739449870459 0.1480916922398602 23
1739449870462 0.24639045361162756 24
1739449870467 0.17441879013982622 25
1739449870472 0.0808136789369375 26
1739449870476 0.14276776404110378 27
1739449870479 0.2759486390164152 28
1739449870484 0.08259432131492843 29
1739449870490 0.19082676039421625 30
1739449870495 0.24733841712044266 31
1739449870500 0.10596031835125172 32
1739449870507 0.21791279991223467 33
1739449870511 0.12420656128872387 34
1739449870516 0.3201472581867093 35
1739449870523 0.09844422863323812 36
1739449870528 0.09816249623589665 37
1739449870535 0.08967063388301234 38
1739449870541 0.2171976124321753 39
1739449870546 0.2851485332991497 40
1739449870555 0.05164998545062151 41
1739449870562 0.09987144603352746 42
1739449870569 0.1244197945732999 43
1739449870574 0.14774967647095258 44
1739449870578 0.14699870924301958 45
1739449870583 0.11762098005679375 46
1739449870590 0.19116478632385508 47
1739449870596 0.1240738924967131 48
1739449870602 0.11769403357258547 49
1739449870609 0.20507467340830496 50
1739449870612 0.13287820408681233 51
1739449870618 0.11633017966605508 52
1739449870623 0.10358315966739295 53
1739449870628 0.13141057471410536 54
1739449870633 0.12389694128491742 55
1739449870639 0.3171757996970121 56
1739449870643 0.11874760569156065 57
1739449870647 0.292307762973336 58
1739449870654 0.24462350151369971 59
1739449870658 0.0933552889999959 60
1739449870661 0.18692385116711044 61
1739449870666 0.11116419677920922 62
1739449870673 0.11062487849074817 63
1739449870677 0.06635612192076722 64
1739449870680 0.14657769242608631 65
1739449870687 0.14302583938349103 66
1739449870691 0.17584552300401493 67
1739449870694 0.1637303625826212 68
1739449870699 0.1440111809882668 69
1739449870705 0.2279520521602501 70
