1739452057466 36.97090178818416 0
1739452057473 0.24583990748451193 1
1739452057477 0.40508776642126215 2
1739452057484 0.1347464003746479 3
1739452057490 0.18471692747426371 4
1739452057494 0.1640721734786918 5
1739452057502 0.08920112975642475 6
1739452057507 0.0435327218694266 7
1739452057511 0.2555860040496654 8
1739452057518 0.07112880607561728 9
1739452057524 0.22824523542940672 10
1739452057528 0.10037096906099498 11
1739452057539 0.17568048919655782 12
1739452057550 0.128517465451136 13
1739452057559 0.23810907522797553 14
1739452057567 0.17774567703200686 15
1739452057573 0.14108391196734094 16
1739452057577 0.06153054943471659 17
1739452057586 0.2205753912695401 18
1739452057592 0.2194490974373651 19
1739452057598 0.15877023426678563 20
1739452057605 0.13574767139684932 21
1739452057610 0.04113559975554596 22
1739452057615 0.06069265210026406 23
1739452057622 0.18701821426063753 24
1739452057627 0.08118651490822815 25
1739452057632 0.16839782526343067 26
1739452057639 0.144596071999133 27
1739452057644 0.10140828682615047 28
1739452057652 0.15815971737766452 29
1739452057658 0.07581006117291109 30
1739452057664 0.1380233699236891 31
1739452057672 0.13128432576426075 32
1739452057677 0.17839597859110962 33
1739452057684 0.14747776595928422 34
1739452057691 0.22845200363961057 35
1739452057696 0.20433291230534226 36
1739452057702 0.1326217512248557 37
1739452057707 0.1895077601735014 38
1739452057711 0.06654926275305242 39
1739452057718 0.22112533299578854 40
1739452057724 0.08955726286289271 41
1739452057728 0.1144975496727105 42
1739452057736 0.1995276246762131 43
1739452057741 0.09047933928340454 44
1739452057746 0.11113969551531477 45
1739452057752 0.0805063912243481 46
1739452057757 0.1518608864154604 47
