1739449392772 95.66411744372121 0
1739449392777 24.283773959852862 1
1739449392782 0.9242502978381086 2
1739449392785 0.13831720575822148 3
1739449392788 0.035302962526408035 4
1739449392792 0.10493813426293681 5
1739449392795 0.2789566398523267 6
1739449392799 0.24125290223205303 7
1739449392803 0.5015636960582498 8
1739449392805 0.17140497656025955 9
1739449392809 0.1689494062960119 10
1739449392814 0.09662530167778093 11
1739449392818 0.14908178523910004 12
1739449392821 0.1149849904750912 13
1739449392824 0.10547568854995598 14
1739449392828 0.017668308221479058 15
1739449392832 0.03582724509310893 16
1739449392836 0.18715267683604173 17
1739449392838 0.08237422158840256 18
1739449392842 0.3701401556738343 19
1739449392846 0.021906868432629466 20
1739449392850 0.12767773148485678 21
1739449392853 0.18988076863197317 22
1739449392857 0.1437813354697271 23
1739449392861 0.005286408406246793 24
1739449392865 0.10154714679037702 25
1739449392868 0.25763017496381124 26
1739449392871 0.2799299841207149 27
1739449392875 0.044298529151251285 28
1739449392880 0.15529375006965834 29
1739449392885 0.03589866685077299 30
1739449392888 0.07819579926700718 31
1739449392892 0.03721731094272272 32
1739449392896 0.32384207781221697 33
1739449392901 0.06304707951242458 34
1739449392904 0.4197370111170858 35
1739449392909 0.17633795112803452 36
1739449392915 0.08161631763495371 37
1739449392919 0.08414075642144121 38
1739449392922 0.11742064572735762 39
1739449392925 0.02245589066104135 40
1739449392929 0.2734289083954388 41
1739449392933 0.20379576215232573 42
1739449392937 0.05011783839624221 43
1739449392940 0.06512415108716939 44
1739449392944 0.060978362178140566 45
1739449392948 0.3274684213218538 46
1739449392951 0.43024593466112054 47
1739449392954 0.2575426813149829 48
1739449392958 0.3630087594188556 49
1739449392962 0.11716728904295433 50
1739449392967 0.41513845468618715 51
1739449392970 0.08885099215862599 52
1739449392973 0.07728808862443112 53
1739449392977 0.05977807324280779 54
1739449392982 0.17578195655640108 55
