1739450831631 30.2154540582787 0
1739450831637 13.309555782068008 1
1739450831641 9.3428921220172 2
1739450831645 4.2995416468900896 3
1739450831650 1.0986451210080375 4
1739450831655 0.18153349185630668 5
1739450831659 0.4763392870079838 6
1739450831663 0.14274736364642976 7
1739450831669 0.09060989178116517 8
1739450831673 0.11263637678335416 9
1739450831676 0.07696814272707188 10
1739450831681 0.17486863737303007 11
1739450831686 0.20439507335518559 12
1739450831689 0.3099084689873433 13
1739450831693 0.19387459303076673 14
1739450831697 0.18143217711233228 15
1739450831702 0.10187877315064546 16
1739450831706 0.0849123316086756 17
1739450831709 0.15593499534830085 18
1739450831713 0.06350203027883046 19
1739450831718 0.13834961616203229 20
1739450831721 0.12598239871826103 21
1739450831725 0.2839161698813513 22
1739450831728 0.16502581628884866 23
1739450831734 0.24268641155724144 24
1739450831738 0.21992284684410238 25
1739450831742 0.17144989623904888 26
1739450831746 0.12723946696717664 27
1739450831752 0.1867185837094008 28
1739450831756 0.1568342349045085 29
1739450831759 0.12283794162823651 30
1739450831763 0.2481336254466712 31
1739450831768 0.09228431159805763 32
1739450831771 0.10740274476028899 33
1739450831775 0.1707773466519825 34
1739450831778 0.09537197739928342 35
1739450831783 0.10165613100757391 36
1739450831787 0.17451917137127765 37
1739450831791 0.18494969327000452 38
1739450831794 0.09896318011870972 39
1739450831799 0.24143023791852214 40
1739450831804 0.24863283688839818 41
1739450831807 0.16086736549552516 42
1739450831811 0.156232220066949 43
1739450831816 0.11916347904576578 44
1739450831821 0.16971388798383566 45
1739450831825 0.1339546418117511 46
1739450831828 0.14160164286747806 47
1739450831836 0.09798047254563007 48
1739450831842 0.10617412581148218 49
1739450831847 0.10073537079204475 50
1739450831854 0.20340792161561472 51
1739450831859 0.1582271566043354 52
1739450831864 0.12111886246759429 53
1739450831871 0.11262802958393109 54
1739450831875 0.2583563936622878 55
1739450831880 0.12011662210977413 56
1739450831886 0.05974672732758319 57
1739450831891 0.11603070072936562 58
1739450831894 0.09408559118135693 59
1739450831900 0.10401342473044248 60
1739450831905 0.11883602593613475 61
1739450831908 0.12466007283970379 62
1739450831911 0.18097223865468642 63
1739450831917 0.07840705969232559 64
1739450831921 0.16185850153850878 65
1739450831925 0.08014406616162129 66
1739450831928 0.1442984203644652 67
1739450831934 0.11745720031705946 68
1739450831938 0.1152163847878322 69
1739450831941 0.1514185515847997 70
1739450831945 0.1826255974213788 71
1739450831952 0.16413000939244368 72
1739450831956 0.18865180808606322 73
1739450831960 0.19164989623795006 74
1739450831964 0.08513030989790987 75
1739450831970 0.13432241991431426 76
1739450831973 0.11610800547309295 77
1739450831976 0.09269435030968173 78
1739450831980 0.15662922196100143 79
1739450831986 0.2264462164267841 80
1739450831990 0.2087830272009051 81
1739450831993 0.1415476661335599 82
1739450831998 0.1862951798279071 83
