1739453024712 169.01961904378464 0
1739453024718 168.75943079958154 1
1739453024720 168.31757193000527 2
1739453024722 167.74920962742956 3
1739453024724 167.09303176434958 4
1739453024726 166.3761338795186 5
1739453024730 165.6174752440053 6
1739453024734 164.83031348288318 7
1739453024736 164.02391504183637 8
1739453024738 163.20475465536128 9
1739453024740 162.37735538558903 10
1739453024742 161.54487640407672 11
1739453024744 160.70952400604918 12
1739453024750 159.87283888924816 13
1739453024753 159.0358968846157 14
1739453024755 158.19944918187812 15
1739453024757 157.36402027226765 16
1739453024759 156.52997635041606 17
1739453024761 155.69757308145608 18
1739453024767 154.86698895626324 19
1739453024769 154.03834858204667 20
1739453024772 153.21173894468194 21
1739453024774 152.3872207633792 22
1739453024776 151.56483641857338 23
1739453024780 150.7446154871329 24
1739453024783 149.92657860696113 25
1739453024785 149.11074017517433 26
1739453024787 148.2971102318898 27
1739453024789 147.4856957754198 28
1739453024791 146.6765016804845 29
1739453024794 145.86953133926568 30
1739453024798 145.06478710895595 31
1739453024800 144.2622706242119 32
1739453024802 143.46198301528932 33
1739453024805 142.66392506033003 34
1739453024807 141.86809729167754 35
1739453024809 141.0745000700982 36
1739453024813 140.2831336365963 37
1739453024817 139.49399814858657 38
1739453024819 138.70709370514672 39
1739453024821 137.92242036464597 40
1739453024824 137.13997815705167 41
1739453024825 136.35976709252031 42
1739453024829 135.58178716739485 43
1739453024833 134.80603836839126 44
1739453024835 134.0325206755212 45
1739453024837 133.2612340641321 46
1739453024839 132.49217850633136 47
1739453024841 131.72535397198035 48
1739453024843 130.9607604293887 49
1739453024847 130.1983978457984 50
1739453024852 129.43826618772218 51
1739453024857 128.68036542117957 52
1739453024865 127.92469551186143 53
1739453024873 127.17125642524533 54
1739453024882 126.42004812667554 55
1739453024888 125.67107058141923 56
1739453024893 124.92432375470567 57
1739453024903 124.17980761175326 58
1739453024908 123.437522117789 59
1739453024913 122.69746723806146 60
1739453024920 121.95964293785028 61
1739453024926 121.22404918247258 62
1739453024934 120.49068593728757 63
1739453024939 119.75955316769965 64
1739453024945 119.03065083916073 65
1739453024950 118.30397891717159 66
1739453024956 117.5795373672832 67
1739453024961 116.85732615509744 68
1739453024967 116.13734524626744 69
1739453024972 115.4195946064983 70
1739453024978 114.70407420154697 71
1739453024986 113.99078399722282 72
1739453024991 113.2797239593876 73
1739453024998 112.57089405395548 74
1739453025004 111.8642942468933 75
1739453025008 111.1599245042205 76
1739453025013 110.4577847920092 77
1739453025020 109.75787507638435 78
1739453025025 109.06019532352356 79
1739453025033 108.36474549965733 80
1739453025039 107.67152557106893 81
1739453025042 106.98053550409452 82
1739453025046 106.29177526512316 83
1739453025050 105.60524482059674 84
1739453025055 104.92094413701015 85
1739453025057 104.23887318091124 86
1739453025060 103.55903191890079 87
1739453025065 102.88142031763257 88
1739453025068 102.20603834381343 89
1739453025070 101.53288596420322 90
1739453025072 100.86196314561487 91
1739453025075 100.19326985491438 92
1739453025077 99.5268060590209 93
1739453025082 98.8625717249067 94
1739453025085 98.20056681959721 95
1739453025088 97.54079131017104 96
1739453025091 96.88324516376005 97
1739453025093 96.22792834754932 98
1739453025102 95.57484082877716 99
