1739449385212 91.39760014389473 0
1739449385217 23.460669316428 1
1739449385221 0.7618460321678577 2
1739449385225 0.060921891650945484 3
1739449385229 0.17508492988142446 4
1739449385232 0.07933449755544984 5
1739449385235 0.054160633435508705 6
1739449385237 0.1627178469389576 7
1739449385241 0.08495123852031466 8
1739449385245 0.056427914185339094 9
1739449385249 0.11163495513093465 10
1739449385252 0.053932175647775846 11
1739449385255 0.531559680099755 12
1739449385258 0.05117129243887751 13
1739449385262 0.06488905694336927 14
1739449385265 0.5492358495693894 15
1739449385269 0.1049313709930826 16
1739449385272 0.7111102142882525 17
1739449385275 0.2271233065835943 18
1739449385279 0.16576004079730083 19
1739449385283 0.08187823476495772 20
1739449385286 0.13566511386804356 21
1739449385289 0.09663467586584763 22
1739449385292 0.07414303507039857 23
1739449385297 0.13084043691396405 24
1739449385302 0.15108952187589972 25
1739449385305 0.08340064560428583 26
1739449385308 0.037384776984180974 27
1739449385312 0.04939807240911204 28
1739449385316 0.1282510853354314 29
1739449385319 0.029462627472031277 30
1739449385321 0.03743991554586419 31
1739449385324 0.022963807348785233 32
1739449385328 0.10877559668913409 33
1739449385331 0.09122669063045413 34
1739449385334 0.1381414465312136 35
1739449385337 0.07700356836266799 36
1739449385339 0.04482671334966211 37
1739449385343 0.1289336168840579 38
1739449385347 0.3744311300530971 39
1739449385350 0.2566014967655022 40
1739449385353 0.1338653986445258 41
1739449385355 0.21467341309065557 42
1739449385358 0.44050911574770624 43
1739449385362 0.15478904922872316 44
1739449385366 0.11597969083335932 45
1739449385369 0.023071210909215288 46
1739449385371 0.11766851508075213 47
1739449385374 0.05469334071214766 48
1739449385378 0.13863346768215956 49
1739449385382 0.32265716539293704 50
1739449385384 0.01245532899226975 51
1739449385387 0.24750701618956153 52
1739449385390 0.08577574441362928 53
1739449385393 0.03345295086303751 54
1739449385398 0.045312460680770474 55
1739449385401 0.08628241768776986 56
1739449385404 0.22491988096654603 57
1739449385408 0.022446660171177066 58
1739449385412 0.028089332431780842 59
1739449385417 0.01877819512391615 60
1739449385420 0.16824117323201 61
1739449385423 0.13912068541909658 62
1739449385427 0.05339019181769453 63
1739449385432 0.12821883424074093 64
1739449385435 0.08913982857181055 65
1739449385438 0.039348597674013705 66
1739449385441 0.07780150989954893 67
1739449385445 0.16796216918893392 68
1739449385448 0.035424080722975135 69
1739449385450 0.14117129939224382 70
1739449385453 0.08104914321723605 71
1739449385456 0.1022650292983609 72
1739449385460 0.4263491661609235 73
1739449385463 0.03410491458272241 74
1739449385467 0.06824322296829645 75
1739449385470 0.369206384786912 76
1739449385472 0.006463839034813061 77
1739449385476 0.0812475962276584 78
1739449385481 0.1004519201337236 79
1739449385485 0.08904782249409815 80
1739449385488 0.38939517065530527 81
1739449385492 0.45437118048943637 82
1739449385496 0.02542820029974619 83
1739449385499 0.0819774943470213 84
1739449385501 0.022942321219492034 85
1739449385504 0.14083340045390508 86
1739449385506 0.1347251280930252 87
1739449385510 0.09561891696151904 88
1739449385514 0.08614050371806822 89
1739449385517 0.10097866768783013 90
1739449385520 0.06842673264083439 91
1739449385523 0.045767623428081834 92
1739449385526 0.20265750468371238 93
1739449385531 0.08008056351505329 94
1739449385533 0.05274078765372549 95
1739449385537 0.16557104040165338 96
1739449385539 0.26197635155596083 97
1739449385543 0.23629389393228584 98
1739449385547 0.5047292837422426 99
1739449385550 0.10943056770206767 100
1739449385553 0.010393511324400632 101
1739449385556 0.10589875348564426 102
1739449385559 0.0816292619463284 103
1739449385562 0.17466345999325117 104
1739449385565 0.06102224441309277 105
1739449385568 0.15624531273426165 106
1739449385571 0.2701088413905402 107
