1739450300027 136.74242223980187 0
1739450300035 108.35295644988005 1
1739450300043 89.93337435448562 2
1739450300049 69.30318445299059 3
1739450300056 53.64440555214871 4
1739450300072 39.20787965592843 5
1739450300088 24.199953888446707 6
1739450300107 14.48018572073283 7
1739450300121 7.284776014900312 8
1739450300128 2.8890796548804256 9
1739450300133 0.6866222155473988 10
1739450300142 0.15967541135539548 11
1739450300151 0.1818209067875491 12
1739450300156 0.21115306500181089 13
1739450300161 0.05824747717317895 14
1739450300166 0.11254516383900078 15
1739450300171 0.06509831483022843 16
1739450300175 0.06676641536334786 17
1739450300181 0.10540938152994905 18
1739450300185 0.2730827870840179 19
1739450300188 0.11630224408234749 20
1739450300192 0.05482818805745522 21
1739450300197 0.36458210423562754 22
1739450300201 0.21032463563926096 23
1739450300205 0.07642750244232008 24
1739450300209 0.1704938879283344 25
1739450300215 0.1082654986286593 26
1739450300220 0.17462778262936285 27
1739450300223 0.13492003761554378 28
1739450300229 0.1920906261694329 29
1739450300234 0.39375957236862535 30
1739450300237 0.19491839709561 31
1739450300240 0.11550819006915507 32
1739450300247 0.12583532666836245 33
1739450300252 0.13099374134200725 34
1739450300255 0.09068379521713034 35
