1739453037900 168.91119730653813 0
1739453037903 167.70450907655302 1
1739453037905 166.0581529567317 2
1739453037908 164.06672864749626 3
1739453037911 161.80781952218834 4
1739453037914 159.34452319872494 5
1739453037917 156.7278260541258 6
1739453037920 153.9987199886751 7
1739453037922 151.1900291851919 8
1739453037924 148.32795227980938 9
1739453037927 145.43334407612835 10
1739453037930 142.52276862276932 11
1739453037932 139.60935698775336 12
1739453037935 136.70350132851513 13
1739453037937 133.81341360307061 14
1739453037939 130.94557348775493 15
1739453037942 128.10508630301098 16
1739453037944 125.29596827540952 17
1739453037947 122.52137339894817 18
1739453037950 119.78377353079237 19
1739453037952 117.08510114794991 20
1739453037955 114.42686236133304 21
1739453037957 111.81022628325202 22
1739453037959 109.23609562400307 23
1739453037963 106.70516240666528 24
1739453037966 104.217951895513 25
1739453037968 101.77485719728963 26
1739453037970 99.37616648623205 27
1739453037973 97.02208439848468 28
1739453037975 94.71274881910918 29
1739453037979 92.44824402875916 30
1739453037983 90.22861097387434 31
1739453037985 88.05385526318454 32
1739453037988 85.92395336576053 33
1739453037990 83.83885738489445 34
1739453037993 81.79849870222424 35
1739453037999 79.80279072334373 36
1739453038002 77.85163090617287 37
1739453038004 75.94490221383025 38
1739453038006 74.0824741024542 39
1739453038009 72.26420312961967 40
1739453038013 70.48993324931452 41
1739453038017 68.75949584378273 42
1739453038019 67.07270953004915 43
1739453038022 65.42937976893116 44
1739453038024 63.82929829628074 45
1739453038027 62.27224238966539 46
1739453038030 60.7579739783597 47
1739453038033 59.28623860013044 48
1739453038035 57.85676420466517 49
1739453038037 56.469259800483904 50
1739453038040 55.12341393969563 51
1739453038042 53.818893032975545 52
1739453038045 52.55533948564629 53
1739453038048 51.332369644800785 54
1739453038050 50.14957154711054 55
1739453038053 49.00650245749614 56
1739453038055 47.90268619044072 57
1739453038058 46.837610208747655 58
1739453038061 45.810722499427314 59
1739453038064 44.82142823372296 60
1739453038067 43.86908622876778 61
1739453038069 42.95300524286135 62
1739453038071 42.07244015584584 63
1739453038074 41.226588111597216 64
1739453038076 40.41458473222766 65
1739453038080 39.63550055396702 66
1739453038082 38.88833788302317 67
1739453038085 38.17202832511482 68
1739453038088 37.485431302223276 69
1739453038091 36.82733392934191 70
1739453038094 36.19645267429734 71
1739453038097 35.591437253028786 72
1739453038100 35.010877205484356 73
1739453038104 34.453311535895956 74
1739453038107 33.91724166915455 75
1739453038109 33.40114776209461 76
1739453038113 32.90350811709958 77
1739453038117 32.42282109641495 78
1739453038119 31.957628570839884 79
1739453038122 31.506539615598722 80
1739453038124 31.06825295539539 81
1739453038127 30.64157661617293 82
1739453038130 30.225443391831636 83
1739453038132 29.818921070246258 84
1739453038135 29.421216835527705 85
1739453038137 29.031675796486955 86
1739453038140 28.64977410072768 87
1739453038142 28.275107507961835 88
1739453038145 27.90737656952944 89
1739453038148 27.546369679375914 90
1739453038150 27.1919452379697 91
1739453038153 26.844014036249344 92
1739453038155 26.502522760961764 93
1739453038157 26.167439284013632 94
1739453038160 25.838740158331444 95
1739453038163 25.51640052366662 96
1739453038166 25.20038644110315 97
1739453038168 24.89064953044089 98
1739453038171 24.587123680384035 99
