1739451205100 42.65963949622942 0
1739451205106 0.13482518550674516 1
1739451205114 0.12440688014776861 2
1739451205122 0.2234544991157929 3
1739451205130 0.19112345148729692 4
1739451205137 0.12094979750107863 5
1739451205143 0.20917239728163137 6
1739451205149 0.1212306610377154 7
1739451205153 0.2424661025673514 8
1739451205156 0.1573980856753801 9
1739451205161 0.1559810885011997 10
1739451205165 0.1275619893514899 11
1739451205169 0.12920470923540114 12
1739451205173 0.14451255370031663 13
1739451205177 0.16886386750972082 14
1739451205183 0.11144614138763895 15
1739451205188 0.12313152191002028 16
1739451205194 0.11871550833845981 17
1739451205199 0.1636182033839883 18
1739451205205 0.07980373293657464 19
1739451205211 0.12441366659693118 20
1739451205217 0.09033141453539904 21
1739451205221 0.2365715829471422 22
1739451205225 0.1516459539682526 23
1739451205232 0.08422359951083712 24
1739451205236 0.2886284431463256 25
1739451205240 0.41677214553361547 26
