1739297730830 135.93300518326066 0
1739297730832 96.67373905184247 1
1739297730835 66.69176443007754 2
1739297730838 49.65831559909399 3
1739297730841 23.778340473844125 4
1739297730846 12.241961959816177 5
1739297730849 8.214082204746177 6
1739297730851 1.617654863013103 7
1739297730853 0.1575412213652215 8
1739297730855 0.0725114902284479 9
1739297730858 0.14795321982431192 10
1739297730864 0.09234017513006548 11
1739297730867 0.1083388189074927 12
1739297730869 0.3163905699713639 13
1739297730871 0.279943231789246 14
1739297730873 0.08477431063861134 15
1739297730877 0.47927611824333805 16
1739297730882 0.05231938977379014 17
1739297730884 0.023857061350468552 18
1739297730886 0.20801058520268362 19
1739297730889 0.0903829192846046 20
1739297730891 0.09135285713263239 21
1739297730896 0.2642438703627723 22
1739297730898 0.08944465639137678 23
1739297730900 0.014432471290869515 24
1739297730903 0.08757406841948018 25
1739297730905 0.12764812303520862 26
1739297730907 0.20865441976250096 27
1739297730910 0.08869638377206741 28
1739297730913 0.30779810500801247 29
