1739453025805 168.92543757006746 0
1739453025809 168.05952327894013 1
1739453025813 167.19573021070664 2
1739453025817 166.33409335963648 3
1739453025820 165.47463727444716 4
1739453025822 164.61737907809987 5
1739453025825 163.7623306611 6
1739453025829 162.90950024959548 7
1739453025832 162.05889351468545 8
1739453025835 161.21051435147825 9
1739453025837 160.3643654234308 10
1739453025840 159.5204485413083 11
1739453025843 158.67876492631842 12
1739453025846 157.83931539246993 13
1739453025849 157.00210047277128 14
1739453025852 156.16712050646944 15
1739453025854 155.33437569930584 16
1739453025857 154.50386616510704 17
1739453025859 153.67559195447578 18
1739453025863 152.8495530745744 19
1739453025867 152.0257495027601 20
1739453025873 151.20418119597937 21
1739453025877 150.38484809723792 22
1739453025885 149.56775014005555 23
1739453025888 148.75288725153192 24
1739453025892 147.9402593544558 25
1739453025900 147.12986636875587 26
1739453025904 146.32170821249827 27
1739453025909 145.51578480257177 28
1739453025916 144.71209605515884 29
1739453025919 143.9106418860587 30
1739453025921 143.11142221090935 31
1739453025924 142.3144369453395 32
1739453025926 141.51968600507286 33
1739453025930 140.72716930599947 34
1739453025933 139.93688676422434 35
1739453025936 139.14883829610082 36
1739453025939 138.36302381825328 37
1739453025944 137.57944324759217 38
1739453025950 136.79809650132475 39
1739453025953 136.01898349696162 40
1739453025957 135.24210415232164 41
1739453025960 134.46745838553468 42
1739453025967 133.69504611504362 43
1739453025973 132.9248672596054 44
1739453025975 132.15692173829171 45
1739453025981 131.39120947048926 46
1739453025986 130.6277303758997 47
1739453025988 129.86648437453954 48
1739453025991 129.10747138674006 49
1739453025997 128.35069133314664 50
1739453026005 127.59614413471876 51
1739453026009 126.84382971272926 52
1739453026025 126.09374798876415 53
1739453026033 125.34589888472198 54
1739453026039 124.60028232281343 55
1739453026046 123.8568982255609 56
1739453026054 123.11574651579785 57
1739453026057 122.37682711666852 58
1739453026060 121.6401399516273 59
1739453026069 120.90568494443829 60
1739453026073 120.17346201917469 61
1739453026080 119.44347110021847 62
1739453026088 118.71571211225975 63
1739453026093 117.99018498029633 64
1739453026102 117.26688962963318 65
1739453026106 116.54582598588192 66
1739453026108 115.82699397496029 67
1739453026111 115.11039352309173 68
1739453026117 114.39602455680473 69
1739453026120 113.68388700293242 70
1739453026122 112.97398078861204 71
1739453026125 112.26630584128434 72
1739453026130 111.56086208869317 73
1739453026135 110.85764945888484 74
1739453026137 110.15666788020772 75
1739453026140 109.45791728131168 76
1739453026142 108.7613975911475 77
1739453026149 108.06710873896628 78
1739453026153 107.37505065431921 79
1739453026155 106.68522326705673 80
1739453026157 105.99762650732809 81
1739453026164 105.31226030558085 82
1739453026170 104.62912459256034 83
1739453026176 103.94821929930912 84
1739453026184 103.26954435716632 85
1739453026188 102.59309969776737 86
1739453026191 101.91888525304316 87
1739453026193 101.24690095521969 88
1739453026200 100.57714673681737 89
1739453026204 99.90962253065067 90
1739453026207 99.24432826982736 91
1739453026209 98.58126388774815 92
1739453026214 97.92042931810596 93
1739453026218 97.26182449488547 94
1739453026220 96.60544935236256 95
1739453026224 95.95130382510368 96
1739453026229 95.29938784796535 97
1739453026233 94.64970135609363 98
1739453026235 94.00224428492344 99
