1739453066364 104.4558540899588 0
1739453066369 50.96325214861562 1
1739453066373 38.96524001616839 2
1739453066379 18.29964308276064 3
1739453066383 28.288708805075284 4
1739453066388 23.552501252015315 5
1739453066393 14.949903878566213 6
1739453066398 7.579662974940332 7
1739453066403 14.476861898870574 8
1739453066407 8.45704512001777 9
1739453066414 7.484692238984528 10
1739453066420 6.567253606007391 11
1739453066429 4.091282754421195 12
1739453066434 2.1154326663873912 13
1739453066439 2.1243888474795476 14
1739453066445 3.5530486027547576 15
1739453066740 0.8960525160413194 16
1739453066749 1.2358301201292252 17
1739453066755 0.7352796429749917 18
1739453066760 0.47526718750679947 19
1739453066765 0.3251084925812826 20
1739453066769 0.2769366066914819 21
1739453066773 0.16156035913269262 22
1739453066777 0.17981559555817606 23
1739453066782 0.129555256918465 24
1739453066786 0.16104360915168886 25
1739453066790 0.12764193111394653 26
1739453066795 0.11559187431493026 27
1739453066799 0.10353940846541904 28
1739453066804 0.09652032657230541 29
1739453066807 0.06600412791280506 30
1739453066813 0.12532853500383814 31
1739453066818 0.12414205469343502 32
1739453066822 0.11407485698602382 33
1739453066827 0.09126597784265789 34
1739453066832 0.09626412317464006 35
1739453066836 0.1810658707697915 36
1739453066840 0.08010680627803435 37
1739453066846 0.1598228585991214 38
1739453066850 0.08000295882641471 39
