1739451706040 39.72734494275861 0
1739451706046 0.2571312662569102 1
1739451706054 0.1448027054249051 2
1739451706060 0.1298221676932562 3
1739451706064 0.1426080792617676 4
1739451706072 0.25477164910412775 5
1739451706078 0.05700410374246839 6
1739451706084 0.17523567117456199 7
1739451706091 0.1366216057896745 8
1739451706096 0.18831716858403702 9
1739451706102 0.17407264930713226 10
1739451706110 0.18953358039578913 11
1739451706116 0.2242999822787471 12
1739451706122 0.08136774324195015 13
1739451706130 0.13103416729190182 14
1739451706139 0.06989727687090555 15
1739451706143 0.09905522040458457 16
1739451706147 0.16740676919280495 17
1739451706155 0.08089801536951464 18
1739451706161 0.135967247143018 19
1739451706169 0.07655293098765503 20
1739451706177 0.06940964657349517 21
1739451706182 0.07876251751635424 22
1739451706188 0.10069033002692811 23
1739451706193 0.2347164338842275 24
1739451706197 0.08142638634994223 25
1739451706204 0.11607149950736047 26
1739451706209 0.20367205511593203 27
1739451706214 0.14250190478017183 28
1739451706223 0.08181967179523567 29
1739451706230 0.09789025965863422 30
1739451706237 0.22692226702133458 31
