1739449906410 138.49018487212513 0
1739449906414 113.15962292828205 1
1739449906420 82.27915414631381 2
1739449906423 61.53207270876175 3
1739449906426 45.429782952408516 4
1739449906431 27.197998724984647 5
1739449906437 15.969264744993588 6
1739449906440 7.076485819539246 7
1739449906444 1.7532071698430036 8
1739449906449 0.33344153160480877 9
1739449906454 0.2721692526207149 10
1739449906458 0.20948680973896194 11
1739449906466 0.10332791713782888 12
1739449906473 0.11235702643252807 13
1739449906478 0.15721172757354893 14
1739449906485 0.14139195555278275 15
1739449906490 0.21481183499915094 16
1739449906493 0.15763554705108054 17
1739449906496 0.1871348246823866 18
1739449906502 0.08436555999703035 19
1739449906506 0.16809781733722054 20
1739449906509 0.10467184482840866 21
1739449906514 0.07506142619644912 22
