1739449870722 35.61535551980316 0
1739449870726 24.99268093664781 1
1739449870730 8.269378268665408 2
1739449870736 3.4668817550738926 3
1739449870741 1.0594164019331973 4
1739449870745 0.4538947456078749 5
1739449870749 0.3283660859188649 6
1739449870757 0.1937944694854676 7
1739449870761 0.1073096846481936 8
1739449870766 0.09168847546961491 9
1739449870773 0.08258327018568651 10
1739449870777 0.16176479359534784 11
1739449870782 0.3204506807138909 12
1739449870791 0.09711073501179544 13
1739449870795 0.1467256399866024 14
1739449870800 0.220236575491567 15
1739449870806 0.16118522807581112 16
1739449870810 0.1766682612870713 17
1739449870813 0.12011030796103407 18
1739449870819 0.19963902297935268 19
1739449870824 0.13794207490626612 20
1739449870827 0.14298157973076858 21
1739449870831 0.13533029065842556 22
1739449870837 0.16155287288656783 23
1739449870841 0.2894082004021243 24
1739449870844 0.11420094611396785 25
1739449870849 0.32860358044871635 26
1739449870855 0.08164128193202452 27
