1739451694327 168.90082104802957 0
1739451694330 168.08199609636767 1
1739451694333 166.66519665396444 2
1739451694338 164.71785932612025 3
1739451694341 162.30414387966553 4
1739451694344 159.48445820928285 5
1739451694346 156.31519621114478 6
1739451694349 152.84863455533267 7
1739451694355 149.1329460610577 8
1739451694358 145.21229671651713 9
1739451694361 141.12700081255542 10
1739451694363 136.91371455174036 11
1739451694366 132.60565315544548 12
1739451694371 128.23282016594354 13
1739451694374 123.82224052576501 14
1739451694376 119.39819127160209 15
1739451694379 114.98242543266396 16
1739451694381 110.59438607624848 17
1739451694386 106.25140847867787 18
1739451694390 101.9689091834832 19
1739451694393 97.76056129334934 20
1739451694395 93.63845576962456 21
1739451694397 89.61324881621765 22
1739451694403 85.69429562942668 23
1739451694407 81.88977092186532 24
1739451694410 78.20677669261423 25
1739451694412 74.65143772850504 26
1739451694417 71.22898529118001 27
1739451694422 67.94382937651352 28
1739451694425 64.79961982987535 29
1739451694428 61.799296463104525 30
1739451694432 58.945128145692664 31
1739451694438 56.2387406311156 32
1739451694443 53.6811326271257 33
1739451694446 51.27267932625456 34
1739451694448 49.01312228724323 35
1739451694454 46.90154422366953 36
1739451694457 44.936326970329915 37
1739451694460 43.11509078206094 38
1739451694462 41.43461340696689 39
1739451694465 39.89072848250574 40
1739451694470 38.47820540541878 41
1739451694474 37.19061788346427 42
1739451694477 36.02021691858517 43
1739451694479 34.95783633976934 44
1739451694482 33.9928732468905 45
1739451694486 33.11339558798157 46
1739451694490 32.306423931283504 47
1739451694493 31.558404830604456 48
1739451694495 30.85584159622449 49
1739451694497 30.18599543699396 50
1739451694502 29.537543643483033 51
1739451694506 28.90109501601716 52
1739451694510 28.269505258508353 53
1739451694512 27.637983268221817 54
1739451694517 27.00401499298183 55
1739451694521 26.367149021712702 56
1739451694524 25.728690560941647 57
1739451694527 25.091344106907247 58
1739451694530 24.4588352670375 59
1739451694534 23.835532172980123 60
1739451694539 23.226078481207054 61
1739451694541 22.635043868916835 62
1739451694544 22.066594708423416 63
1739451694546 21.5241879130051 64
1739451694548 21.010295770257578 65
1739451694554 20.526179686308627 66
1739451694557 20.071744942685896 67
1739451694560 19.645520603389468 68
1739451694562 19.24480601355483 69
1739451694565 18.86599551210086 70
1739451694570 18.505039377917015 71
1739451694573 18.15794858335783 72
1739451694576 17.821235494186528 73
1739451694578 17.4922095499915 74
1739451694580 17.169095218715707 75
1739451694584 16.85098295924249 76
1739451694590 16.537650161123207 77
1739451694593 16.229299866650045 78
1739451694595 15.926267815366554 79
1739451694598 15.62874855645704 80
1739451694603 15.336589526508448 81
1739451694606 15.049193421127955 82
1739451694609 14.765548178044702 83
1739451694611 14.484371306839892 84
1739451694613 14.204322952895312 85
1739451694616 13.924225895839099 86
1739451694621 13.64323751697152 87
1739451694624 13.360941643780718 88
1739451694627 13.077354074348296 89
1739451694629 12.792855229802015 90
1739451694631 12.5080742506017 91
1739451694636 12.22375257046573 92
1739451694640 11.940613953684705 93
1739451694643 11.659263546901428 94
1739451694646 11.380131038673023 95
1739451694648 11.10346292321903 96
1739451694653 10.829357661310706 97
1739451694657 10.557828070372551 98
1739451694660 10.288870504377094 99
