1739451205314 37.98935045421906 0
1739451205319 0.18181477230607668 1
1739451205323 0.15016344451851185 2
1739451205328 0.24068584865490775 3
1739451205336 0.05262096831947401 4
1739451205341 0.1391402473330097 5
1739451205347 0.31572356913550803 6
1739451205352 0.19450117564229985 7
1739451205357 0.23494831222979773 8
1739451205363 0.15887354709932952 9
1739451205369 0.21654203960339996 10
1739451205377 0.3329597693521069 11
1739451205384 0.13863567794001583 12
1739451205388 0.20865438116133678 13
1739451205393 0.13252745843264338 14
1739451205401 0.20751889215754446 15
1739451205406 0.20207484988104665 16
1739451205410 0.25137458671511265 17
1739451205417 0.09644496035419202 18
1739451205423 0.1008496144006364 19
1739451205431 0.17034636834283104 20
1739451205437 0.07448955582724513 21
1739451205442 0.2295282353840519 22
1739451205449 0.19736515229770493 23
1739451205454 0.09131913715326047 24
1739451205459 0.13909442431014205 25
1739451205465 0.17254663598409087 26
1739451205473 0.13108357913566027 27
1739451205478 0.16612229733680495 28
1739451205485 0.10353776976421651 29
1739451205490 0.21529446487149653 30
1739451205495 0.16239976468784026 31
1739451205502 0.19565434220002048 32
1739451205505 0.18090862900988888 33
1739451205511 0.1399275371853723 34
1739451205518 0.07791883367632495 35
1739451205523 0.13573216578808972 36
1739451205529 0.24718740564557282 37
1739451205535 0.12359193605052196 38
1739451205539 0.18960808763249673 39
1739451205544 0.14485220013463915 40
1739451205550 0.06886503436231699 41
1739451205554 0.16265041722738183 42
1739451205559 0.27141625187759894 43
1739451205565 0.07810153399140093 44
1739451205571 0.2357857996538773 45
1739451205576 0.2422143132929407 46
1739451205584 0.15074359191328035 47
1739451205589 0.2384650656234415 48
1739451205595 0.10514443640727113 49
1739451205602 0.1708712119043211 50
