1739453021456 168.91407275456154 0
1739453021458 167.93546275448222 1
1739453021461 166.95971635224495 2
1739453021466 165.98747943912102 3
1739453021468 165.01894164290422 4
1739453021470 164.05415809558227 5
1739453021472 163.09314431469303 6
1739453021474 162.135904151035 7
1739453021476 161.1824380159258 8
1739453021480 160.23274530201843 9
1739453021485 159.28682509525416 10
1739453021487 158.3446763840909 11
1739453021489 157.40629812089452 12
1739453021491 156.4716892398723 13
1739453021494 155.54084866223587 14
1739453021499 154.61377529761154 15
1739453021502 153.6904680443472 16
1739453021504 152.77092578949424 17
1739453021506 151.85514740869138 18
1739453021508 150.94313176601855 19
1739453021510 150.03487771383982 20
1739453021515 149.13038409264118 21
1739453021518 148.22964973086462 22
1739453021520 147.33267344473933 23
1739453021523 146.43945403810997 24
1739453021525 145.5499903022615 25
1739453021529 144.66428101574147 26
1739453021534 143.78232494417864 27
1739453021537 142.9041208400989 28
1739453021539 142.02966744273752 29
1739453021541 141.15896347784832 30
1739453021543 140.2920076575094 31
1739453021547 139.4287986799252 32
1739453021550 138.56933522922526 33
1739453021552 137.71361597525927 34
1739453021554 136.86163957338826 35
1739453021556 136.0134046642724 36
1739453021558 135.16890987365437 37
1739453021560 134.32815381213948 38
1739453021564 133.49113507497103 39
1739453021567 132.6578522418022 40
1739453021569 131.82830387646334 41
1739453021571 131.00248852672505 42
1739453021574 130.18040472405693 43
1739453021576 129.362050983382 44
1739453021578 128.54742580282615 45
1739453021583 127.73652766346322 46
1739453021586 126.92935502905515 47
1739453021588 126.12590634578751 48
1739453021591 125.32618004199958 49
1739453021593 124.53017452790981 50
1739453021597 123.73788819533563 51
1739453021601 122.9493194174083 52
1739453021603 122.1644665482821 53
1739453021605 121.38332792283796 54
1739453021607 120.60590185638141 55
1739453021610 119.83218664433487 56
1739453021614 119.0621805619237 57
1739453021617 118.29588186385628 58
1739453021619 117.53328878399809 59
1739453021621 116.77439953503898 60
1739453021623 116.01921230815438 61
1739453021625 115.26772527265946 62
1739453021628 114.51993657565683 63
1739453021632 113.77584434167693 64
1739453021634 113.03544667231169 65
1739453021636 112.2987416458405 66
1739453021638 111.56572731684898 67
1739453021640 110.83640171583994 68
1739453021643 110.1107628488369 69
1739453021650 109.38880869697907 70
1739453021654 108.67053721610861 71
1739453021656 107.95594633634936 72
1739453021660 107.24503396167697 73
1739453021666 106.53779796948035 74
1739453021668 105.8342362101142 75
1739453021671 105.13434650644217 76
1739453021673 104.43812665337089 77
1739453021675 103.74557441737417 78
1739453021677 103.0566875360075 79
1739453021682 102.3714637174125 80
1739453021686 101.68990063981087 81
1739453021688 101.01199595098797 82
1739453021690 100.33774726776561 83
1739453021692 99.66715217546367 84
1739453021696 99.00020822735036 85
1739453021700 98.33691294408109 86
1739453021702 97.67726381312524 87
1739453021704 97.02125828818093 88
1739453021706 96.36889378857725 89
1739453021708 95.72016769866377 90
1739453021710 95.07507736718694 91
1739453021715 94.43362010665325 92
1739453021718 93.79579319267857 93
1739453021720 93.16159386332352 94
1739453021722 92.53101931841435 95
1739453021724 91.90406671884934 96
1739453021726 91.28073318588997 97
1739453021729 90.6610158004366 98
1739453021732 90.04491160228847 99
