1739449978217 168.91407275456154 0
1739449978221 168.64044358184674 1
1739449978223 168.3670303281665 2
1739449978225 168.0938390117668 3
1739449978230 167.82086993254407 4
1739449978234 167.54812310481415 5
1739449978236 167.2755985286321 6
1739449978238 167.00329620334077 7
1739449978240 166.73121612824752 8
1739449978243 166.45935830265807 9
1739449978247 166.18772272587788 10
1739449978249 165.91630939721261 11
1739449978251 165.64511831596792 12
1739449978252 165.3741494814494 13
1739449978254 165.1034028929628 14
1739449978255 164.8328785498139 15
1739449978257 164.56257645130836 16
1739449978261 164.29249659675204 17
1739449978263 164.0226389854508 18
1739449978265 163.75300361671046 19
1739449978268 163.48359048983693 20
1739449978269 163.21439960413616 21
1739449978271 162.9454309589141 22
1739449978272 162.67668455347678 23
1739449978275 162.40816038713015 24
1739449978278 162.13985845918035 25
1739449978281 161.8717787689335 26
1739449978283 161.60392131569566 27
1739449978285 161.33628609877306 28
1739449978286 161.06887311747187 29
1739449978288 160.8016823710983 30
1739449978290 160.5347138589587 31
1739449978291 160.26796758035928 32
1739449978296 160.00144353460644 33
1739449978299 159.73514172100647 34
1739449978301 159.46906213886587 35
1739449978302 159.20320478749096 36
1739449978304 158.93756966618832 37
1739449978306 158.67215677426438 38
1739449978308 158.40696611102572 39
1739449978311 158.14199767577887 40
1739449978313 157.87725146783046 41
1739449978316 157.6127274864871 42
1739449978317 157.34842573105547 43
1739449978319 157.0843462008423 44
1739449978321 156.82048889515428 45
1739449978323 156.5568538132982 46
1739449978324 156.2934409545809 47
1739449978328 156.03025031830916 48
1739449978332 155.7672819037899 49
1739449978334 155.50453571032998 50
1739449978336 155.24201173723634 51
1739449978337 154.979709983816 52
1739449978339 154.71763044937595 53
1739449978340 154.45577313322323 54
1739449978343 154.1941380346649 55
1739449978346 153.93272515300805 56
1739449978348 153.67153448755988 57
1739449978350 153.41056603762752 58
1739449978352 153.1498198025182 59
1739449978354 152.88929578153918 60
1739449978355 152.62899397399767 61
1739449978357 152.36891437920102 62
1739449978359 152.10905699645662 63
1739449978363 151.8494218250718 64
1739449978365 151.59000886435396 65
1739449978367 151.3308181136106 66
1739449978368 151.07184957214918 67
1739449978370 150.81310323927718 68
1739449978372 150.5545791143022 69
1739449978373 150.2962771965318 70
1739449978376 150.03819748527363 71
1739449978380 149.78033997983528 72
1739449978382 149.5227046795245 73
1739449978384 149.26529158364897 74
1739449978385 149.0081006915165 75
1739449978387 148.75113200243476 76
1739449978389 148.4943855157117 77
1739449978390 148.2378612306551 78
1739449978393 147.98155914657295 79
1739449978396 147.72547926277306 80
1739449978398 147.46962157856345 81
1739449978400 147.2139860932521 82
1739449978401 146.95857280614706 83
1739449978403 146.70338171655635 84
1739449978406 146.44841282378812 85
1739449978407 146.19366612715046 86
1739449978413 145.9391416259516 87
1739449978416 145.68483931949964 88
1739449978420 145.43075920710294 89
1739449978423 145.1769012880697 90
1739449978425 144.92326556170815 91
1739449978428 144.6698520273268 92
1739449978432 144.41666068423393 93
1739449978436 144.16369153173792 94
1739449978438 143.9109445691473 95
1739449978441 143.6584197957704 96
1739449978444 143.40611721091597 97
1739449978449 143.15403681389233 98
1739449978452 142.9021786040082 99
