1739450211569 145.94519387933875 0
1739450211574 114.5077447840359 1
1739450211579 88.64521079648323 2
1739450211588 65.33041806544416 3
1739450211598 46.95074734084083 4
1739450211609 30.720179671351563 5
1739450211618 18.66433624131928 6
1739450211625 9.413985930455087 7
1739450211632 2.7865029690961776 8
1739450211640 0.38218461023522593 9
1739450211650 0.2397203437218066 10
1739450211660 0.18006982624955178 11
1739450211670 0.12255995311180475 12
1739450211678 0.11923774444600495 13
1739450211687 0.1372312754879574 14
1739450211693 0.18841122859089832 15
1739450211700 0.12373636491198554 16
1739450211705 0.08151410759045775 17
1739450211710 0.12152757849315159 18
1739450211717 0.2125793441045334 19
1739450211723 0.19610713682238387 20
