1739450741943 135.15923179294646 0
1739450741956 109.10388637157163 1
1739450741969 82.00330919550137 2
1739450741981 61.77574598869393 3
1739450741993 42.64081630596202 4
1739450742005 23.733353122725454 5
1739450742015 14.728810658242868 6
1739450742025 6.900101674330591 7
1739450742036 2.006078899257228 8
1739450742046 0.2657315379326034 9
1739450742057 0.1308717942947435 10
1739450742066 0.10858282700106199 11
1739450742078 0.12554891577016125 12
1739450742088 0.13689146241858313 13
1739450742096 0.262532337902988 14
1739450742104 0.16781209064494743 15
1739450742112 0.14841723743528543 16
1739450742119 0.1603748155269176 17
1739450742126 0.2526732551878836 18
1739450742130 0.08699830006720391 19
