1739453034205 168.91407275456154 0
1739453034207 167.61657348380612 1
1739453034209 166.32402377229639 2
1739453034217 165.0364367402598 3
1739453034224 163.75382295223756 4
1739453034226 162.47619087342798 5
1739453034230 161.2035472591369 6
1739453034233 159.93589748110693 7
1739453034236 158.6732457973332 8
1739453034239 157.4155955729365 9
1739453034242 156.16294945959453 10
1739453034246 154.91530954044313 11
1739453034250 153.67267744654416 12
1739453034253 152.43505445014958 13
1739453034255 151.20244153915888 14
1739453034257 149.97483947641646 15
1739453034259 148.7522488468395 16
1739453034266 147.53467009481164 17
1739453034268 146.32210355381116 18
1739453034270 145.11454946985828 19
1739453034273 143.9120080200524 20
1739453034275 142.71447932721458 21
1739453034278 141.52196347144428 22
1739453034283 140.33446049923526 23
1739453034286 139.1519704306609 24
1739453034288 137.974493265035 25
1739453034290 136.80202898536947 26
1739453034292 135.63457756188222 27
1739453034297 134.47213895475713 28
1739453034301 133.31471311631395 29
1739453034303 132.16229999271397 30
1739453034306 131.01489952529982 31
1739453034308 129.872511651648 32
1739453034311 128.73513630639462 33
1739453034316 127.60277342188353 34
1739453034319 126.47542292867452 35
1739453034321 125.35308475594181 36
1739453034323 124.23575883178607 37
1739453034325 123.12344508347896 38
1739453034329 122.01614343765426 39
1739453034332 120.91385382045769 40
1739453034335 119.81657615766376 41
1739453034337 118.72431037476716 42
1739453034339 117.63705639705417 43
1739453034341 116.55481414965816 44
1739453034344 115.47758355760305 45
1739453034348 114.4053645458369 46
1739453034351 113.33815703925826 47
1739453034353 112.27596096273656 48
1739453034355 111.21877624112767 49
1739453034357 110.16660279928632 50
1739453034359 109.1194405620754 51
1739453034364 108.07728945437316 52
1739453034368 107.04014940107875 53
1739453034370 106.00802032711658 54
1739453034373 104.98090215743922 55
1739453034375 103.95879481703 56
1739453034379 102.94169823090473 57
1739453034384 101.92961232411278 58
1739453034386 100.92253702173832 59
1739453034388 99.9204722489006 60
1739453034391 98.9234179307544 61
1739453034396 97.93137399249034 62
1739453034401 96.94434035933483 63
1739453034404 95.96231695654996 64
1739453034407 94.98530370943345 65
1739453034409 94.01330054331841 66
1739453034414 93.04630738357301 67
1739453034418 92.08432415560021 68
1739453034421 91.12735078483743 69
1739453034423 90.17538719675609 70
1739453034425 89.22843331686124 71
1739453034429 88.28648907069116 72
1739453034433 87.34955438381687 73
1739453034435 86.4176291818416 74
1739453034437 85.49071339040047 75
1739453034439 84.56880693515978 76
1739453034442 83.65190974181665 77
1739453034444 82.74002173609843 78
1739453034448 81.83314284376213 79
1739453034451 80.93127299059387 80
1739453034453 80.03441210240833 81
1739453034455 79.14256010504815 82
1739453034458 78.25571692438328 83
1739453034461 77.37388248631042 84
1739453034466 76.49705671675238 85
1739453034469 75.62523954165735 86
1739453034471 74.75843088699833 87
1739453034473 73.89663067877235 88
1739453034475 73.03983884299984 89
1739453034480 72.18805530572392 90
1739453034484 71.3412799930096 91
1739453034486 70.49951283094302 92
1739453034488 69.66275374563074 93
1739453034491 68.83100266319889 94
1739453034493 68.00425950979239 95
1739453034499 67.18252421157408 96
1739453034502 66.36579669472384 97
1739453034505 65.55407688543785 98
1739453034507 64.74736470992744 99
