1739449986233 168.90082104802957 0
1739449986236 168.61180119437918 1
1739449986239 168.32302289098826 2
1739449986242 168.03449232218506 3
1739449986248 167.7462101009646 4
1739449986250 167.45817628599818 5
1739449986252 167.17039088081955 6
1739449986254 166.88285388348007 7
1739449986256 166.59556529148784 8
1739449986260 166.30852510229892 9
1739449986264 166.02173331336613 10
1739449986266 165.73518992214397 11
1739449986268 165.44889492608925 12
1739449986270 165.16284832266078 13
1739449986274 164.8770501093197 14
1739449986280 164.59150028352934 15
1739449986283 164.30619884275524 16
1739449986285 164.02114578446515 17
1739449986287 163.7363411061291 18
1739449986290 163.4517848052192 19
1739449986292 163.1674768792099 20
1739449986296 162.8834173255778 21
1739449986299 162.59960614180173 22
1739449986301 162.31604332536278 23
1739449986303 162.0327288737442 24
1739449986305 161.74966278443142 25
1739449986307 161.46684505491217 26
1739449986310 161.18427568267637 27
1739449986314 160.90195466521618 28
1739449986316 160.61988200002585 29
1739449986319 160.33805768460198 30
1739449986321 160.0564817164434 31
1739449986323 159.77515409305101 32
1739449986331 159.49407481192807 33
1739449986334 159.21324387057996 34
1739449986336 158.9326612665144 35
1739449986339 158.65232699724118 36
1739449986342 158.3722410602724 37
1739449986346 158.09240345312233 38
1739449986348 157.81281417330746 39
1739449986350 157.5334732183466 40
1739449986351 157.25438058576057 41
1739449986353 156.9755362730726 42
1739449986355 156.69694027780807 43
1739449986356 156.41859259749452 44
1739449986358 156.14049322966184 45
1739449986362 155.862642171842 46
1739449986364 155.58503942156923 47
1739449986366 155.30768497638007 48
1739449986367 155.03057883381314 49
1739449986369 154.75372099140935 50
1739449986371 154.4771114467118 51
1739449986372 154.2007501972659 52
1739449986376 153.92463724061912 53
1739449986381 153.6487725743213 54
1739449986383 153.37315619592437 55
1739449986385 153.0977881029826 56
1739449986386 152.82266829305237 57
1739449986388 152.5477967636924 58
1739449986390 152.27317351246344 59
1739449986394 151.99879853692872 60
1739449986398 151.72467183465344 61
1739449986401 151.45079340320515 62
1739449986403 151.17716324015365 63
1739449986404 150.90378134307082 64
1739449986406 150.63064770953096 65
1739449986410 150.35776233711033 66
1739449986415 150.0851252233877 67
1739449986418 149.81273636594383 68
1739449986420 149.5405957623618 69
1739449986422 149.2687034102269 70
1739449986424 148.99705930712668 71
1739449986429 148.72566345065079 72
1739449986434 148.45451583839125 73
1739449986438 148.1836164679422 74
1739449986441 147.91296533690002 75
1739449986447 147.64256244286332 76
1739449986452 147.37240778343295 77
1739449986455 147.102501356212 78
1739449986460 146.83284315880567 79
1739449986464 146.56343318882156 80
1739449986468 146.29427144386926 81
1739449986470 146.02535792156084 82
1739449986472 145.75669261951037 83
1739449986474 145.48827553533425 84
1739449986481 145.22010666665116 85
1739449986486 144.95218601108184 86
1739449986489 144.68451356624936 87
1739449986493 144.4170893297791 88
1739449986497 144.1499132992984 89
1739449986501 143.88298547243707 90
1739449986503 143.61630584682706 91
1739449986505 143.3498744201025 92
1739449986507 143.0836911898998 93
1739449986513 142.81775615385763 94
1739449986517 142.5520693096167 95
1739449986519 142.2866306548202 96
1739449986521 142.02144018711328 97
1739449986523 141.7564979041436 98
1739449986527 141.49180380356077 99
