1739453082482 37.00865031867828 0
1739453082486 0.25860205551667703 1
1739453082491 0.11182368901394626 2
1739453082496 0.20592145253408356 3
1739453082500 0.09657747491288374 4
1739453082505 0.06349373378211998 5
1739453082510 0.12338297812947863 6
1739453082514 0.1318995395191699 7
1739453082519 0.13829821405206208 8
1739453082523 0.09284945873306813 9
1739453082529 0.1071796214376467 10
1739453082534 0.22916201264509 11
1739453082538 0.10428922135881076 12
1739453082544 0.19743005326174212 13
1739453082548 0.1048061625102192 14
1739453082553 0.10344259670327753 15
1739453082557 0.13081289191353163 16
1739453082563 0.0926928567215036 17
1739453082567 0.0485707725982458 18
1739453082571 0.05708715948033773 19
