1739453025416 168.9111973065381 0
1739453025419 168.04535019951365 1
1739453025422 167.1816981469165 2
1739453025424 166.3202519021871 3
1739453025429 165.46101897332616 4
1739453025434 164.6040045851235 5
1739453025438 163.74921236347637 6
1739453025440 162.89664481822956 7
1739453025443 162.04630368200222 8
1739453025446 161.19819014704953 9
1739453025450 160.35230503039637 10
1739453025452 159.50864888874227 11
1739453025454 158.66722209830374 12
1739453025457 157.82802491023625 13
1739453025459 156.9910574890758 14
1739453025462 156.15631993938743 15
1739453025468 155.32381232422983 16
1739453025471 154.4935346779452 17
1739453025473 153.6654870150158 18
1739453025475 152.8396693361951 19
1739453025479 152.01608163275125 20
1739453025483 151.194723889404 21
1739453025485 150.3755960863562 22
1739453025487 149.55869820069972 23
1739453025489 148.744030207387 24
1739453025491 147.93159207990368 25
1739453025493 147.1213837907334 26
1739453025498 146.31340531167896 27
1739453025500 145.5076566140845 28
1739453025503 144.70413766898895 29
1739453025505 143.90284844723195 30
1739453025507 143.1037889195274 31
1739453025509 142.30695905651385 32
1739453025512 141.51235882878933 33
1739453025516 140.7199882069357 34
1739453025521 139.9298471615352 35
1739453025525 139.14193566318184 36
1739453025531 138.3562536824894 37
1739453025536 137.57280119009692 38
1739453025541 136.79157815667236 39
1739453025547 136.0125845529153 40
1739453025552 135.2358203495587 41
1739453025556 134.46128551736993 42
1739453025560 133.6889800271519 43
1739453025567 132.91890384974332 44
1739453025572 132.15105695601943 45
1739453025574 131.385439316892 46
1739453025576 130.6220509033095 47
1739453025582 129.86089168625745 48
1739453025588 129.10196163675823 49
1739453025595 128.34526072587124 50
1739453025604 127.59078892469293 51
1739453025607 126.8385462043568 52
1739453025610 126.08853253603338 53
1739453025614 125.34074789093027 54
1739453025619 124.595192240292 55
1739453025624 123.85186555540024 56
1739453025632 123.11076780757355 57
1739453025638 122.3718989681676 58
1739453025642 121.63525900857482 59
1739453025647 120.90084790022479 60
1739453025651 120.16866561458389 61
1739453025653 119.43871212315544 62
1739453025655 118.71098739747958 63
1739453025658 117.98549140913346 64
1739453025663 117.26222412973085 65
1739453025667 116.54118553092249 66
1739453025670 115.82237558439587 67
1739453025673 115.10579426187526 68
1739453025675 114.39144153512161 69
1739453025678 113.67931737593267 70
1739453025681 112.9694217561429 71
1739453025684 112.26175464762329 72
1739453025687 111.55631602228169 73
1739453025690 110.85310585206243 74
1739453025692 110.15212410894648 75
1739453025696 109.45337076495142 76
1739453025700 108.75684579213132 77
1739453025703 108.06254916257683 78
1739453025706 107.37048084841506 79
1739453025709 106.68064082180967 80
1739453025713 105.99302905496072 81
1739453025717 105.30764552010466 82
1739453025720 104.62449018951435 83
1739453025722 103.94356303549908 84
1739453025727 103.2648640304044 85
1739453025732 102.5883931466123 86
1739453025735 101.91415035654092 87
1739453025737 101.24213563264472 88
1739453025741 100.57234894741437 89
1739453025743 99.90479027337675 90
1739453025748 99.23945958309494 91
1739453025755 98.57635684916815 92
1739453025760 97.91548204423164 93
1739453025765 97.25683514095682 94
1739453025769 96.60041611205116 95
1739453025772 95.94622493025807 96
1739453025775 95.29426156835702 97
1739453025780 94.64452599916338 98
1739453025786 93.99701819552851 99
