1739450655783 130.37433568051398 0
1739450655786 108.01352034745443 1
1739450655790 87.85360104051679 2
1739450655796 70.72947803053113 3
1739450655800 49.59954643292832 4
1739450655803 38.578131429287254 5
1739450655809 23.720787076792366 6
1739450655814 13.800082198046018 7
1739450655817 7.694278061374617 8
1739450655820 2.940789899652408 9
1739450655825 0.912044384766484 10
1739450655830 0.3821042232659598 11
1739450655833 0.17015544945905386 12
1739450655836 0.06275142202229278 13
1739450655840 0.17196025792704517 14
1739450655846 0.12589088860107264 15
1739450655849 0.11856876935078929 16
1739450655853 0.2124523658067119 17
1739450655857 0.11538295102700095 18
1739450655862 0.12477991440687922 19
1739450655866 0.17079955514285294 20
1739450655869 0.14688996377970437 21
1739450655874 0.23358052391534923 22
