1739451213418 41.80646908113726 0
1739451213425 0.18454367232686872 1
1739451213432 0.1589477760648686 2
1739451213437 0.16452233996841964 3
1739451213443 0.14797526906051958 4
1739451213449 0.20757748631323897 5
1739451213454 0.22301443582528124 6
1739451213458 0.21328090654659584 7
1739451213464 0.17724548477600133 8
1739451213470 0.19508630830249118 9
1739451213473 0.0763048641040263 10
1739451213480 0.13959174825884862 11
1739451213485 0.08523693954983083 12
1739451213489 0.2130775136222028 13
1739451213494 0.1809404192471785 14
1739451213500 0.217331377364775 15
1739451213506 0.16076385269015556 16
1739451213511 0.30407384029622364 17
1739451213518 0.2719250598073381 18
1739451213523 0.12581039740547528 19
1739451213528 0.07397673891465183 20
1739451213534 0.10862687362212198 21
1739451213539 0.19377840137195027 22
1739451213543 0.13955850194708977 23
1739451213549 0.19046537037110087 24
1739451213553 0.12399056467672902 25
1739451213557 0.10867149692582749 26
1739451213563 0.24571900243270997 27
1739451213568 0.14277893759428428 28
1739451213572 0.11919591684884938 29
1739451213577 0.18855097910432367 30
1739451213584 0.0391965892037641 31
1739451213588 0.25003431751867544 32
1739451213593 0.10642247816870413 33
1739451213599 0.1564285534155369 34
1739451213604 0.1474316381573747 35
1739451213609 0.12989861548081327 36
1739451213614 0.3196215401749109 37
1739451213619 0.045957202136420836 38
1739451213623 0.14520358405876616 39
1739451213628 0.11516400725483407 40
1739451213635 0.09476753199428455 41
1739451213640 0.17898845950584052 42
1739451213645 0.08334118795143151 43
1739451213650 0.158831892754063 44
1739451213654 0.1561473999531579 45
1739451213658 0.08309279476028332 46
1739451213663 0.150466307763748 47
1739451213668 0.2559800013343348 48
1739451213672 0.20965126028381484 49
1739451213679 0.1751961667790825 50
1739451213684 0.09965164770212306 51
1739451213688 0.12809787789538019 52
1739451213694 0.18579303155441373 53
1739451213701 0.12911362277057387 54
1739451213707 0.17386955623026543 55
1739451213714 0.11780397962739116 56
1739451213718 0.10405483439902127 57
1739451213722 0.14692925873786278 58
1739451213728 0.14500486400525445 59
1739451213735 0.18752461774354695 60
1739451213740 0.18424833273066768 61
1739451213745 0.09053354159923772 62
1739451213750 0.09630153896971418 63
1739451213754 0.14272753660069099 64
1739451213758 0.22785437810844558 65
