1739453082632 38.33096206376195 0
1739453082637 0.1904896262606387 1
1739453082642 0.10299265285573268 2
1739453082647 0.09934761250237142 3
1739453082651 0.0847660994169696 4
1739453082656 0.06686528695933028 5
1739453082661 0.10628731771609762 6
1739453082665 0.08780086335028806 7
1739453082671 0.12058466929864921 8
1739453082676 0.18612070097801872 9
1739453082681 0.07785606840269615 10
1739453082685 0.10821755721377653 11
1739453082690 0.08108320512859746 12
1739453082695 0.15783856608612895 13
1739453082700 0.09820956806684246 14
1739453082704 0.15425452876185186 15
1739453082708 0.0640522298483338 16
1739453082714 0.09149229528874525 17
1739453082718 0.15408742552101268 18
1739453082722 0.13761280454562383 19
1739453082728 0.17329979629840797 20
1739453082733 0.13486212620452048 21
1739453082737 0.08922853237205225 22
1739453082742 0.08914472498595957 23
1739453082747 0.09038409656791428 24
1739453082751 0.10335533817186386 25
