1739451092580 37.01004846410002 0
1739451092590 0.21847901100065847 1
1739451092595 0.16562728598432688 2
1739451092602 0.13499399250416605 3
1739451092607 0.16634529797441933 4
1739451092611 0.11487320703508988 5
1739451092615 0.23294272603436306 6
1739451092620 0.07299883667018822 7
1739451092624 0.25198625814786363 8
1739451092628 0.24464665329355614 9
1739451092631 0.24413599842128947 10
1739451092635 0.4817226812098731 11
1739451092639 0.09589097312646065 12
1739451092642 0.17957323813882742 13
1739451092645 0.11171652611909641 14
1739451092649 0.09779128940608232 15
1739451092653 0.08916081032733837 16
1739451092656 0.13921958910847151 17
1739451092660 0.1374665618183648 18
1739451092664 0.08208502073913819 19
1739451092667 0.11802181829190943 20
1739451092672 0.09937989699833935 21
1739451092677 0.07995791958407937 22
1739451092680 0.06349116133174862 23
1739451092684 0.12112902050804515 24
1739451092690 0.1787222928920369 25
1739451092694 0.2180381123347141 26
1739451092697 0.07833693266007898 27
1739451092704 0.3916602807598546 28
1739451092709 0.21166632035025074 29
1739451092712 0.20958691682235947 30
1739451092716 0.1296320190710303 31
1739451092722 0.2100069088838036 32
1739451092726 0.22754772270516122 33
1739451092729 0.08931251041714815 34
1739451092734 0.13473524121319616 35
1739451092740 0.14126276154779982 36
1739451092743 0.08978549076034296 37
1739451092747 0.14270383724117341 38
1739451092753 0.09527681168350302 39
1739451092757 0.17559129584719504 40
1739451092761 0.12773445369339886 41
1739451092764 0.11736286340528827 42
1739451092771 0.09928164533463854 43
1739451092776 0.05494146047536489 44
1739451092780 0.11797553429718488 45
1739451092786 0.13108668923165814 46
1739451092791 0.10722472916480394 47
1739451092795 0.10332507155845165 48
1739451092799 0.1328649428633066 49
1739451092805 0.15551285302940387 50
1739451092810 0.22823958265976282 51
1739451092813 0.14976387123227658 52
1739451092819 0.12170528085291914 53
1739451092824 0.08155710106853051 54
1739451092828 0.224540907381912 55
1739451092832 0.1906822229979638 56
1739451092837 0.1303501368003309 57
1739451092841 0.14678580749099476 58
1739451092844 0.07872121878567348 59
1739451092847 0.10045992726218192 60
1739451092855 0.13199980679586823 61
1739451092860 0.08717359251307759 62
1739451092863 0.09892975165891958 63
1739451092868 0.17907869012589647 64
1739451092872 0.08753910238630527 65
1739451092876 0.1777495458224415 66
1739451092879 0.22792030821323078 67
1739451092886 0.11919619891876862 68
