1739449693974 36.73083223377947 0
1739449693979 12.72507861658019 1
1739449693982 9.336542842967365 2
1739449693985 6.040687677368657 3
1739449693988 3.2366112488166348 4
1739449693991 0.9197665526119556 5
1739449693995 0.8688931785898413 6
1739449693998 0.35433003309366 7
1739449694001 0.1526757593944959 8
1739449694004 0.21698994177130698 9
1739449694007 0.14910814872706157 10
1739449694012 0.10497530070025399 11
1739449694015 0.2668231331242055 12
1739449694018 0.13520369979720098 13
1739449694020 0.26144390577111476 14
1739449694023 0.20381272241310705 15
1739449694027 0.21284271880609767 16
1739449694031 0.2905959287286664 17
1739449694033 0.1121137291211206 18
