1739450336930 98.16888749285276 0
1739450336934 59.772607107253016 1
1739450336938 36.205788239758235 2
1739450336945 32.30453713308247 3
1739450336949 23.101916235723735 4
1739450336953 27.048593530833077 5
1739450336960 11.930169823005937 6
1739450336965 12.54000626151545 7
1739450336968 6.415775991681198 8
1739450336972 10.036442516922662 9
1739450336979 8.169449887113123 10
1739450336984 8.025878386525406 11
1739450336988 7.462975648156324 12
1739450336995 5.529070176709671 13
1739450337000 3.6662006534574747 14
1739450337005 2.0061055042439255 15
1739450337013 1.0880180121060037 16
1739450337017 0.9084165077415017 17
1739450337021 0.5461244058640959 18
1739450337027 0.45075162404803326 19
1739450337032 0.3109929410306088 20
1739450337036 0.23087972607480886 21
1739450337042 0.1277290674078657 22
1739450337048 0.15630471564777496 23
1739450337051 0.14955949765883295 24
1739450337055 0.13799164400295755 25
1739450337062 0.14873562371156468 26
1739450337066 0.256204705439185 27
1739450337069 0.13333996125990594 28
1739450337074 0.22272855822603418 29
1739450337080 0.1308662455752035 30
1739450337084 0.10072409753714168 31
1739450337090 0.07393682501018392 32
1739450337098 0.13941065403425493 33
1739450337104 0.0787656999185896 34
1739450337111 0.21105679145349923 35
1739450337116 0.23075701882213626 36
1739450337120 0.15750744316509907 37
1739450337126 0.20181651855039012 38
1739450337133 0.20208460183793356 39
1739450337138 0.10242950189052563 40
