1739453156099 0.019543065797944348 0
1739453156238 0.04094202443040938 1
1739453156383 0.005996475822807134 2
1739453156514 0.04387837519200397 3
1739453156649 0.0012270988856238217 4
1739453156824 0.0019421534895815704 5
1739453156945 0.021472561509207424 6
1739453157049 0.21098864536397735 7
1739453157171 0.36396048942819476 8
1739453157307 0.05436011486820316 9
1739453157418 0.08073791713425149 10
1739453157537 0.011905222015895174 11
1739453157650 0.004174719296448909 12
1739453157761 0.0021246553467900017 13
1739453157867 0.015612340834910273 14
1739453157976 0.13286961673640307 15
