1739453059238 105.32400138305833 0
1739453059242 54.86742731762664 1
1739453059247 42.8238051941075 2
1739453059251 44.440215946230424 3
1739453059255 32.092964370585456 4
1739453059258 27.024664103582317 5
1739453059264 20.889590784042944 6
1739453059270 7.771840537041136 7
1739453059275 13.059803282027737 8
1739453059280 13.87104130132605 9
1739453059284 10.245739296680407 10
1739453059288 6.148718288533303 11
1739453059292 7.863273848988009 12
1739453059297 4.795749242486464 13
1739453059301 4.069387919363585 14
1739453059308 2.1355999400956702 15
1739453059317 2.58996242462361 16
1739453059321 1.8911174566983266 17
1739453059325 1.9915993162936763 18
1739453059330 0.837980784707449 19
1739453059334 0.38982363474992743 20
1739453059338 0.4679400759941211 21
1739453059341 0.5772927856618191 22
1739453059346 0.2786538585318024 23
1739453059350 0.38186908752310567 24
1739453059354 0.15999469502486335 25
1739453059357 0.09519598295192976 26
1739453059362 0.1392327157300835 27
1739453059367 0.18013448162391385 28
1739453059371 0.0932142850655298 29
1739453059376 0.17480726060461646 30
1739453059382 0.10978863280927394 31
1739453059386 0.20655333075058604 32
1739453059391 0.08678484000287726 33
1739453059398 0.13477222451610646 34
1739453059402 0.14540989712395877 35
1739453059406 0.11546310418263792 36
1739453059410 0.1406386331829148 37
1739453059415 0.1386896187998152 38
1739453059419 0.16869316953620583 39
