1739353486681 127.03499003362649 0
1739353486694 88.04885640570353 1
1739353486705 63.41089877250589 2
1739353486711 42.55486199711943 3
1739353486720 32.823870230494514 4
1739353486725 12.044900765716474 5
1739353486729 4.588696878314876 6
1739353486740 0.7310821480744789 7
1739353486743 0.02034594964674723 8
1739353486751 0.05987981530830016 9
1739353486758 0.10523408100921991 10
1739353486761 0.07002632531037105 11
1739353486770 0.03891206068200724 12
1739353486775 0.09853821034770927 13
1739353486778 0.23914770591069406 14
1739353486786 0.06204444210040089 15
1739353486791 0.07058293483134923 16
1739353486795 0.04275476681381325 17
1739353486803 0.1040381919264374 18
1739353486808 0.01937025637883379 19
1739353486811 0.1492754382918023 20
1739353486819 0.19031636183765743 21
1739353486825 0.0977902937751362 22
1739353486828 0.08061858723505469 23
1739353486839 0.07705344887710543 24
1739353486848 0.08670015003725 25
1739353486856 0.03918627537900124 26
1739353486862 0.09850358144473283 27
1739353486871 0.061272606917798886 28
1739353486875 0.12999661342216925 29
1739353486889 0.06638578142261051 30
1739353486900 0.0046914451223252175 31
1739353486909 0.08968559731774087 32
1739353486919 0.10748846709229626 33
1739353486926 0.01805401389114042 34
1739353486936 0.2526462829877105 35
1739353486943 0.15147928036044295 36
1739353486953 0.047957999225679386 37
1739353486959 0.15932509907119521 38
1739353486970 0.027556456659137533 39
1739353486977 0.23047488131492097 40
1739353486987 0.3745244621716809 41
1739353486993 0.0015578471392059428 42
1739353487004 0.12395670297634949 43
1739353487012 0.07484513007892434 44
1739353487024 0.05378102242943038 45
1739353487030 0.08092988795262004 46
1739353487038 0.29527674949215305 47
1739353487043 0.04009645831988223 48
1739353487055 0.08600095108602916 49
1739353487062 0.029340655714851824 50
1739353487072 0.506452638698753 51
