1739452055960 35.0152000289693 0
1739452055970 0.09720872831021263 1
1739452055977 0.0703082614551599 2
1739452055985 0.09180167846938585 3
1739452055990 0.17281219564377862 4
1739452055994 0.10060714344808974 5
1739452056001 0.19386227754826563 6
1739452056008 0.12484288254029767 7
1739452056013 0.1331941062479388 8
1739452056020 0.07198410868449831 9
1739452056026 0.24855786640686622 10
1739452056030 0.3338800466959138 11
1739452056037 0.11521557385551968 12
1739452056043 0.1532415633931593 13
1739452056047 0.10303205915689857 14
1739452056054 0.24465126968678863 15
1739452056059 0.10845254451207535 16
1739452056065 0.12459609984294642 17
1739452056071 0.10682307323216902 18
1739452056076 0.1896346706025783 19
1739452056081 0.2692820479047711 20
1739452056087 0.13353088925076043 21
1739452056092 0.21992732323855288 22
1739452056096 0.14829228697369223 23
1739452056104 0.07779289135776102 24
1739452056109 0.15540348616313876 25
1739452056114 0.1252710856686278 26
1739452056121 0.0709009215134257 27
1739452056127 0.23114116745812469 28
1739452056135 0.16403671414140347 29
1739452056141 0.175657307485705 30
1739452056148 0.2397543582293868 31
1739452056159 0.10316958504984494 32
1739452056170 0.11787374758071636 33
1739452056179 0.15768313830127317 34
1739452056188 0.15431116880571036 35
1739452056193 0.13702987254796434 36
1739452056202 0.037470330924101146 37
1739452056207 0.22632228023218987 38
1739452056212 0.16131475974082837 39
1739452056224 0.16919153877218301 40
1739452056228 0.1293179821212535 41
1739452056237 0.14604765276021162 42
1739452056245 0.1506050838248872 43
1739452056253 0.08193523810531013 44
1739452056258 0.37679493557799065 45
1739452056264 0.0833587637047729 46
1739452056272 0.11538656437628644 47
1739452056277 0.20244434953474477 48
1739452056283 0.21822076060390808 49
1739452056290 0.11010668475442091 50
1739452056294 0.14171038921493057 51
1739452056302 0.2094021028971314 52
1739452056307 0.1046357294587554 53
1739452056311 0.09999984210295523 54
1739452056318 0.15151253481623966 55
1739452056324 0.2560022999250251 56
1739452056328 0.10584425237264725 57
1739452056336 0.13043286014587252 58
1739452056340 0.07697504011855942 59
1739452056344 0.21130260879872673 60
1739452056351 0.08936659943309465 61
1739452056357 0.1053495280668311 62
1739452056361 0.19983684961093834 63
1739452056368 0.11441205101809962 64
1739452056373 0.10366120621407689 65
1739452056377 0.13932633092452457 66
1739452056382 0.19317150581954856 67
1739452056389 0.14556328183808742 68
1739452056393 0.15334918224109886 69
1739452056398 0.20150840343783333 70
1739452056405 0.15488801055547502 71
1739452056409 0.1769090842182682 72
1739452056415 0.2213862763485915 73
1739452056422 0.08208776656116369 74
1739452056427 0.11153623597001368 75
1739452056434 0.17112857952432173 76
1739452056441 0.12876087059091598 77
1739452056446 0.124971914090149 78
1739452056453 0.1026829122279433 79
1739452056458 0.1887585893659581 80
1739452056464 0.19067991258266276 81
1739452056471 0.11244150426576849 82
1739452056477 0.17140607245730194 83
1739452056484 0.11406511406886025 84
1739452056490 0.1939770665294444 85
1739452056496 0.1394444742265019 86
1739452056503 0.06661589390928922 87
1739452056510 0.15946049508894966 88
1739452056517 0.2794482735259618 89
1739452056524 0.15415259038963752 90
1739452056531 0.19406432479204094 91
1739452056539 0.12169786326661416 92
1739452056545 0.2065855462993272 93
1739452056552 0.11526105390004296 94
1739452056559 0.19107643886181438 95
1739452056567 0.08292329720121291 96
1739452056575 0.13043943870434688 97
1739452056581 0.1519180666561781 98
1739452056590 0.09170404257262445 99
