1739449495405 82.01013282466718 0
1739449495409 27.343614039363437 1
1739449495414 1.9651771178514683 2
1739449495418 0.08940139101917544 3
1739449495425 0.08844325072770848 4
1739449495429 0.0857941020705595 5
1739449495433 0.09577406168663458 6
1739449495440 0.21857990829785257 7
1739449495443 0.1816443718776982 8
1739449495445 0.19734107539186024 9
1739449495448 0.20112628169901847 10
1739449495451 0.18685095471960686 11
1739449495455 0.11467015422186513 12
1739449495458 0.19502114828318567 13
1739449495461 0.20902022629113862 14
1739449495464 0.1248419177285506 15
1739449495466 0.1995286478714541 16
1739449495469 0.12648439513912976 17
1739449495472 0.12111368805353348 18
1739449495475 0.18023803679496792 19
1739449495478 0.0675297634406968 20
1739449495480 0.21490206216057714 21
1739449495483 0.06438276896426524 22
1739449495485 0.14035365311284867 23
1739449495488 0.12731718185062252 24
1739449495491 0.20403824025473613 25
1739449495495 0.06651937564956323 26
1739449495498 0.1061409305510325 27
1739449495500 0.27043537347374735 28
1739449495504 0.06457983842482748 29
1739449495508 0.25190015357298096 30
1739449495511 0.08042158188851208 31
1739449495513 0.09231707282694451 32
1739449495516 0.16821673504191054 33
1739449495519 0.1210822066392651 34
1739449495524 0.09927650055276724 35
1739449495527 0.12096694657806462 36
1739449495530 0.10512237363991808 37
1739449495533 0.19611240053829754 38
1739449495537 0.26318412197949403 39
1739449495540 0.13478012257938854 40
1739449495544 0.1597389499496265 41
1739449495547 0.08096485883382684 42
1739449495550 0.0856760058752024 43
1739449495555 0.12751130004150166 44
1739449495559 0.26643199794962963 45
1739449495561 0.21769938785889562 46
1739449495564 0.06032725467894952 47
1739449495568 0.09337942352674003 48
1739449495573 0.17342492114529323 49
1739449495576 0.10715858152109876 50
1739449495579 0.14117679053682597 51
