1739451673806 168.92543757006746 0
1739451673809 166.8984476469998 1
1739451673811 164.8014928812535 2
1739451673813 162.66237088061771 3
1739451673816 160.50050049181448 4
1739451673821 158.32939811877233 5
1739451673824 156.15844660504018 6
1739451673827 153.99414592268477 7
1739451673829 151.84099131021156 8
1739451673832 149.7020868403139 9
1739451673836 147.57957265707964 10
1739451673839 145.47492173616737 11
1739451673842 143.38914564612455 12
1739451673844 141.32293702552633 13
1739451673846 139.2767681404395 14
1739451673849 137.25095900720376 15
1739451673852 135.24572444871774 16
1739451673857 133.2612065811251 17
1739451673860 131.2974972307707 18
1739451673863 129.35465339511742 19
1739451673865 127.43270790055247 20
1739451673869 125.5316767448283 21
1739451673873 123.6515641517275 22
1739451673877 121.7923660474212 23
1739451673880 119.9540724481774 24
1739451673883 118.13666909725436 25
1739451673887 116.34013858399175 26
1739451673891 114.56446110576341 27
1739451673894 112.80961498353086 28
1739451673896 111.07557700730011 29
1739451673899 109.36232266403162 30
1739451673903 107.66982628417789 31
1739451673907 105.99806113173226 32
1739451673910 104.34699945489277 33
1739451673912 102.71661250908085 34
1739451673914 101.10687056036143 35
1739451673918 99.51774287476256 36
1739451673923 97.94919769723961 37
1739451673925 96.40120222281772 38
1739451673928 94.87372256161193 39
1739451673931 93.36672369884717 40
1739451673933 91.8801694506007 41
1739451673939 90.41402241571251 42
1739451673942 88.96824392411438 43
1739451673945 87.54279398169221 44
1739451673947 86.1376312116988 45
1739451673950 84.75271279266278 46
1739451673956 83.38799439268789 47
1739451673959 82.04343009999528 48
1739451673961 80.71897234953035 49
1739451673964 79.41457184542801 50
1739451673966 78.13017747910779 51
1739451673972 76.86573624274833 52
1739451673977 75.62119313787193 53
1739451673980 74.39649107875042 54
1739451673982 73.19157079032504 55
1739451673986 72.00637070031532 56
1739451673990 70.84082682517297 57
1739451673995 69.69487264952014 58
1739451673998 68.56843899869237 59
1739451674002 67.46145390399069 60
1739451674008 66.37384246023073 61
1739451674013 65.30552667516145 62
1739451674017 64.25642531031345 63
1739451674023 63.22645371282549 64
1739451674027 62.215523637790845 65
1739451674030 61.22354306066101 66
1739451674033 60.25041597924647 67
1739451674038 59.29604220486319 68
1739451674042 58.36031714218931 69
1739451674045 57.4431315574253 70
1739451674047 56.54437133438965 71
1739451674049 55.66391721823844 72
1739451674054 54.801644546571055 73
1739451674058 53.95742296778102 74
1739451674061 53.13111614663453 75
1739451674063 52.322581457214454 76
1739451674066 51.531669663559796 77
1739451674070 50.75822458856732 78
1739451674074 50.002082772007974 79
1739451674077 49.26307311885609 80
1739451674080 48.541016539539726 81
1739451674083 47.83572558420555 82
1739451674088 47.147004073659936 83
1739451674091 46.47464673030546 84
1739451674093 45.818438813147466 85
1739451674096 45.17815576180229 86
1739451674098 44.55356285539845 87
1739451674101 43.94441489332261 88
1739451674106 43.35045590591287 89
1739451674109 42.77141890442649 90
1739451674111 42.20702568087828 91
1739451674113 41.65698666961849 92
1739451674116 41.12100088373814 93
1739451674122 40.598755940480245 94
1739451674125 40.089928190702715 95
1739451674128 39.59418296796978 96
1739451674130 39.111174972911826 97
1739451674132 38.64054880794374 98
1739451674136 38.1819396761201 99
