1739453017116 168.92543757006746 0
1739453017118 168.55395953474408 1
1739453017121 168.18285239782858 2
1739453017123 167.8121441831827 3
1739453017125 167.44184325288654 4
1739453017127 167.07195209594832 5
1739453017131 166.70247144942076 6
1739453017133 166.33340152797504 7
1739453017136 165.9647423905537 8
1739453017138 165.59649404968334 9
1739453017140 165.22865650406223 10
1739453017142 164.8612297482742 11
1739453017145 164.49421377568444 12
1739453017148 164.12760857930235 13
1739453017151 163.761414152039 14
1739453017153 163.39563048678372 15
1739453017155 163.0302575764268 16
1739453017157 162.6652954138666 17
1739453017162 162.30074399201132 18
1739453017166 161.9366033037796 19
1739453017169 161.57287334210085 20
1739453017172 161.20955409991518 21
1739453017174 160.84664557017354 22
1739453017176 160.48414774583748 23
1739453017180 160.12206061987942 24
1739453017182 159.7603841852824 25
1739453017184 159.39911843504026 26
1739453017187 159.03826336215755 27
1739453017189 158.67781895964958 28
1739453017191 158.31778522054233 29
1739453017193 157.9581621378724 30
1739453017196 157.59894970468724 31
1739453017199 157.24014791404494 32
1739453017201 156.88175675901422 33
1739453017203 156.52377623267452 34
1739453017205 156.16620632811603 35
1739453017207 155.8090470384395 36
1739453017209 155.45229835675636 37
1739453017213 155.09596027618875 38
1739453017215 154.7400327898694 39
1739453017217 154.38451589094177 40
1739453017220 154.0294095725598 41
1739453017222 153.67471382788833 42
1739453017224 153.32042865010249 43
1739453017226 152.9665540323883 44
1739453017229 152.61308996794227 45
1739453017232 152.26003644997158 46
1739453017234 151.90739347169392 47
1739453017236 151.55516102633763 48
1739453017239 151.2033391071417 49
1739453017241 150.8519277073556 50
1739453017243 150.50092682023939 51
1739453017246 150.15033643906378 52
1739453017248 149.80015655710997 53
1739453017251 149.45038716766976 54
1739453017253 149.1010282640455 55
1739453017255 148.75207983955002 56
1739453017257 148.40354188750678 57
1739453017259 148.05541440124972 58
1739453017264 147.7076973741233 59
1739453017267 147.36039079948262 60
1739453017269 147.01349467069306 61
1739453017271 146.66700898113072 62
1739453017274 146.3209337241821 63
1739453017276 145.97526889324425 64
1739453017279 145.63001448172466 65
1739453017283 145.2851704830413 66
1739453017285 144.94073689062273 67
1739453017287 144.5967136979078 68
1739453017290 144.25310089834593 69
1739453017292 143.909898485397 70
1739453017294 143.5671064525313 71
1739453017297 143.22472479322968 72
1739453017300 142.88275350098323 73
1739453017302 142.54119256929363 74
1739453017305 142.20004199167292 75
1739453017307 141.85930176164356 76
1739453017309 141.51897187273852 77
1739453017312 141.179052318501 78
1739453017315 140.83954309248475 79
1739453017319 140.50044418825385 80
1739453017322 140.16175559938276 81
1739453017324 139.82347731945637 82
1739453017326 139.4856093420699 83
1739453017329 139.1481516608289 84
1739453017333 138.81110426934939 85
1739453017335 138.47446716125768 86
1739453017337 138.13824033019046 87
1739453017339 137.80242376979467 88
1739453017342 137.46701747372774 89
1739453017344 137.13202143565726 90
1739453017347 136.7974356492613 91
1739453017349 136.46326010822818 92
1739453017352 136.12949480625642 93
1739453017354 135.79613973705506 94
1739453017356 135.46319489434327 95
1739453017358 135.1306602718506 96
1739453017360 134.79853586331677 97
1739453017364 134.46682166249192 98
1739453017366 134.1355176631364 99
