1739453117138 0.21844017189924175 0
1739453117236 0.8438128208940939 1
1739453117331 0.0010391420938865965 2
1739453117424 0.13849716341414775 3
1739453117517 0.012737850288238648 4
1739453117611 0.13419375376087117 5
1739453117708 0.012398227689077775 6
1739453117802 0.08527520666221548 7
1739453117895 0.004037935680912313 8
1739453117989 0.032398714606518796 9
1739453118082 0.1292442504839394 10
1739453118175 0.000249645433450898 11
1739453118268 0.10657498052570627 12
1739453118363 0.006025449188331894 13
1739453118456 1.756370299892832 14
1739453118548 0.11703469346683439 15
1739453118641 1.6098306696726981e-06 16
1739453118733 0.06918032099429082 17
1739453118827 5.842811646092187e-05 18
1739453118919 0.4200465007563257 19
1739453119011 0.041348117413234915 20
1739453119104 0.23865504359764692 21
1739453119198 0.03045824170055164 22
1739453119291 0.0883005418643218 23
1739453119384 0.005569539535684818 24
1739453119476 0.0027872915324316573 25
1739453119569 0.05262750048058525 26
1739453119661 0.10950810347887541 27
1739453119755 0.023282910740800744 28
1739453119851 0.00016760305242106394 29
1739453119944 0.005990473442762261 30
1739453120037 0.050499851393723386 31
1739453120129 0.04385342734683292 32
1739453120221 0.002876850264635993 33
1739453120316 0.022220249104110197 34
1739453120410 0.3454501633107931 35
1739453120503 0.02575861703257244 36
1739453120597 0.001344665687078201 37
1739453120690 0.12026992344120617 38
1739453120785 0.019360297673157927 39
1739453120879 0.06202315808097043 40
1739453120972 0.012919014010604263 41
1739453121065 0.019395175035530638 42
1739453121157 0.00367117404402077 43
1739453121257 0.04463923467951581 44
1739453121354 0.0718072319076506 45
1739453121448 0.01274084288643488 46
1739453121539 0.34240649284412406 47
1739453121631 0.29292035438284386 48
1739453121724 0.0021353351297078316 49
1739453121817 0.007916321755090019 50
1739453121911 1.543492884161656 51
1739453122003 0.05960034638981368 52
1739453122096 0.05140707178913644 53
1739453122188 1.1401993553375422 54
1739453122281 0.0115269728880716 55
1739453122374 0.007583256590550306 56
1739453122466 0.007030696428921886 57
1739453122559 0.9700199782109551 58
1739453122652 0.006376319489307227 59
1739453122745 0.012814961178515176 60
1739453122837 0.16662875482776057 61
