1739451832382 34.70378345951181 0
1739451832391 0.22581326611374428 1
1739451832402 0.10395675239937878 2
1739451832407 0.2131663151461924 3
1739451832415 0.09447003519368177 4
1739451832419 0.2142316878911174 5
1739451832423 0.05676947027523264 6
1739451832430 0.10127551758638145 7
1739451832436 0.21760302348350372 8
1739451832440 0.14132734046603226 9
1739451832448 0.17953445803442764 10
1739451832453 0.1277104843574004 11
1739451832458 0.17843995103114144 12
1739451832466 0.14360343820181082 13
