1739453078933 21.243087320452872 0
1739453078938 25.17968393432171 1
1739453078942 8.057429048281502 2
1739453078947 3.9687245324692797 3
1739453078951 1.279518113469981 4
1739453078956 0.5173228674062477 5
1739453078961 0.26417826849557957 6
1739453078966 0.05456495724020758 7
1739453078970 0.16641503585845785 8
1739453078975 0.08534448849657711 9
1739453078980 0.12166602523561358 10
1739453078984 0.07995596428984064 11
1739453078988 0.08670258776931176 12
1739453078993 0.08638495262995086 13
1739453078998 0.0934500881116108 14
1739453079002 0.09660861346354252 15
1739453079006 0.053957652842094625 16
1739453079011 0.14931328382888776 17
1739453079015 0.12010145719658397 18
1739453079019 0.08034814065623479 19
1739453079024 0.18295381902737953 20
1739453079029 0.07602944317966248 21
1739453079033 0.13571468944420995 22
1739453079037 0.19360132852950512 23
1739453079041 0.16278781130251282 24
1739453079046 0.08839856587805107 25
1739453079050 0.07428150306406697 26
1739453079054 0.1397748652756003 27
1739453079058 0.11441066282595302 28
1739453079063 0.15888005668677074 29
1739453079067 0.07604782042186772 30
1739453079071 0.07635728444659004 31
1739453079075 0.05196126862570229 32
1739453079080 0.08940741122436577 33
