1739449206823 29.81183385460952 0
1739449206828 13.513651939329577 1
1739449206831 11.013793445374205 2
1739449206836 5.049845469046746 3
1739449206840 0.5607890295073699 4
1739449206844 0.5140511978147738 5
1739449206847 0.16693714331759502 6
1739449206851 0.6210180698412928 7
1739449206855 0.14208574121088247 8
1739449206859 0.12919249852214323 9
1739449206862 0.2651522262912494 10
1739449206865 0.12198432619807954 11
1739449206868 0.38752338139690506 12
1739449206873 0.07776356727109285 13
1739449206877 0.15929075527677916 14
1739449206881 0.07732529055144106 15
1739449206884 0.24475095083388387 16
1739449206888 0.2527271251415355 17
1739449206892 0.0015941017898477184 18
1739449206896 0.061881563845969614 19
1739449206899 0.04195056413956456 20
