1739450249172 48.70594226126295 0
1739450249178 28.815400490548416 1
1739450249185 13.770334158989634 2
1739450249190 7.936849253444461 3
1739450249195 6.662441825612487 4
1739450249204 3.5239118446305895 5
1739450249211 1.26322626524407 6
1739450249219 1.1290566236609219 7
1739450249224 0.3994878178434346 8
1739450249229 0.15839921672302393 9
1739450249237 0.13877352199141407 10
1739450249241 0.120299969034346 11
1739450249250 0.10563517892426522 12
1739450249258 0.23605622427353407 13
1739450249267 0.09898369420045001 14
1739450249274 0.10713100592954064 15
1739450249279 0.13381599712698694 16
1739450249286 0.29068591092286195 17
1739450249291 0.1359494016065089 18
