1739452042878 34.154698200018245 0
1739452042886 0.10473090153681988 1
1739452042890 0.04705089870302078 2
1739452042894 0.1362634659190307 3
1739452042900 0.19472901027417483 4
1739452042907 0.24407364285592262 5
1739452042911 0.2577387877242084 6
1739452042916 0.25232485804411176 7
1739452042923 0.23044603558181043 8
1739452042928 0.12445023988164391 9
1739452042935 0.15111313980363456 10
1739452042941 0.09572619246216969 11
1739452042945 0.11457334698503804 12
1739452042952 0.18925936965352236 13
1739452042958 0.2369196016415643 14
1739452042962 0.15716074783882578 15
1739452042969 0.1164862451809247 16
1739452042974 0.1141100146566133 17
1739452042977 0.23786432155532994 18
1739452042984 0.12033627003611158 19
1739452042990 0.12142653561023217 20
1739452042995 0.13191339797491455 21
1739452043002 0.10735582429410509 22
1739452043008 0.24575015881387668 23
1739452043012 0.10605749094668335 24
1739452043020 0.19252606366962446 25
1739452043025 0.2291693822653174 26
1739452043029 0.1307882676075304 27
1739452043037 0.10605635027609644 28
1739452043042 0.09240878358658647 29
1739452043047 0.19940207103098923 30
1739452043054 0.09647573805426705 31
1739452043058 0.11349874918355708 32
1739452043063 0.16412578109190193 33
1739452043071 0.06308676974910346 34
1739452043076 0.11564979505994148 35
1739452043083 0.1594606315493569 36
1739452043090 0.12514148974065575 37
1739452043096 0.13200635913968012 38
1739452043102 0.0888123656859099 39
1739452043108 0.12745239884839257 40
1739452043114 0.08515747015718005 41
1739452043121 0.09102340055959987 42
1739452043126 0.04680207720847783 43
1739452043130 0.18368955535304354 44
1739452043136 0.13904105869057792 45
1739452043142 0.10643511111989386 46
1739452043146 0.22589708959618165 47
1739452043153 0.10938570158342431 48
1739452043159 0.05280798616116592 49
1739452043164 0.13467726426634474 50
1739452043171 0.2998008230517802 51
1739452043176 0.07708211651574916 52
1739452043181 0.19306888754615367 53
1739452043188 0.10575945648733398 54
1739452043193 0.21321952023177135 55
1739452043197 0.11179278520554714 56
1739452043204 0.166474902225943 57
1739452043209 0.1352879670519588 58
1739452043215 0.16149102013750188 59
1739452043222 0.23604606305707818 60
1739452043226 0.13156798822633126 61
1739452043233 0.07450000018442539 62
1739452043242 0.056099515881993724 63
1739452043249 0.1266609089001758 64
1739452043256 0.2830552095059364 65
1739452043262 0.13240882484680722 66
1739452043268 0.33389235786453864 67
1739452043274 0.09008103614165337 68
