1739453012961 168.9111973065381 0
1739453012964 168.05047359434735 1
1739453012967 167.19215455444282 2
1739453012969 166.33665346729933 3
1739453012972 165.48405106193036 4
1739453012974 164.63436267117376 5
1739453012976 163.78759077146785 6
1739453012979 162.94373530898343 7
1739453012982 162.10279572830078 8
1739453012985 161.26477137078538 9
1739453012987 160.42966155274613 10
1739453012989 159.59746558071836 11
1739453012991 158.7681827544045 12
1739453012993 157.94181236719245 13
1739453012997 157.1183537061976 14
1739453013000 156.2978060522112 15
1739453013004 155.48016867962878 16
1739453013007 154.66544085637423 17
1739453013009 153.8536218438218 18
1739453013013 153.04471089671716 19
1739453013016 152.23870726309667 20
1739453013019 151.43561018420598 21
1739453013021 150.63541889441709 22
1739453013023 149.83813262114413 23
1739453013025 149.0437505847581 24
1739453013029 148.25227199850002 25
1739453013034 147.463696068393 26
1739453013036 146.67802199315275 27
1739453013039 145.89524896409694 28
1739453013041 145.11537616505277 29
1739453013044 144.33840277226366 30
1739453013048 143.56432795429404 31
1739453013051 142.79315087193282 32
1739453013054 142.0248706780954 33
1739453013056 141.25948651772407 34
1739453013058 140.49699752768677 35
1739453013060 139.73740283667465 36
1739453013064 138.98070156509732 37
1739453013067 138.2268928249772 38
1739453013069 137.47597571984159 39
1739453013071 136.72794934461345 40
1739453013073 135.98281278550007 41
1739453013076 135.2405651198803 42
1739453013078 134.50120541618978 43
1739453013081 133.7647327338043 44
1739453013083 133.0311461229213 45
1739453013086 132.3004446244397 46
1739453013088 131.57262726983728 47
1739453013090 130.84769308104657 48
1739453013092 130.12564107032844 49
1739453013094 129.40647024014362 50
1739453013098 128.69017958302217 51
1739453013100 127.97676808143099 52
1739453013102 127.26623470763867 53
1739453013105 126.55857842357855 54
1739453013107 125.85379818070946 55
1739453013109 125.15189291987375 56
1739453013111 124.45286157115349 57
1739453013115 123.75670305372391 58
1739453013118 123.06341627570444 59
1739453013120 122.3730001340074 60
1739453013123 121.68545351418386 61
1739453013125 121.0007752902673 62
1739453013127 120.31896432461404 63
1739453013130 119.64001946774165 64
1739453013132 118.963939558164 65
1739453013134 118.29072342222379 66
1739453013137 117.62036987392224 67
1739453013139 116.95287771474567 68
1739453013141 116.28824573348922 69
1739453013143 115.62647270607744 70
1739453013147 114.96755739538192 71
1739453013150 114.31149855103557 72
1739453013153 113.65829490924376 73
1739453013155 113.0079451925921 74
1739453013158 112.36044810985099 75
1739453013165 111.7158023557765 76
1739453013172 111.074006610908 77
1739453013180 110.43505954136201 78
1739453013187 109.79895979862249 79
1739453013191 109.16570601932744 80
1739453013193 108.53529682505163 81
1739453013198 107.90773082208537 82
1739453013201 107.28300660120962 83
1739453013204 106.6611227374667 84
1739453013207 106.04207778992713 85
1739453013210 105.42587030145201 86
1739453013214 104.81249879845147 87
1739453013218 104.20196179063842 88
1739453013220 103.59425777077787 89
1739453013222 102.98938521443182 90
1739453013225 102.38734257969935 91
1739453013227 101.78812830695199 92
1739453013230 101.19174081856426 93
1739453013233 100.59817851863912 94
1739453013236 100.0074397927286 95
1739453013238 99.41952300754889 96
1739453013240 98.83442651069056 97
1739453013242 98.25214863032296 98
1739453013245 97.67268767489344 99
