1739453059437 104.50729631577516 0
1739453059441 80.63796730394218 1
1739453059447 58.73647088641068 2
1739453059451 45.2988394071067 3
1739453059455 27.288077693431866 4
1739453059460 24.613764802486457 5
1739453059465 16.79317717339716 6
1739453059469 11.207501065217208 7
1739453059473 14.223997703181567 8
1739453059478 15.553633059518049 9
1739453059483 11.600344213218174 10
1739453059487 5.3745084528363956 11
1739453059491 6.801162737917506 12
1739453059496 3.531741548357703 13
1739453059501 6.358603833888018 14
1739453059504 2.7368722294247414 15
1739453059508 2.2621947361673653 16
1739453059514 1.8482340556233825 17
1739453059518 0.8674267612453048 18
1739453059522 0.9082506306705602 19
1739453059525 0.8944653217468744 20
1739453059532 0.5708215793819124 21
1739453059535 0.4896156609258457 22
1739453059539 0.3291999999051508 23
1739453059543 0.48303258684474154 24
1739453059549 0.24321067506128952 25
1739453059553 0.18141423488095448 26
1739453059556 0.1534881454067906 27
1739453059561 0.21181505418872856 28
1739453059566 0.09341496208662042 29
1739453059570 0.14419299168033956 30
1739453059574 0.10340749526467635 31
1739453059579 0.11089382657960233 32
1739453059583 0.15621303775032486 33
1739453059587 0.10774803075520853 34
1739453059591 0.21890240183315704 35
1739453059596 0.057988098358665155 36
1739453059600 0.08263929924401181 37
1739453059604 0.09051179413668149 38
1739453059607 0.06912367216796207 39
1739453059612 0.12403731973989678 40
1739453059616 0.06886706795951876 41
1739453059620 0.20563106937785264 42
1739453059624 0.06192767201425534 43
1739453059630 0.1015980336213137 44
1739453059634 0.129200852041568 45
1739453059638 0.16481277600206945 46
1739453059642 0.07894512204436592 47
1739453059648 0.09366152368269172 48
1739453059652 0.07392202453583532 49
1739453059655 0.08948806511516547 50
1739453059659 0.05742812038275068 51
1739453059665 0.1216371011967084 52
1739453059668 0.14962466972982144 53
1739453059672 0.13862414095026512 54
1739453059676 0.05526830697051454 55
1739453059681 0.06029925422349073 56
1739453059685 0.0893047915350545 57
1739453059689 0.08369243798070093 58
1739453059693 0.15225048773659614 59
1739453059698 0.13083465684497522 60
