1739451656759 169.01961904378464 0
1739451656761 168.75943079958154 1
1739451656763 168.42148647959155 2
1739451656765 168.0605216699458 3
1739451656767 167.69294491976922 4
1739451656773 167.3236739028055 5
1739451656775 166.95418233980678 6
1739451656777 166.58491186101747 7
1739451656779 166.21599480737294 8
1739451656781 165.84747083519977 9
1739451656783 165.47935182617266 10
1739451656787 165.1116413387977 11
1739451656791 164.74434043739964 12
1739451656793 164.37744943888075 13
1739451656796 164.0109684361668 14
1739451656797 163.6448974550666 15
1739451656799 163.27923650127752 16
1739451656803 162.9139855744713 17
1739451656808 162.5491446725154 18
1739451656811 162.18471379273763 19
1739451656813 161.8206929323053 20
1739451656816 161.4570820883389 21
1739451656819 161.09388125794598 22
1739451656823 160.73109043823146 23
1739451656826 160.36870962630076 24
1739451656828 160.00673881926042 25
1739451656830 159.64517801421871 26
1739451656831 159.28402720828552 27
1739451656833 158.9232863985725 28
1739451656838 158.5629555821928 29
1739451656841 158.2030347562616 30
1739451656843 157.84352391789548 31
1739451656846 157.48442306421288 32
1739451656847 157.12573219233397 33
1739451656849 156.76745129938053 34
1739451656852 156.40958038247607 35
1739451656856 156.05211943874588 36
1739451656859 155.6950684653169 37
1739451656861 155.33842745931778 38
1739451656863 154.98219641787887 39
1739451656865 154.62637533813222 40
1739451656867 154.27096421721166 41
1739451656871 153.91596305225264 42
1739451656874 153.56137184039233 43
1739451656877 153.20719057876966 44
1739451656879 152.85341926452523 45
1739451656881 152.5000578948014 46
1739451656882 152.14710646674212 47
1739451656886 151.79456497749322 48
1739451656890 151.44243342420205 49
1739451656893 151.09071180401781 50
1739451656895 150.73940011409138 51
1739451656897 150.38849835157527 52
1739451656899 150.0380065136238 53
1739451656900 149.687924597393 54
1739451656905 149.3382526000405 55
1739451656909 148.98899051872576 56
1739451656911 148.64013835060987 57
1739451656914 148.29169609285572 58
1739451656915 147.94366374262782 59
1739451656918 147.5960412970924 60
1739451656922 147.24882875341748 61
1739451656925 146.90202610877267 62
1739451656927 146.55563336032944 63
1739451656929 146.2096505052608 64
1739451656931 145.86407754074168 65
1739451656933 145.5189144639485 66
1739451656937 145.17416127205954 67
1739451656941 144.82981796225474 68
1739451656943 144.48588453171578 69
1739451656946 144.14236097762603 70
1739451656949 143.79924729717058 71
1739451656951 143.4565434875362 72
1739451656956 143.11424954591143 73
1739451656960 142.77236546948652 74
1739451656963 142.4308912554534 75
1739451656966 142.0898269010057 76
1739451656972 141.7491724033388 77
1739451656976 141.40892775964983 78
1739451656978 141.06909296713752 79
1739451656980 140.72966802300246 80
1739451656982 140.39065292444678 81
1739451656986 140.0520476686745 82
1739451656990 139.7138522528913 83
1739451656992 139.3760666743045 84
1739451656994 139.03869093012318 85
1739451656996 138.7017250175582 86
1739451656998 138.36516893382205 87
1739451657001 138.02902267612902 88
1739451657006 137.693286241695 89
1739451657010 137.3579596277377 90
1739451657012 137.02304283147646 91
1739451657014 136.68853585013247 92
1739451657016 136.3544386809285 93
1739451657019 136.0207513210891 94
1739451657024 135.68747376784054 95
1739451657027 135.35460601841078 96
1739451657029 135.02214807002952 97
1739451657031 134.69009991992823 98
1739451657033 134.35846156533992 99
