1739450249312 62.23090901736769 0
1739450249320 21.647949964898565 1
1739450249325 14.00697865588154 2
1739450249331 11.318272272706851 3
1739450249337 9.760691274827176 4
1739450249342 3.712570520794561 5
1739450249349 1.2687169263827682 6
1739450249355 0.6243184250672519 7
1739450249359 0.49636674734385944 8
1739450249366 0.27822040734021947 9
1739450249370 0.13874954062542028 10
1739450249374 0.18627620036563203 11
1739450249378 0.1698821331475616 12
1739450249384 0.3642044086893081 13
1739450249388 0.18111383612642692 14
1739450249391 0.06951762331350794 15
1739450249398 0.11206012269359134 16
1739450249402 0.2529668388637586 17
1739450249406 0.21301393386328912 18
1739450249409 0.13280318120401938 19
1739450249415 0.13703690148168293 20
1739450249420 0.1986352203224539 21
1739450249423 0.12729807928122497 22
1739450249428 0.1280664970926049 23
1739450249435 0.116446459852776 24
1739450249438 0.1851963152812845 25
1739450249442 0.23358268338504087 26
1739450249449 0.10142430368856974 27
1739450249453 0.09173421467203641 28
1739450249456 0.09237267847352167 29
1739450249459 0.158320404068507 30
1739450249466 0.14931767567149076 31
1739450249470 0.19543152835960692 32
1739450249473 0.12043168387196054 33
1739450249477 0.1978381124668552 34
1739450249483 0.1574105785495726 35
1739450249487 0.19031372780855363 36
1739450249490 0.21482108705238967 37
1739450249494 0.12429739789122114 38
1739450249501 0.15991039900176834 39
1739450249505 0.1880496399989484 40
1739450249509 0.1371012340779156 41
1739450249516 0.10391863790002691 42
1739450249522 0.15543738491966338 43
1739450249526 0.1709703357892772 44
1739450249533 0.2840153324505915 45
1739450249539 0.13493854438866298 46
1739450249542 0.08888554979100259 47
1739450249549 0.17856489531276742 48
1739450249553 0.10066390424688992 49
1739450249556 0.07481791033022381 50
1739450249559 0.18235366021451435 51
1739450249565 0.09724759468797574 52
1739450249569 0.2345548447023324 53
1739450249573 0.10926225404985501 54
1739450249580 0.1634645294934153 55
1739450249585 0.05384698624311707 56
1739450249588 0.1735340482450296 57
1739450249591 0.10403071391749832 58
1739450249596 0.3276483037015851 59
1739450249602 0.17399941004381467 60
1739450249605 0.15583792423322246 61
1739450249608 0.15176765442743512 62
1739450249613 0.250119842356078 63
1739450249619 0.1293943275749113 64
1739450249623 0.15045180103001968 65
1739450249626 0.15329555922580973 66
1739450249633 0.22825304593486195 67
1739450249637 0.15366558805262334 68
1739450249640 0.1036237761054716 69
1739450249645 0.10210183257594772 70
1739450249651 0.20989689645951007 71
1739450249655 0.23920167579936027 72
1739450249658 0.07969611604736666 73
1739450249662 0.12659398552540985 74
1739450249668 0.06417496195378257 75
1739450249671 0.2615395707587735 76
1739450249675 0.2070767792953785 77
1739450249679 0.1682623267385127 78
1739450249685 0.10207839134139844 79
1739450249692 0.1405075571659103 80
1739450249699 0.1245240973241868 81
1739450249703 0.16800357852197648 82
1739450249706 0.13307238892588333 83
1739450249709 0.18209676783831347 84
1739450249714 0.1195170241059557 85
1739450249720 0.16152379922132476 86
1739450249723 0.10100157449714953 87
1739450249726 0.07953208129472512 88
1739450249732 0.2941681109827887 89
1739450249736 0.10768778561546698 90
1739450249739 0.13647618098515413 91
1739450249742 0.27612055724039486 92
1739450249747 0.11872640200143265 93
1739450249751 0.08847174226098622 94
1739450249754 0.2114041395439265 95
1739450249757 0.1523634391865235 96
1739450249761 0.1277806227444407 97
1739450249767 0.17941207037955775 98
