1739453086401 13.001279555221128 0
1739453086405 4.745965474884386 1
1739453086410 0.4710435294423788 2
1739453086414 0.2731820629199694 3
1739453086418 0.1188366081758789 4
1739453086422 0.17683672782635607 5
1739453086426 0.08155790810605776 6
1739453086430 0.0718203795946281 7
1739453086434 0.10807031406795826 8
1739453086438 0.12022868961362039 9
1739453086442 0.09573122841486334 10
1739453086446 0.08174031079897766 11
1739453086450 0.09089430108250585 12
1739453086454 0.07224217107452793 13
