1739451092901 42.59284094386032 0
1739451092907 0.20355922355931627 1
1739451092911 0.08953451275147993 2
1739451092914 0.18399472234620573 3
1739451092920 0.15868243200065724 4
1739451092924 0.20367401834983928 5
1739451092928 0.30231408766589263 6
1739451092931 0.3630004758964838 7
1739451092938 0.0730557422650485 8
1739451092941 0.19972649856204086 9
1739451092944 0.1400823011057144 10
1739451092947 0.15242648508161863 11
1739451092954 0.0677997570595302 12
1739451092958 0.18116159049375163 13
1739451092961 0.10840615873846515 14
1739451092964 0.1005763394439524 15
1739451092971 0.19830833152208913 16
1739451092975 0.3046825627582847 17
1739451092978 0.06812867539073982 18
1739451092982 0.17241400782625171 19
1739451092988 0.10688816256814337 20
