1739450655281 145.9287609498486 0
1739450655289 116.56366720486486 1
1739450655300 94.53659712194126 2
1739450655307 79.08428178398543 3
1739450655314 58.17493806827944 4
1739450655320 44.63555189578416 5
1739450655326 29.58821766068463 6
1739450655332 19.658007599441653 7
1739450655338 11.170255685958086 8
1739450655349 4.646435791083599 9
1739450655353 1.244046976544673 10
1739450655360 0.2516156252870183 11
1739450655366 0.1167888112730043 12
1739450655374 0.11345632634929045 13
1739450655384 0.22255518214419454 14
1739450655394 0.2559182184078515 15
1739450655400 0.09425743546000592 16
1739450655405 0.08685583092945244 17
1739450655412 0.09688759113524015 18
