1739353487760 123.18918816529913 0
1739353487769 90.50506757068278 1
1739353487776 76.33895211677523 2
1739353487785 46.83615883382462 3
1739353487791 28.738298804627753 4
1739353487794 17.24163202447722 5
1739353487802 9.473273292051108 6
1739353487808 1.6827248636929453 7
1739353487811 0.06159938029208752 8
1739353487821 0.05221809617925066 9
1739353487825 0.13169704890574155 10
1739353487831 0.054693892836607014 11
1739353487842 0.07319613072616904 12
1739353487846 0.010558771195228404 13
1739353487856 0.31646066281754504 14
1739353487860 0.052130425587484416 15
1739353487866 0.10400368203380618 16
1739353487873 0.029917787665317025 17
1739353487876 0.05965060118991233 18
1739353487881 0.022080194364474965 19
1739353487888 0.11063345505351889 20
1739353487892 0.0640401622036943 21
1739353487896 0.30022013009877097 22
1739353487905 0.11415559887694131 23
1739353487909 0.25390598081298926 24
1739353487912 0.03523899493858679 25
1739353487921 0.09854130045310651 26
1739353487925 0.15682288831603688 27
1739353487929 0.08562835010889391 28
1739353487938 0.5978313694598352 29
1739353487942 0.0531555280847317 30
1739353487947 0.08245011058656875 31
1739353487956 0.22069596579496875 32
1739353487960 0.10052543280081358 33
1739353487965 0.29364663035652677 34
1739353487975 0.13260942214925223 35
1739353487978 0.07212422501191128 36
1739353487987 0.1352649684608299 37
1739353487992 0.04396945866029241 38
1739353487998 0.09859320241719516 39
1739353488009 0.11213904375297017 40
1739353488021 0.18204963052893852 41
1739353488028 0.03969568276233728 42
1739353488042 0.1501289584333793 43
1739353488053 0.09974630916585685 44
1739353488065 0.3000199024396421 45
1739353488075 0.0657769832692623 46
1739353488082 0.055664004054301004 47
1739353488091 0.26139390578727734 48
1739353488100 0.06039718170742287 49
