1739453058930 122.66028402304221 0
1739453058934 74.60639544180484 1
1739453058938 48.045793363390544 2
1739453058942 22.896132849135576 3
1739453058949 30.17674116777512 4
1739453058953 22.57111715303151 5
1739453058957 22.843815532287415 6
1739453058962 11.04629175778849 7
1739453058968 13.185423559072113 8
1739453058973 7.2407725094393145 9
1739453058978 6.652266803704585 10
1739453058983 8.575185554000209 11
1739453058987 5.649676027663189 12
1739453058991 4.112817247355289 13
1739453058997 2.3838708891656966 14
1739453059001 4.022213443210079 15
1739453059006 2.5811634732135564 16
1739453059011 1.6851893493194334 17
1739453059016 0.8752618995372046 18
1739453059020 0.6351625573994591 19
1739453059024 0.7665692456459413 20
1739453059028 0.4961884827301299 21
1739453059033 0.3917723831449416 22
1739453059037 0.34397474531823213 23
1739453059041 0.1304291138072084 24
1739453059045 0.12323533341347363 25
1739453059051 0.2829232960928174 26
1739453059060 0.12082038438779996 27
1739453059066 0.19773598325699882 28
1739453059070 0.17662463506010295 29
1739453059073 0.09861372681383425 30
1739453059082 0.10931783634370182 31
1739453059086 0.07448594450329805 32
1739453059090 0.12381376729613008 33
1739453059095 0.12725442903836942 34
1739453059101 0.083278642382273 35
1739453059105 0.10063839732729911 36
1739453059108 0.087094395487313 37
1739453059116 0.05267400992933661 38
1739453059121 0.0770844886210858 39
1739453059125 0.05865595564256066 40
1739453059132 0.1469899346290165 41
1739453059138 0.10625969584029978 42
1739453059143 0.1728251335276482 43
1739453059150 0.12112271349069083 44
1739453059154 0.07185900510224388 45
1739453059160 0.0716810083060349 46
1739453059167 0.11933697632633411 47
1739453059173 0.0894616877462221 48
1739453059181 0.10686381522626963 49
1739453059188 0.1360898949576533 50
1739453059193 0.06948153676735876 51
1739453059200 0.17562639717451345 52
1739453059205 0.07009043515142041 53
1739453059211 0.08433807452656145 54
1739453059218 0.12570815222542203 55
