1739450742281 137.0879839476927 0
1739450742292 112.41387802731553 1
1739450742301 92.50742172040148 2
1739450742312 66.12335830747111 3
1739450742322 45.280949470125115 4
1739450742332 31.074519423024693 5
1739450742343 19.39271616761934 6
1739450742352 8.050428706018925 7
1739450742358 2.7741332883258947 8
1739450742367 0.42117765182307676 9
1739450742377 0.20190450826168518 10
1739450742385 0.08421901407269548 11
1739450742390 0.2279633276465838 12
1739450742393 0.21167061090848427 13
1739450742396 0.07336921704651576 14
1739450742400 0.09853035399523936 15
1739450742407 0.11661924681701566 16
1739450742411 0.11085833295123756 17
1739450742414 0.13886482591264912 18
1739450742417 0.2972975387495953 19
1739450742426 0.06356385761039786 20
1739450742429 0.0692898743703837 21
