1739453158106 0.10171991991402371 0
1739453158280 0.0712334806210192 1
1739453158401 0.035812193545294184 2
1739453158516 0.017905946898109804 3
1739453158633 0.054956777269788 4
1739453158742 0.017484844435110523 5
1739453158850 0.002090691114175582 6
1739453159015 0.0004365265524273028 7
1739453159135 0.04518641908261621 8
1739453159258 0.689389598288632 9
1739453159423 0.6083411684857692 10
1739453159543 4.989336002779574e-07 11
1739453159659 0.17876516373723153 12
1739453159780 0.017366561663478584 13
1739453159914 0.10045294823691646 14
1739453160039 0.05184344381253876 15
1739453160155 0.09054727156694956 16
1739453160289 0.07799721703273432 17
1739453160422 0.029797254456807476 18
1739453160565 1.5383319427452888 19
1739453160690 0.5051773436802373 20
1739453160823 0.08461345690402797 21
1739453160954 0.0911047401976996 22
1739453161080 0.07906317531138851 23
1739453161214 0.05839088602412852 24
1739453161331 0.26552713603169437 25
