1739449379552 78.33024320799515 0
1739449379555 25.986284301275504 1
1739449379559 0.5478718699349736 2
1739449379564 0.10203231507891809 3
1739449379567 0.00833604560876046 4
1739449379569 0.019388470117916275 5
1739449379572 0.18658014296113884 6
1739449379575 0.30448527604504455 7
1739449379579 0.040649759822577874 8
1739449379582 0.40229785574550697 9
1739449379585 0.030316309373677283 10
1739449379588 0.2355150836084493 11
1739449379591 0.1379940210715786 12
1739449379596 0.03693080933409075 13
1739449379599 0.08563121708698743 14
1739449379602 0.016058925402161993 15
1739449379605 0.11498675870031147 16
1739449379609 0.06058862080353245 17
1739449379614 0.04932163793176704 18
1739449379617 0.06035185991287574 19
1739449379620 0.1213430430211024 20
1739449379623 0.16818471451690914 21
1739449379629 0.19152618733272736 22
1739449379633 0.1282757417818274 23
1739449379637 0.49439610145172547 24
1739449379640 0.13821664239922443 25
1739449379643 0.011396429807990147 26
1739449379648 0.15367960515108842 27
1739449379651 0.05505894016512954 28
1739449379654 0.11554138964295452 29
1739449379657 0.03581365252053974 30
1739449379662 0.20621221634714318 31
1739449379665 0.30954060024748087 32
1739449379668 0.4067846199543569 33
1739449379671 0.13232634003311392 34
1739449379674 0.08355407720349987 35
1739449379678 0.24994809487222666 36
1739449379682 0.0163187455606897 37
1739449379684 0.10245422198957252 38
1739449379688 0.20265945354674275 39
1739449379691 0.04406152383534801 40
1739449379696 0.28195980079524424 41
1739449379699 0.07050935692727706 42
1739449379702 0.6022195948682602 43
1739449379705 0.07109221927405535 44
1739449379708 0.02278144956178119 45
1739449379712 0.08115532684259508 46
1739449379715 0.12736339990653744 47
1739449379717 0.07065789790956009 48
1739449379720 0.08912267812705352 49
1739449379723 0.05871042011967853 50
1739449379726 0.040135798538500064 51
1739449379730 0.043384437330458686 52
1739449379733 0.0591855647644904 53
1739449379736 0.07717307442867774 54
1739449379738 0.34447910447667657 55
1739449379742 0.02738639885628424 56
1739449379747 0.2395274168846779 57
1739449379750 0.4001053977277038 58
1739449379753 0.1474025294229061 59
1739449379755 0.1546514031259128 60
1739449379759 0.10326094355127541 61
1739449379763 0.00833420363700519 62
1739449379766 0.11398928189865434 63
1739449379768 0.14296845968752925 64
1739449379771 0.04051377787186132 65
1739449379774 0.24602980137432412 66
1739449379778 0.10304999714875096 67
1739449379781 0.09132163817655445 68
1739449379784 0.14309731727325975 69
1739449379787 0.36656586524890966 70
1739449379789 0.1820729546704505 71
1739449379793 0.07595905554599312 72
1739449379797 0.04814157823219824 73
1739449379800 0.027800399126325186 74
1739449379802 0.016752802411730067 75
1739449379805 0.045638490038754545 76
1739449379808 0.05363570241569378 77
1739449379813 0.035715184361316855 78
1739449379816 0.0569998194676317 79
1739449379818 0.016357921122884096 80
1739449379821 0.010393605174067046 81
1739449379824 0.04075678815276123 82
1739449379829 0.04319147087677369 83
1739449379832 0.3993896686821094 84
1739449379835 0.17396176351485293 85
1739449379838 0.1561727116709557 86
1739449379841 0.13970800829656776 87
1739449379846 0.25958837286257985 88
1739449379849 0.07403125150204971 89
1739449379852 0.22714671946975076 90
1739449379855 0.16830443497192255 91
1739449379858 0.04876098113977485 92
1739449379862 0.042039894633370795 93
1739449379865 0.07983804413826441 94
1739449379868 0.16440805907096184 95
1739449379871 0.7193965401430003 96
1739449379873 0.12724504039979695 97
1739449379877 0.1490038288883312 98
1739449379881 0.06380127925812609 99
1739449379884 0.11562340729242108 100
1739449379886 0.23751635440167707 101
1739449379889 0.10253896329591043 102
1739449379892 0.09807631683657647 103
1739449379896 0.048137663674490586 104
1739449379899 0.033296572801061464 105
1739449379902 0.08135403145174622 106
1739449379905 0.013372272662133644 107
1739449379908 0.016098054371937124 108
1739449379913 0.06474693979120885 109
1739449379916 0.07574612086467741 110
1739449379919 0.08251470777778999 111
1739449379922 0.12975965431760172 112
1739449379925 0.07292595780716445 113
1739449379930 0.06662406609011755 114
1739449379933 0.03834626508329668 115
1739449379936 0.3100662462573128 116
