1739453079436 34.678938002676716 0
1739453079440 17.589280564352084 1
1739453079445 7.721619988533753 2
1739453079449 4.492029746165539 3
1739453079453 1.3710523790209042 4
1739453079457 0.34849325856254837 5
1739453079462 0.17209926464831982 6
1739453079466 0.04978256570102222 7
1739453079470 0.0957426969575863 8
1739453079475 0.07917463676499908 9
1739453079480 0.13345011637815235 10
1739453079484 0.051107636608238416 11
1739453079488 0.1122409358681153 12
1739453079493 0.11617462796270639 13
