1739452040658 37.59916126514822 0
1739452040665 0.17718572231733049 1
1739452040675 0.15293541850178846 2
1739452040681 0.12305299259481355 3
1739452040690 0.11740215345886776 4
1739452040695 0.1587388784768372 5
1739452040703 0.23716339738511957 6
1739452040709 0.16082603869836568 7
1739452040715 0.12223691179408946 8
1739452040725 0.10227310733239289 9
1739452040735 0.18477909972576048 10
1739452040742 0.09727900417666598 11
1739452040747 0.28615797183777614 12
1739452040755 0.1359519502330726 13
1739452040760 0.1711264428712724 14
1739452040765 0.15652127741734753 15
1739452040774 0.05484973722218933 16
1739452040778 0.24930096258822254 17
1739452040785 0.3096387382566427 18
1739452040790 0.13803322568958615 19
1739452040794 0.1048641531141479 20
1739452040800 0.16340809074394275 21
1739452040807 0.11504666513929043 22
1739452040812 0.1720940567166957 23
1739452040819 0.15743017778881957 24
1739452040824 0.12836318913560874 25
1739452040828 0.13857884033562434 26
1739452040834 0.09756278685978839 27
1739452040840 0.1118582528720975 28
1739452040845 0.24434624145876788 29
1739452040849 0.06991662686527969 30
1739452040856 0.24580122137340554 31
1739452040860 0.17974939522155078 32
1739452040865 0.1647771570206535 33
1739452040872 0.2026879808483777 34
1739452040877 0.22115443543587737 35
1739452040881 0.1688466302017124 36
1739452040888 0.11905979234104673 37
1739452040893 0.146328843260552 38
1739452040898 0.12891586995231924 39
1739452040905 0.15113843008748423 40
1739452040909 0.1010137938695272 41
1739452040913 0.16066519954777408 42
1739452040920 0.07683860474774745 43
1739452040924 0.08958185132040594 44
1739452040928 0.07315890178005502 45
1739452040935 0.14739497021827316 46
1739452040942 0.2455741978974067 47
1739452040949 0.14883035721060459 48
1739452040956 0.31167670572597717 49
1739452040961 0.1855598808800808 50
1739452040970 0.07963150613551076 51
1739452040978 0.1624221435143755 52
1739452040988 0.2157041328268492 53
1739452040994 0.16409962196290825 54
1739452041003 0.18293172791948728 55
1739452041011 0.06691155659724854 56
1739452041019 0.13647063170848373 57
1739452041026 0.16311541168917779 58
1739452041032 0.06510587677805357 59
1739452041039 0.1678897821410486 60
1739452041043 0.1299750335263307 61
1739452041046 0.26161996148563105 62
1739452041054 0.1253275894643175 63
1739452041058 0.155157583795895 64
1739452041062 0.07464469927703678 65
1739452041069 0.13132742827800187 66
1739452041074 0.12619534906680116 67
1739452041079 0.09011681198422986 68
1739452041084 0.2590611774275562 69
1739452041089 0.26291151494359605 70
1739452041093 0.2163346861372482 71
1739452041098 0.10090874069784075 72
1739452041105 0.06042044727498917 73
1739452041110 0.23556521995613525 74
1739452041117 0.12220302596431051 75
1739452041122 0.1570384049240307 76
1739452041127 0.1930006467889829 77
1739452041133 0.11729122723293547 78
1739452041140 0.07462333498810038 79
1739452041144 0.14081917727979165 80
1739452041150 0.18333069306611421 81
1739452041156 0.11058574758734878 82
1739452041162 0.10359114777822906 83
1739452041172 0.25200750701378455 84
1739452041179 0.20342289058668714 85
1739452041187 0.19358051232491946 86
1739452041194 0.1725539337228548 87
1739452041200 0.038719878772104775 88
1739452041207 0.08638555362358027 89
1739452041213 0.20651477161868334 90
1739452041221 0.1494047054295928 91
1739452041228 0.1413554917856859 92
1739452041236 0.2181131835493348 93
1739452041242 0.13844253533676457 94
1739452041251 0.10036251041524857 95
1739452041257 0.3156537630315187 96
1739452041265 0.09663075004971083 97
1739452041272 0.14094428158322558 98
1739452041279 0.0709171756789156 99
