1739453041248 169.01961904378464 0
1739453041251 168.75943079958154 1
1739453041253 168.26562671133433 2
1739453041255 167.56256128817887 3
1739453041257 166.6724931757954 4
1739453041259 165.61571556021198 5
1739453041263 164.4106900381818 6
1739453041265 163.07418032524797 7
1739453041267 161.62138317365336 8
1739453041269 160.06605465049813 9
1739453041272 158.42063052773625 10
1739453041274 156.69633999641545 11
1739453041276 154.90331226740534 12
1739453041279 153.0506758832611 13
1739453041281 151.1466507596311 14
1739453041283 149.19863311475117 15
1739453041286 147.21327354401438 16
1739453041288 145.1965485628647 17
1739453041290 143.1538259828599 18
1739453041292 141.08992450863164 19
1739453041295 139.00916795232936 20
1739453041297 136.9154344606437 21
1739453041300 134.8122011405418 22
1739453041303 132.70258445564036 23
1739453041305 130.58937674742114 24
1739453041307 128.47507921556988 25
1739453041309 126.36193167060597 26
1739453041313 124.25193935040288 27
1739453041315 122.14689707074265 28
1739453041317 120.04841095909467 29
1739453041319 117.95791800063814 30
1739453041322 115.87670360634897 31
1739453041324 113.80591739485918 32
1739453041326 111.7465873628343 33
1739453041329 109.69963260282172 34
1739453041331 107.66587471289718 35
1739453041334 105.64604802894678 36
1739453041336 103.64080879802376 37
1739453041338 101.65074339986383 38
1739453041340 99.67637571326696 39
1739453041342 97.718173714596 40
1739453041345 95.77655538704056 41
1739453041348 93.85189401148384 42
1739453041350 91.94452290272915 43
1739453041352 90.05473964843375 44
1739453041354 88.18280990230147 45
1739453041356 86.32897077785175 46
1739453041358 84.49343388436137 47
1739453041361 82.67638804231599 48
1739453041364 80.87800171187699 49
1739453041366 79.09842516441493 50
1739453041368 77.3377924240587 51
1739453041370 75.59622300341681 52
1739453041372 73.87382345512007 53
1739453041374 72.17068875858259 54
1739453041377 70.48690355935565 55
1739453041380 68.82254327663483 56
1739453041382 67.17767509285268 57
1739453041384 65.55235883782971 58
1739453041386 63.94664777864781 59
1739453041388 62.36058932523687 60
1739453041391 60.7942256606149 61
1739453041394 59.247594303779856 62
1739453041396 57.72072861240857 63
1739453041398 56.21365823176236 64
1739453041401 54.72640949552332 65
1739453041403 53.25900578367975 66
1739453041405 51.81146784203742 67
1739453041407 50.383814067448434 68
1739453041409 48.97606076241614 69
1739453041413 47.58822236234573 70
1739453041415 46.22031163836347 71
1739453041417 44.87233987831657 72
1739453041419 43.54431704828843 73
1739453041422 42.236251936715 74
1739453041424 40.94815228296632 75
1739453041426 39.68002489205849 76
1739453041429 38.43187573698397 77
1739453041432 37.203710049989 78
1739453041434 35.995532403985614 79
1739453041437 34.80734678515832 80
1739453041439 33.63915665771264 81
1739453041442 32.49096502161117 82
1739453041444 31.36277446405239 83
1739453041447 30.254587205366494 84
1739453041450 29.16640513993058 85
1739453041452 28.098229872640328 86
1739453041455 27.050062751418498 87
1739453041457 26.021904896188175 88
1739453041460 25.013757224693475 89
1739453041463 24.025620475508642 90
1739453041465 23.057495228540247 91
1739453041468 22.10938192329432 92
1739453041470 21.181280875150573 93
1739453041472 20.27319228986056 94
1739453041474 19.38511627646224 95
1739453041477 18.517052858783643 96
1739453041480 17.669001985688734 97
1739453041482 16.84096354020276 98
1739453041484 16.03293734763902 99
