1739451611563 38.26797982575791 0
1739451611568 0.16089053110806328 1
1739451611575 0.10381959258656227 2
1739451611580 0.10334677669949244 3
1739451611584 0.09301965332889843 4
1739451611590 0.1483461661894852 5
1739451611596 0.10276589162107148 6
1739451611600 0.16291112974368466 7
1739451611605 0.1345996346639925 8
1739451611611 0.22118493478596785 9
1739451611615 0.18064135799453482 10
1739451611619 0.11909838298893449 11
1739451611626 0.27408000994433135 12
1739451611631 0.13573958775475709 13
1739451611634 0.23403936680348464 14
1739451611642 0.10638737142206504 15
1739451611648 0.16906847130714056 16
1739451611653 0.05884256322245164 17
1739451611659 0.10595408490982934 18
1739451611664 0.24860856672183013 19
1739451611668 0.10991196809519643 20
1739451611675 0.10115011884859079 21
1739451611680 0.08068976942691944 22
1739451611684 0.21805827722345728 23
1739451611689 0.16122986156519253 24
1739451611695 0.2309042910374884 25
1739451611699 0.07563215172332309 26
1739451611703 0.05691476170417342 27
1739451611710 0.10717004006684333 28
