1739453133795 1.6986153135569872 0
1739453133908 0.28820499924552306 1
1739453134009 0.416242823968913 2
1739453134090 0.06538595876395462 3
1739453134174 3.170393087505852e-06 4
1739453134258 0.04551770161661823 5
1739453134342 0.017979268442363052 6
1739453134428 0.2235074096770545 7
1739453134525 0.23473769445353956 8
1739453134658 0.11067629952338717 9
1739453134745 0.05612298932997744 10
1739453134831 0.30016313270415007 11
1739453134919 0.03471018803030636 12
1739453135024 0.20888590730861403 13
1739453135116 0.001956841428357669 14
1739453135203 0.03912415878711102 15
1739453135290 0.003842963586799052 16
1739453135375 0.0017463628452771428 17
1739453135460 0.0179610747078784 18
1739453135546 0.0005440362278852457 19
1739453135631 0.04755144374362317 20
1739453135716 0.2705573199796202 21
1739453135802 0.027856003382961545 22
1739453135889 0.13362863335363787 23
1739453135975 0.20879239012923353 24
1739453136061 0.0700689028996242 25
1739453136148 0.06131908317184972 26
1739453136235 0.04469977342525896 27
1739453136319 0.03444558093469062 28
1739453136404 0.005545882378629918 29
1739453136490 0.00010640986823302545 30
1739453136575 0.17604280330293046 31
1739453136659 1.296217138871914 32
1739453136744 0.0010259967052137261 33
1739453136828 0.2898611832021342 34
1739453136913 0.027690711622406963 35
1739453136996 0.009571927384353604 36
1739453137082 0.549052363835129 37
1739453137165 0.012793164262691739 38
1739453137249 0.5880300622019918 39
1739453137334 0.023252870032926913 40
1739453137420 0.6069188479915057 41
1739453137505 0.010454506853790978 42
1739453137589 0.18473725956107095 43
1739453137672 0.036961238183853454 44
