1739450765507 104.28935578416026 0
1739450765510 62.70310775651532 1
1739450765513 26.57514250057581 2
1739450765516 6.395761121850099 3
1739450765521 0.3601204662101627 4
1739450765525 0.12384323129644548 5
1739450765529 0.12147813843475888 6
1739450765532 0.18328368493376063 7
1739450765538 0.10243104000562363 8
1739450765544 0.20617155542680143 9
1739450765549 0.0594665619005209 10
1739450765554 0.12386638784448674 11
1739450765559 0.19389472584889306 12
1739450765563 0.25947324223914947 13
1739450765567 0.1348855899747271 14
1739450765572 0.1345146288764664 15
1739450765576 0.0395674190639722 16
1739450765579 0.18625939040104533 17
1739450765582 0.15292568584985866 18
1739450765589 0.1482399004674954 19
