1739453021093 168.92543757006746 0
1739453021098 167.9346042416522 1
1739453021102 166.94627710984824 2
1739453021106 165.96144111435996 3
1739453021119 164.9803864142366 4
1739453021122 164.00319789171988 5
1739453021125 163.02989982714323 6
1739453021132 162.0604986127797 7
1739453021138 161.0949953571183 8
1739453021140 160.13338960281814 9
1739453021143 159.17568042299425 10
1739453021147 158.2218667442932 11
1739453021151 157.2719474419945 12
1739453021154 156.32592136791422 13
1739453021156 155.38378735850733 14
1739453021159 154.4455442371348 15
1739453021167 153.51119081461073 16
1739453021171 152.58072588924082 17
1739453021175 151.65414824670952 18
1739453021180 150.73145665991998 19
1739453021186 149.8126498888181 20
1739453021190 148.89772668020976 21
1739453021192 147.98668576757353 22
1739453021196 147.0795258708697 23
1739453021202 146.17624569634586 24
1739453021204 145.27684393633916 25
1739453021207 144.38131926907457 26
1739453021209 143.48967035846007 27
1739453021213 142.6018958538777 28
1739453021218 141.71799438997093 29
1739453021221 140.83796458642854 30
1739453021224 139.96180504776396 31
1739453021226 139.08951436309104 32
1739453021233 138.22109110589554 33
1739453021237 137.3565338338025 34
1739453021239 136.49584108833912 35
1739453021242 135.63901139469365 36
1739453021246 134.78604326146933 37
1739453021251 133.93693518043415 38
1739453021253 133.0916856262657 39
1739453021255 132.25029305629138 40
1739453021257 131.41275591022364 41
1739453021259 130.57907260989035 42
1739453021264 129.74924155895985 43
1739453021269 128.9232611426611 44
1739453021272 128.10112972749823 45
1739453021274 127.2828456609598 46
1739453021276 126.4684072712224 47
1739453021280 125.65781286684884 48
1739453021285 124.85106073647994 49
1739453021288 124.04814914852098 50
1739453021290 123.24907635082187 51
1739453021292 122.45384057035088 52
1739453021296 121.6624400128622 53
1739453021302 120.87487286255723 54
1739453021305 120.09113728173863 55
1739453021307 119.31123141045816 56
1739453021310 118.53515336615725 57
1739453021316 117.76290124330052 58
1739453021319 116.99447311300193 59
1739453021322 116.2298670226438 60
1739453021324 115.46908099548766 61
1739453021326 114.71211303027789 62
1739453021330 113.95896110083707 63
1739453021335 113.20962315565306 64
1739453021338 112.46409711745802 65
1739453021340 111.72238088279883 66
1739453021342 110.98447232159839 67
1739453021348 110.25036927670862 68
1739453021354 109.52006956345355 69
1739453021357 108.79357096916374 70
1739453021359 108.07087125270063 71
1739453021363 107.35196814397113 72
1739453021368 106.63685934343236 73
1739453021372 105.9255425215859 74
1739453021374 105.21801531846152 75
1739453021376 104.51427534309023 76
1739453021380 103.81432017296606 77
1739453021384 103.11814735349677 78
1739453021386 102.42575439744276 79
1739453021388 101.73713878434428 80
1739453021390 101.0522979599364 81
1739453021392 100.37122933555146 82
1739453021396 99.69393028750896 83
1739453021400 99.02039815649219 84
1739453021402 98.35063024691169 85
1739453021404 97.68462382625484 86
1739453021406 97.02237612442151 87
1739453021408 96.36388433304536 88
1739453021411 95.70914560480031 89
1739453021416 95.0581570526921 90
1739453021418 94.41091574933422 91
1739453021421 93.76741872620819 92
1739453021424 93.1276629729075 93
1739453021426 92.491645436365 94
1739453021430 91.85936302006328 95
1739453021434 91.2308125832276 96
1739453021437 90.60599094000102 97
1739453021439 89.98489485860105 98
1739453021441 89.36752106045789 99
