1739449810627 87.00323474446938 0
1739449810631 43.24497451563339 1
1739449810635 12.520174823585617 2
1739449810640 0.4885315732529474 3
1739449810644 0.21682989803892697 4
1739449810648 0.09921005694582297 5
1739449810651 0.08808746711064276 6
1739449810655 0.0498662778833183 7
1739449810660 0.1663374583297117 8
1739449810663 0.13166201630007374 9
1739449810666 0.25797546766035745 10
1739449810670 0.16519887844543146 11
1739449810675 0.0451434797772743 12
1739449810679 0.11671563124163262 13
1739449810682 0.24873498049525272 14
1739449810686 0.11201437615845988 15
1739449810691 0.18972524296160334 16
1739449810695 0.08525321797166448 17
1739449810699 0.18812227583136357 18
1739449810705 0.10445703284285326 19
1739449810709 0.25204832103556946 20
1739449810717 0.07614607210977908 21
1739449810725 0.17350280771006238 22
1739449810732 0.11572148112012139 23
1739449810738 0.15473998379709095 24
1739449810745 0.13319366504971444 25
1739449810749 0.1561985794919724 26
1739449810755 0.12531555409600287 27
1739449810760 0.18790737734345844 28
1739449810764 0.19993796302370836 29
