1739450742149 141.0172952468788 0
1739450742157 110.15895104444908 1
1739450742162 79.80363923519475 2
1739450742167 60.990238410526814 3
1739450742174 38.943210878613044 4
1739450742179 24.71172584971188 5
1739450742190 13.966785118293371 6
1739450742195 6.687333188341504 7
1739450742201 1.8708239591028797 8
1739450742209 0.28811274007151555 9
1739450742213 0.13842250675390194 10
1739450742218 0.0965711978298817 11
1739450742228 0.06841298159325995 12
1739450742236 0.24631475696937194 13
1739450742246 0.16236377735954302 14
1739450742252 0.1143823654227235 15
