1739453020288 169.01961904378464 0
1739453020290 168.33176530618744 1
1739453020293 167.44032701061548 2
1739453020295 166.49063903947808 3
1739453020298 165.52618926929 4
1739453020301 164.55997825430472 5
1739453020303 163.5958908958211 6
1739453020305 162.6350875041776 7
1739453020308 161.67791412430518 8
1739453020310 160.72447345787324 9
1739453020314 159.77479548023027 10
1739453020317 158.8288884268798 11
1739453020319 157.88675402971734 12
1739453020322 156.94839206991506 13
1739453020324 156.0138017383212 14
1739453020328 155.08298204186875 15
1739453020331 154.15593192491184 16
1739453020334 153.2326503053776 17
1739453020336 152.3131360854618 18
1739453020338 151.3973881547161 19
1739453020341 150.4854053908606 20
1739453020343 149.57718665991428 21
1739453020346 148.67273081612 22
1739453020349 147.7720367018061 23
1739453020351 146.87510314722667 24
1739453020353 145.98192897039414 25
1739453020356 145.0925129769066 26
1739453020358 144.20685395977205 27
1739453020360 143.3249506992292 28
1739453020363 142.44680196256513 29
1739453020366 141.57240650392947 30
1739453020368 140.70176306414572 31
1739453020370 139.8348703705188 32
1739453020373 138.97172713663923 33
1739453020375 138.1123320621841 34
1739453020379 137.25668383271383 35
1739453020382 136.40478111946592 36
1739453020384 135.55662257914446 37
1739453020387 134.7122068537062 38
1739453020389 133.8715325701423 39
1739453020392 133.03459834025645 40
1739453020394 132.20140276043875 41
1739453020400 131.37194441143532 42
1739453020403 130.5462218581138 43
1739453020405 129.72423364922463 44
1739453020407 128.90597831715743 45
1739453020410 128.09145437769334 46
1739453020413 127.28066032975232 47
1739453020417 126.47359465513608 48
1739453020419 125.67025581826573 49
1739453020421 124.87064226591495 50
1739453020423 124.0747524269376 51
1739453020426 123.28258471199054 52
1739453020429 122.49413751325102 53
1739453020431 121.70940920412858 54
1739453020435 120.92839813897149 55
1739453020437 120.15110265276762 56
1739453020439 119.37752106083933 57
1739453020441 118.60765165853256 58
1739453020444 117.84149272089995 59
1739453020446 117.07904250237756 60
1739453020449 116.32029923645554 61
1739453020451 115.56526113534197 62
1739453020454 114.81392638962045 63
1739453020456 114.06629316790071 64
1739453020458 113.32235961646235 65
1739453020460 112.5821238588915 66
1739453020465 111.84558399571016 67
1739453020468 111.11273810399823 68
1739453020470 110.3835842370079 69
1739453020473 109.65812042377034 70
1739453020475 108.9363446686943 71
1739453020478 108.21825495115667 72
1739453020482 107.50384922508488 73
1739453020485 106.79312541853035 74
1739453020487 106.08608143323383 75
1739453020490 105.38271514418116 76
1739453020493 104.68302439915051 77
1739453020496 103.9870070182498 78
1739453020500 103.29466079344489 79
1739453020502 102.60598348807774 80
1739453020504 101.92097283637472 81
1739453020507 101.23962654294441 82
1739453020509 100.56194228226525 83
1739453020512 99.8879176981621 84
1739453020515 99.21755040327191 85
1739453020517 98.55083797849818 86
1739453020519 97.88777797245362 87
1739453020522 97.2283679008913 88
1739453020524 96.57260524612343 89
1739453020527 95.92048745642778 90
1739453020530 95.27201194544142 91
1739453020533 94.62717609154156 92
1739453020535 93.98597723721265 93
1739453020538 93.3484126884003 94
1739453020540 92.71447971385092 95
1739453020542 92.084175544437 96
1739453020545 91.4574973724679 97
1739453020548 90.83444235098536 98
1739453020551 90.21500759304381 99
