1739449977398 168.90082104802957 0
1739449977400 168.6270029549818 1
1739449977402 168.35340441247575 2
1739449977404 168.08002865743615 3
1739449977406 167.80687584884836 4
1739449977407 167.53394599255475 5
1739449977410 167.2612390867806 6
1739449977414 166.9887551293738 7
1739449977416 166.71649411816534 8
1739449977419 166.44445605098693 9
1739449977420 166.17264092567206 10
1739449977422 165.90104874005598 11
1739449977424 165.62967949197576 12
1739449977427 165.35853317927024 13
1739449977431 165.08760979977998 14
1739449977432 164.81690935134742 15
1739449977434 164.54643183181673 16
1739449977436 164.27617723903393 17
1739449977438 164.00614557084663 18
1739449977440 163.73633682510447 19
1739449977442 163.4667509996587 20
1739449977446 163.19738809236247 21
1739449977449 162.9282481010706 22
1739449977451 162.65933102363982 23
1739449977452 162.39063685792848 24
1739449977454 162.12216560179687 25
1739449977456 161.853917253107 26
1739449977457 161.58589180972268 27
1739449977460 161.31808926950947 28
1739449977463 161.0505096303347 29
1739449977465 160.78315289006756 30
1739449977467 160.51601904657895 31
1739449977469 160.24910809774164 32
1739449977471 159.98242004143012 33
1739449977474 159.71595487552057 34
1739449977481 159.4497125978912 35
1739449977485 159.1836932064218 36
1739449977489 158.91789669899399 37
1739449977495 158.65232307349123 38
1739449977500 158.3869723277987 39
1739449977504 158.12184445980338 40
1739449977509 157.8569394673941 41
1739449977515 157.5922573484614 42
1739449977518 157.3277981008976 43
1739449977522 157.0635617225969 44
1739449977527 156.7995482114551 45
1739449977532 156.53575756537006 46
1739449977535 156.27218978224116 47
1739449977536 156.00884485996966 48
1739449977538 155.74572279645867 49
1739449977540 155.48282358961305 50
1739449977542 155.2201472373394 51
1739449977545 154.95769373754615 52
1739449977547 154.69546308814347 53
1739449977549 154.43345528704342 54
1739449977551 154.1716703321597 55
1739449977553 153.9101082214079 56
1739449977554 153.6487689527054 57
1739449977556 153.38765252397133 58
1739449977558 153.12675893312652 59
1739449977561 152.8660881780938 60
1739449977564 152.6056402567976 61
1739449977566 152.34541516716422 62
1739449977568 152.0854129071217 63
1739449977570 151.82563347459995 64
1739449977571 151.56607686753057 65
1739449977573 151.30674308384698 66
1739449977575 151.04763212148444 67
1739449977579 150.7887439783799 68
1739449977581 150.53007865247218 69
1739449977583 150.2716361417019 70
1739449977585 150.01341644401137 71
1739449977587 149.7554195573447 72
1739449977589 149.49764547964796 73
1739449977591 149.24009420886878 74
1739449977594 148.98276574295673 75
1739449977597 148.72566007986305 76
1739449977599 148.4687772175409 77
1739449977601 148.21211715394514 78
1739449977604 147.9556798870324 79
1739449977606 147.69946541476122 80
1739449977608 147.4434737350918 81
1739449977612 147.18770484598616 82
1739449977616 146.93215874540815 83
1739449977618 146.67683543132333 84
1739449977620 146.42173490169915 85
1739449977622 146.1668571545048 86
1739449977624 145.91220218771127 87
1739449977627 145.65776999929133 88
1739449977631 145.4035605872195 89
1739449977634 145.14957394947214 90
1739449977636 144.89581008402737 91
1739449977638 144.64226898886514 92
1739449977640 144.38895066196721 93
1739449977644 144.135855101317 94
1739449977648 143.88298230489985 95
1739449977650 143.63033227070284 96
1739449977652 143.3779049967148 97
1739449977653 143.12570048092644 98
1739449977655 142.87371872133025 99
