1739451672694 169.01961904378464 0
1739451672697 168.33176530618746 1
1739451672699 167.16666871759702 2
1739451672706 165.6736457820542 3
1739451672709 163.9578691909605 4
1739451672712 162.09308599607314 5
1739451672714 160.1308452080656 6
1739451672717 158.10709919164265 7
1739451672723 156.04688225693428 8
1739451672725 153.96760549152503 9
1739451672728 151.88136695850287 10
1739451672730 149.79656657481567 11
1739451672733 147.7190325256677 12
1739451672739 145.65280576802118 13
1739451672742 143.60068581017802 14
1739451672745 141.56461011031308 15
1739451672748 139.54591766140925 16
1739451672751 137.54553203500583 17
1739451672756 135.564088450798 18
1739451672760 133.60202196466304 19
1739451672762 131.65962865814532 20
1739451672765 129.7371080860019 21
1739451672769 127.83459271626243 22
1739451672774 125.95216834427374 23
1739451672778 124.08988824439464 24
1739451672781 122.24778297730157 25
1739451672785 120.42586718372672 26
1739451672790 118.62414428791483 27
1739451672793 116.84260975126112 28
1739451672796 115.08125332034867 29
1739451672798 113.34006057745032 30
1739451672803 111.61901400711017 31
1739451672807 109.91809372690534 32
1739451672810 108.23727798504937 33
1739451672813 106.57654349598617 34
1739451672816 104.93586566327063 35
1739451672820 103.31521872387877 36
1739451672824 101.71457583758351 37
1739451672827 100.13390913774649 38
1739451672830 98.57318975482525 39
1739451672832 97.03238782039143 40
1739451672838 95.51147245702647 41
1739451672842 94.01041175777495 42
1739451672845 92.5291727576658 43
1739451672847 91.06772139899817 44
1739451672850 89.62602249152216 45
1739451672855 88.20403966825101 46
1739451672859 86.80173533736362 47
1739451672862 85.4190706304627 48
1739451672864 84.05600534731525 49
1739451672867 82.71249789710362 50
1739451672872 81.38850523614218 51
1739451672876 80.08398280196238 52
1739451672878 78.79888444362544 53
1739451672882 77.53316234809161 54
1739451672887 76.28676696244537 55
1739451672891 75.0596469117545 56
1739451672894 73.85174891231893 57
1739451672898 72.66301768004652 58
1739451672902 71.4933958336747 59
1739451672907 70.34282379253887 60
1739451672911 69.21123966857232 61
1739451672913 68.09857915220465 62
1739451672918 67.00477539181063 63
1739451672923 65.92975886634517 64
1739451672926 64.87345725078609 65
1739451672929 63.83579527399278 66
1739451672931 62.81669456857719 67
1739451672934 61.8160735123749 68
1739451672939 60.833847061097025 69
1739451672942 59.869926571741985 70
1739451672945 58.92421961634853 71
1739451672947 57.99662978568038 72
1739451672950 57.08705648244929 73
1739451672955 56.1953947037099 74
1739451672959 55.32153481209691 75
1739451672962 54.46536229562799 76
1739451672965 53.62675751586414 77
1739451672968 52.80559544430897 78
1739451672973 52.00174538704249 79
1739451672977 51.2150706977271 80
1739451672979 50.44542847929991 81
1739451672981 49.69266927488109 82
1739451672985 48.95663674868914 83
1739451672990 48.237167358066685 84
1739451672993 47.53409001809363 85
1739451672996 46.84722576070267 86
1739451672999 46.17638739072604 87
1739451673004 45.52137914189548 88
1739451673009 44.88199633649847 89
1739451673013 44.2580250531648 90
1739451673015 43.649241808121836 91
1739451673021 43.05541325620978 92
1739451673025 42.47629591898494 93
1739451673028 41.911635948340795 94
1739451673030 41.361168935222715 95
1739451673032 40.82461977416406 96
1739451673038 40.30170259548187 97
1739451673042 39.79212077797323 98
1739451673045 39.29556705576808 99
