1739449987345 168.91407275456157 0
1739449987351 168.62525526759222 1
1739449987355 168.33667295815334 2
1739449987360 168.04833703885208 3
1739449987366 167.76024862891848 4
1739449987371 167.4724078393893 5
1739449987376 167.18481468061765 6
1739449987382 166.89746915290215 7
1739449987386 166.61037125553722 8
1739449987390 166.32352098771722 9
1739449987395 166.03691834862641 10
1739449987400 165.75056333744823 11
1739449987404 165.46445595336587 12
1739449987409 165.1785961955627 13
1739449987415 164.8929840632221 14
1739449987419 164.60761955552744 15
1739449987423 164.32250267166225 16
1739449987430 164.03763341080995 17
1739449987434 163.75301177215405 18
1739449987438 163.46863775487822 19
1739449987441 163.18451135816596 20
1739449987447 162.90063258120105 21
1739449987451 162.6170014231671 22
1739449987455 162.33361788324785 23
1739449987459 162.05048196062714 24
1739449987464 161.7675936544887 25
1739449987466 161.4849529640165 26
1739449987468 161.20255988839435 27
1739449987470 160.92041442680625 28
1739449987471 160.6385165784362 29
1739449987473 160.35686634246815 30
1739449987476 160.07546371808627 31
1739449987479 159.79430870447462 32
1739449987481 159.51340130081735 33
1739449987483 159.23274150629868 34
1739449987485 158.95232932010282 35
1739449987487 158.67216474141406 36
1739449987488 158.39224776941674 37
1739449987490 158.11257840329517 38
1739449987493 157.8331566422338 39
1739449987496 157.55398248541707 40
1739449987498 157.27505593202943 41
1739449987501 156.99637698125545 42
1739449987502 156.7179456322797 43
1739449987505 156.43976188428678 44
1739449987506 156.16182573646134 45
1739449987509 155.88413718798807 46
1739449987513 155.60669623805174 47
1739449987515 155.3295028858371 48
1739449987518 155.05255713052898 49
1739449987520 154.7758589713122 50
1739449987521 154.49940840737176 51
1739449987524 154.22320543789257 52
1739449987529 153.94725006205957 53
1739449987531 153.67154227905783 54
1739449987534 153.39608208807246 55
1739449987536 153.12086948828852 56
1739449987539 152.84590447889116 57
1739449987544 152.57118705906564 58
1739449987549 152.29671722799714 59
1739449987551 152.02249498487097 60
1739449987554 151.74852032887247 61
1739449987556 151.474793259187 62
1739449987559 151.201313775 63
1739449987563 150.92808187549684 64
1739449987566 150.6550975598631 65
1739449987568 150.3823608272843 66
1739449987570 150.10987167694597 67
1739449987572 149.83763010803378 68
1739449987574 149.5656361197334 69
1739449987579 149.29388971123055 70
1739449987582 149.0223908817109 71
1739449987585 148.75113963036034 72
1739449987586 148.48013595636465 73
1739449987588 148.2093798589097 74
1739449987590 147.93887133718144 75
1739449987595 147.66861039036584 76
1739449987598 147.39859701764885 77
1739449987600 147.12883121821662 78
1739449987602 146.85931299125514 79
1739449987604 146.5900423359506 80
1739449987606 146.32101925148916 81
1739449987609 146.052243737057 82
1739449987613 145.78371579184048 83
1739449987615 145.51543541502582 84
1739449987618 145.24740260579938 85
1739449987620 144.97961736334756 86
1739449987622 144.7120796868568 87
1739449987624 144.4447895755136 88
1739449987628 144.17774702850446 89
1739449987632 143.9109520450159 90
1739449987634 143.6444046242346 91
1739449987636 143.37810476534713 92
1739449987638 143.11205246754025 93
1739449987640 142.8462477300007 94
1739449987644 142.58069055191518 95
1739449987647 142.3153809324706 96
1739449987650 142.05031887085377 97
1739449987651 141.7855043662516 98
1739449987653 141.52093741785106 99
