1739449496545 92.4807740261733 0
1739449496548 34.11381396920775 1
1739449496552 4.310824945803263 2
1739449496555 0.09177469059538737 3
1739449496559 0.2239539080886485 4
1739449496563 0.09614421552372068 5
1739449496565 0.2560200131180175 6
1739449496569 0.2139911115819408 7
1739449496573 0.23936295664940546 8
1739449496576 0.07353478167397305 9
1739449496579 0.12991292321477466 10
1739449496582 0.1547314556065092 11
1739449496585 0.14349991046983718 12
1739449496589 0.15889479083458402 13
1739449496593 0.0763078019521673 14
1739449496596 0.28479664348293926 15
1739449496599 0.26218218883210626 16
