1739450300937 148.351854424757 0
1739450300942 119.66220570219515 1
1739450300947 90.07438601860854 2
1739450300951 65.80242448505666 3
1739450300954 53.20009456609116 4
1739450300957 39.02739653269958 5
1739450300963 25.525032109273607 6
1739450300967 15.177236324485767 7
1739450300971 8.18478151826587 8
1739450300974 3.101643622657598 9
1739450300980 0.5726069115012944 10
1739450300984 0.24589283914159474 11
1739450300987 0.1494206626007395 12
1739450300990 0.16644132401184877 13
1739450300996 0.09965709258608639 14
1739450301000 0.21382908666051328 15
1739450301003 0.1270745789350618 16
1739450301006 0.11521113408970378 17
1739450301012 0.13844931217344927 18
1739450301016 0.17226528160080792 19
1739450301019 0.0844722421612494 20
1739450301021 0.2849042623296625 21
1739450301025 0.14961973436136056 22
1739450301030 0.1797780286325854 23
1739450301034 0.18871516442986244 24
1739450301037 0.21091736389509796 25
1739450301040 0.14552597334006118 26
1739450301046 0.12063364898069122 27
1739450301050 0.2483706274591279 28
1739450301053 0.13268128633699627 29
