1739449856157 87.57117273156499 0
1739449856161 28.801138836215593 1
1739449856164 2.4051304893251713 2
1739449856170 0.0755599823462821 3
1739449856174 0.08662641121116468 4
1739449856178 0.06759379511615715 5
1739449856181 0.10993230965124648 6
1739449856187 0.284917900914918 7
1739449856191 0.06331047663044871 8
1739449856196 0.07720450668205438 9
1739449856200 0.08916356954529031 10
1739449856206 0.10921193132600135 11
1739449856211 0.08958086776528043 12
1739449856216 0.09244431019669334 13
1739449856221 0.4053144026696749 14
1739449856227 0.1466092482737353 15
1739449856231 0.1660727718220864 16
1739449856236 0.2268765301593959 17
1739449856242 0.14214257010392536 18
1739449856246 0.08958796601469353 19
1739449856251 0.11008569698362258 20
1739449856255 0.2940127474133677 21
1739449856259 0.18801323247960422 22
1739449856262 0.14498357814946655 23
1739449856265 0.0964510970945586 24
1739449856270 0.3271140631448243 25
1739449856274 0.1949313673773993 26
1739449856278 0.19540014752319002 27
1739449856281 0.14797261542671192 28
1739449856288 0.16580324988868847 29
1739449856291 0.19822813246922083 30
1739449856294 0.23711462057915306 31
1739449856298 0.14542160258593567 32
1739449856304 0.14139876535085033 33
1739449856309 0.09837191690608671 34
1739449856313 0.08334010305305609 35
1739449856318 0.13021002245364968 36
1739449856322 0.23408600334181964 37
