1739449380629 91.22881674915294 0
1739449380632 22.718538845738067 1
1739449380635 1.0218804159226864 2
1739449380637 0.04399921396739562 3
1739449380640 0.13088692801124188 4
1739449380645 0.2156139351129004 5
1739449380648 0.015889698712132187 6
1739449380651 0.06748657094026195 7
1739449380653 0.12248325614188874 8
1739449380656 0.11733667731047757 9
1739449380660 0.019330830707761582 10
1739449380664 0.2643905410982009 11
1739449380667 0.1303851370203196 12
1739449380670 0.021904470658284988 13
1739449380673 0.045641342555187675 14
1739449380676 0.13757590745276463 15
1739449380681 0.05436433833882998 16
1739449380683 0.013794598122488011 17
1739449380686 0.05577639068943313 18
1739449380689 0.1641536681429922 19
1739449380693 0.02103668944457559 20
1739449380697 0.3201210047630502 21
1739449380700 0.056934653022713465 22
1739449380702 0.1679573949981509 23
1739449380705 0.2031858742616324 24
1739449380708 0.3877868865532884 25
1739449380713 0.23807341323339085 26
1739449380716 0.09916158655666374 27
1739449380719 0.09041200276190867 28
1739449380722 0.08896282401788141 29
1739449380725 0.2288831849266496 30
1739449380731 0.1310319749070303 31
1739449380734 0.07880480414468113 32
1739449380736 0.05114613579907954 33
1739449380739 0.08237331055740504 34
1739449380744 0.09009043043520351 35
1739449380748 0.5313032663638951 36
1739449380751 0.017935867718239757 37
1739449380755 0.37273907346598434 38
1739449380758 0.08023075146071584 39
1739449380766 0.26275805554110043 40
1739449380769 0.05224719366938532 41
1739449380772 0.05258063500315723 42
1739449380776 0.04959665006334815 43
1739449380781 0.14971357828879495 44
1739449380785 0.12669151085564087 45
1739449380788 0.05958032697061871 46
1739449380791 0.24573731115075584 47
1739449380796 0.36800851126538753 48
1739449380800 0.008555452763929909 49
1739449380803 0.1798831627550099 50
1739449380806 0.03258342410980722 51
1739449380810 0.05920285460855524 52
1739449380815 0.12967297820026127 53
1739449380818 0.07558311382978374 54
1739449380822 0.0806645636978703 55
1739449380825 0.03854087526935751 56
1739449380831 0.2489466758123271 57
1739449380835 0.22449016102774044 58
1739449380838 0.19726504503824585 59
1739449380842 0.12518300082315015 60
1739449380846 0.07797356370030471 61
1739449380850 0.10352876911434289 62
1739449380854 0.07963516452535853 63
1739449380857 0.029492014864666162 64
1739449380861 0.504679207797003 65
1739449380865 0.10713940434552749 66
1739449380869 0.21980354156888515 67
1739449380872 0.03371934292976587 68
1739449380876 0.029398335764397425 69
1739449380881 0.03158307692338744 70
1739449380885 0.05144246543861548 71
1739449380889 0.07776497524655102 72
1739449380892 0.040581484041981614 73
1739449380898 0.3168959677912155 74
1739449380902 0.1691030476047062 75
1739449380905 0.07910346012633873 76
1739449380908 0.1542593190379909 77
1739449380914 0.03573937008681416 78
1739449380917 0.05703092927375124 79
1739449380920 0.3502720077702801 80
1739449380923 0.6620197024938936 81
1739449380928 0.35693048341153466 82
1739449380932 0.15112851677472552 83
1739449380936 0.051837507785716955 84
1739449380938 0.11932568580672102 85
1739449380942 0.08625687242585148 86
1739449380947 0.05708279245387615 87
1739449380951 0.07411238151266278 88
1739449380954 0.10096137652517861 89
1739449380958 0.07812430841065082 90
