1739453132250 0.1494853305234161 0
1739453132341 0.15866295603599823 1
1739453132443 2.1908851582578076e-05 2
1739453132535 0.07980733557747204 3
1739453132626 0.030896826183244037 4
1739453132728 0.08482355955912745 5
1739453132825 0.4844473505917464 6
1739453132918 0.17866730461850855 7
1739453133011 0.16586290635721646 8
1739453133102 0.003490184636815781 9
1739453133194 0.018771242852656588 10
1739453133286 0.01504269272778139 11
1739453133378 0.0019190041552229146 12
1739453133471 0.00018743259379858327 13
1739453133592 0.13900851519542132 14
1739453133684 0.04353278590957165 15
