1739453079097 47.26732779243109 0
1739453079103 15.805453788857724 1
1739453079108 8.223886396510487 2
1739453079113 3.076365367830399 3
1739453079117 1.7405801355021882 4
1739453079121 0.4603003594514735 5
1739453079126 0.3527463318668692 6
1739453079130 0.24364983046176655 7
1739453079135 0.16989018615024024 8
1739453079139 0.13364488519564824 9
1739453079143 0.07614606948147279 10
1739453079148 0.08197403094756914 11
1739453079152 0.1233047890991633 12
1739453079156 0.06244638772715535 13
1739453079161 0.11639766694370261 14
1739453079165 0.09433788238882049 15
1739453079169 0.17477693061016794 16
1739453079173 0.07877529938117303 17
1739453079179 0.10815691670961644 18
1739453079184 0.1473914846472754 19
1739453079188 0.10511112938455251 20
1739453079192 0.11510136078802431 21
1739453079196 0.0672141104262345 22
1739453079200 0.13128348389584413 23
1739453079205 0.07896883339301732 24
1739453079209 0.0911058192381796 25
1739453079213 0.15025972069518095 26
1739453079217 0.1303853482212493 27
1739453079221 0.14811567539504375 28
1739453079225 0.031304985327989275 29
1739453079229 0.1546787244895016 30
1739453079234 0.0792710301841668 31
1739453079238 0.11668838894297558 32
1739453079242 0.06684764821963314 33
1739453079247 0.0692851032976259 34
1739453079251 0.10414185002704715 35
1739453079255 0.14823150123372691 36
1739453079259 0.11194539948301381 37
1739453079264 0.14019474624857342 38
1739453079268 0.10174810232420378 39
1739453079272 0.05029180588279728 40
1739453079276 0.11661788302992024 41
1739453079281 0.12505831518115856 42
1739453079285 0.12711174137160583 43
1739453079289 0.07466792779379186 44
1739453079294 0.11956341987622221 45
1739453079298 0.04705140461948777 46
1739453079302 0.1117283372537824 47
1739453079306 0.058592520161082 48
1739453079310 0.10211759019304394 49
1739453079315 0.12898766560862887 50
1739453079319 0.08795674457233103 51
1739453079323 0.12566530810719154 52
1739453079327 0.1328713669881222 53
1739453079331 0.10908452183178556 54
