1739451448559 38.84793461468218 0
1739451448567 0.06103302835304199 1
1739451448574 0.1876539821679393 2
1739451448584 0.20647995557415624 3
1739451448594 0.15737031452288144 4
1739451448606 0.11149021101784948 5
1739451448615 0.16389559956333347 6
1739451448625 0.07651770670504301 7
1739451448632 0.32726312892860226 8
1739451448637 0.14235002918081147 9
1739451448647 0.16164287137223826 10
1739451448654 0.3295132523843992 11
1739451448660 0.16998074323776904 12
1739451448669 0.11057896343511031 13
1739451448674 0.30804381248197765 14
1739451448678 0.12112074016403467 15
1739451448685 0.3603975808600363 16
1739451448689 0.09890162196134208 17
1739451448694 0.13673923213975553 18
1739451448700 0.18699393685887736 19
1739451448705 0.12901581574622 20
1739451448709 0.10773214764313048 21
1739451448713 0.12731576742012463 22
1739451448719 0.13696070977074376 23
1739451448724 0.1270288162692006 24
1739451448728 0.14567947619293015 25
1739451448736 0.14481485006649877 26
1739451448741 0.1928313558095029 27
1739451448745 0.1739232120525351 28
1739451448751 0.12007333223424652 29
1739451448757 0.31345600329000994 30
1739451448761 0.18777623492480103 31
1739451448768 0.07792458220810275 32
1739451448774 0.2541105165337835 33
1739451448778 0.08795922957387343 34
1739451448784 0.16989237000284846 35
1739451448789 0.13692403065689235 36
1739451448794 0.11618084714126417 37
1739451448799 0.16201562694241062 38
1739451448805 0.1515900661831235 39
1739451448809 0.13939446613855896 40
1739451448814 0.33366436067391103 41
1739451448823 0.07719263272124452 42
1739451448827 0.14099889130547322 43
1739451448834 0.19412122495274425 44
1739451448841 0.12539450097543214 45
1739451448847 0.1286457449421074 46
1739451448854 0.238182070735829 47
1739451448858 0.07079384278198499 48
1739451448864 0.21621689794935467 49
1739451448871 0.08779255181352034 50
1739451448876 0.19900518787357274 51
1739451448881 0.07008581714008125 52
1739451448887 0.24428590271211884 53
