1739451678074 169.01961904378464 0
1739451678077 168.75943079958154 1
1739451678080 168.29159831599296 2
1739451678082 167.65846478530784 3
1739451678086 166.89407614688156 4
1739451678090 166.0257582542401 5
1739451678093 165.07541234514724 6
1739451678095 164.06057218635266 7
1739451678097 162.9952624231856 8
1739451678100 161.89069281826275 9
1739451678105 160.7558180589182 10
1739451678108 159.5977880926052 11
1739451678111 158.4223097187905 12
1739451678113 157.23393649380134 13
1739451678116 156.0363008861453 14
1739451678122 154.8323000107944 15
1739451678126 153.62424411255373 16
1739451678128 152.41397519777453 17
1739451678131 151.2029617698271 18
1739451678134 149.99237445217733 19
1739451678138 148.78314633579996 20
1739451678142 147.5760211242341 21
1739451678145 146.3715915356239 22
1739451678148 145.17032992821802 23
1739451678151 143.9726127207065 24
1739451678156 142.77873986242085 25
1739451678159 141.588950355346 26
1739451678163 140.40343462758364 27
1739451678167 139.22234439627672 28
1739451678172 138.04580052893337 29
1739451678176 136.87389930905584 30
1739451678180 135.70671742976174 31
1739451678184 134.54431597348565 32
1739451678188 133.38674358352802 33
1739451678191 132.23403899148732 34
1739451678195 131.08623303133743 35
1739451678199 129.9433502443797 36
1739451678203 128.8054101581472 37
1739451678207 127.67242830547596 38
1739451678210 126.54441703651693 39
1739451678215 125.4213861657462 40
1739451678219 124.30334348749255 41
1739451678222 123.19029518669419 42
1739451678225 122.08224616617042 43
1739451678228 120.97920030737282 44
1739451678232 119.88116067813174 45
1739451678238 118.7881296981706 46
1739451678242 117.70010927097059 47
1739451678245 116.6171008888252 48
1739451678249 115.53910571653357 49
1739451678253 114.46612465807537 50
1739451678257 113.39815840972673 51
1739451678261 112.33520750237372 52
1739451678265 111.27727233521975 53
1739451678269 110.2243532026368 54
1739451678273 109.17645031555473 55
1739451678277 108.13356381849918 56
1739451678282 107.0956938031634 57
1739451678288 106.06284031921851 58
1739451678292 105.03500338292434 59
1739451678296 104.01218298398797 60
1739451678300 102.9943790910265 61
1739451678305 101.98159165591811 62
1739451678309 100.97382061726759 63
1739451678313 99.97106590316636 64
1739451678315 98.97332743339079 65
1739451678320 97.98060512115288 66
1739451678324 96.99289887449463 67
1739451678327 96.01020859739857 68
1739451678330 95.03253419067201 69
1739451678333 94.05987555265149 70
1739451678337 93.09223257976355 71
1739451678340 92.1296051669715 72
1739451678344 91.1719932081312 73
1739451678347 90.21939659627431 74
1739451678350 89.271815223834 75
1739451678354 88.3292489828246 76
1739451678358 87.39169776498474 77
1739451678361 86.4591614618915 78
1739451678364 85.531639965051 79
1739451678367 84.60913316597096 80
1739451678371 83.6916409562183 81
1739451678375 82.77916322746502 82
1739451678380 81.871699871525 83
1739451678383 80.96925078038305 84
1739451678387 80.07181584621836 85
1739451678392 79.17939496142299 86
1739451678396 78.29198801861683 87
1739451678399 77.40959491065946 88
1739451678402 76.53221553065973 89
1739451678407 75.65984977198323 90
1739451678411 74.79249752825866 91
1739451678414 73.93015869338258 92
1739451678416 73.0728331615235 93
1739451678421 72.2205208271251 94
1739451678424 71.37322158490889 95
1739451678427 70.53093532987629 96
1739451678430 69.69366195731057 97
1739451678433 68.86140136277812 98
1739451678438 68.03415344212999 99
