1739451571277 40.72087770156804 0
1739451571284 0.12447129264112892 1
1739451571288 0.19246555006600188 2
1739451571295 0.09994444569267295 3
1739451571300 0.10937639533125318 4
1739451571304 0.13575209443453407 5
1739451571312 0.17937340793314305 6
1739451571319 0.20722448211245612 7
1739451571325 0.19118783391686134 8
1739451571333 0.07990090799469993 9
1739451571338 0.08767674974406349 10
1739451571345 0.15283033959032505 11
1739451571350 0.24005470175299504 12
1739451571356 0.0788811936059762 13
1739451571366 0.17970696894996246 14
1739451571373 0.18836007017798181 15
1739451571380 0.1410963541456435 16
1739451571385 0.09058755217988494 17
1739451571390 0.20079162190025224 18
1739451571397 0.2557919757294035 19
1739451571402 0.12065379133955767 20
1739451571408 0.18816436747473295 21
1739451571416 0.0913022969485624 22
1739451571420 0.12072216856710367 23
1739451571425 0.2800473655479279 24
1739451571432 0.12805382650137356 25
1739451571437 0.1955533723118258 26
1739451571443 0.26840914389126413 27
1739451571449 0.1566429024572617 28
1739451571455 0.22093202953552743 29
1739451571464 0.11608312837019741 30
1739451571470 0.06305920110862136 31
1739451571478 0.19506546743936826 32
1739451571483 0.06639681605744878 33
1739451571487 0.13384096781326774 34
1739451571493 0.0710579877735195 35
1739451571499 0.13231791132188514 36
1739451571503 0.13151835577359308 37
1739451571508 0.17641849862540931 38
1739451571515 0.2988770345602316 39
1739451571520 0.18602120061763722 40
1739451571526 0.07272554690777688 41
1739451571532 0.08480844232145812 42
1739451571535 0.26608905878847977 43
1739451571541 0.16802584838052462 44
1739451571547 0.12248078153354564 45
1739451571551 0.0892132993144243 46
1739451571556 0.18385575896395978 47
1739451571562 0.1491723029062675 48
1739451571567 0.11328221594686794 49
1739451571571 0.12175051775412722 50
1739451571578 0.3339493575182025 51
1739451571583 0.28069066330509895 52
1739451571587 0.28008719688359457 53
1739451571592 0.1257493484204002 54
1739451571598 0.16039515390816703 55
1739451571603 0.1835598146206054 56
1739451571610 0.0795497159941449 57
1739451571617 0.16914433306131266 58
1739451571621 0.13462018411266127 59
1739451571628 0.1827992543572068 60
1739451571634 0.054446318685999 61
1739451571640 0.19491872548993444 62
1739451571648 0.12750937114749875 63
1739451571654 0.1852305843319828 64
1739451571662 0.21694785394036828 65
1739451571668 0.09616931883027695 66
1739451571674 0.09320977706175361 67
1739451571682 0.12170976125040925 68
1739451571687 0.13051433745865162 69
1739451571696 0.14787040299474613 70
1739451571702 0.09383360144210881 71
1739451571708 0.17441912947624458 72
1739451571715 0.12473441913294282 73
1739451571721 0.11435875426467913 74
1739451571727 0.09800585132161425 75
1739451571734 0.14435981824770766 76
1739451571739 0.11106742777903111 77
1739451571746 0.06917922295119582 78
1739451571752 0.2285838356563985 79
1739451571758 0.1387903469038086 80
1739451571764 0.10847661163209017 81
1739451571770 0.2293184430881683 82
1739451571776 0.20214866697884884 83
1739451571783 0.16021934197502588 84
1739451571788 0.13603284520217113 85
1739451571795 0.10317852812490874 86
1739451571801 0.09134489957220249 87
1739451571806 0.06181108141488409 88
1739451571814 0.11109673987287648 89
1739451571819 0.1462607048643025 90
1739451571825 0.048513609097945505 91
1739451571832 0.15815761055461963 92
1739451571837 0.17002084046944063 93
1739451571843 0.08020600456076593 94
1739451571849 0.08810443695356457 95
1739451571854 0.16117850889651214 96
1739451571860 0.12518879673937267 97
1739451571866 0.06983356640174751 98
1739451571871 0.2097396401734592 99
