1739450211418 133.2241688166477 0
1739450211426 108.04664947184773 1
1739450211437 77.44822234672357 2
1739450211446 59.44927857766887 3
1739450211455 38.74794855636581 4
1739450211461 27.24701608697948 5
1739450211468 14.517850964303296 6
1739450211475 6.593867891635024 7
1739450211484 1.578528623076859 8
1739450211490 0.16481100599821893 9
1739450211495 0.2012726359858388 10
1739450211501 0.15173344865626281 11
1739450211506 0.18655483359125088 12
1739450211510 0.30563628398913684 13
1739450211516 0.045672630769656636 14
1739450211522 0.19741175489181415 15
1739450211526 0.05337554521661442 16
1739450211531 0.19821476882122951 17
1739450211538 0.09074789333482833 18
1739450211542 0.1315303421303178 19
1739450211546 0.06736968641475682 20
