1739449385721 79.7474940419616 0
1739449385725 25.005426414507827 1
1739449385731 0.6840525874487158 2
1739449385734 0.12191570206842367 3
1739449385737 0.08948452923044321 4
1739449385739 0.0623007616743231 5
1739449385743 0.14379396144732537 6
1739449385748 0.25902769238857104 7
1739449385751 0.2578139878382994 8
1739449385753 0.07083580126817408 9
1739449385756 0.2842912501506238 10
1739449385760 0.05694041803447756 11
1739449385764 0.036020716816100355 12
1739449385767 0.0507276554038854 13
1739449385770 0.03324480277185521 14
1739449385774 0.4079922063062068 15
