1739452042277 41.961737414292244 0
1739452042285 0.16689442462625712 1
1739452042291 0.21085177794226526 2
1739452042295 0.20297243660233005 3
1739452042302 0.10342002722258456 4
1739452042308 0.13570037451606176 5
1739452042314 0.09707034368936564 6
1739452042321 0.14995169002880313 7
1739452042326 0.27853332375337847 8
1739452042332 0.04173174120208078 9
1739452042340 0.11810121923046037 10
1739452042345 0.2263763060014393 11
1739452042352 0.09255584727711096 12
1739452042357 0.1600839816573405 13
1739452042361 0.18913894896237782 14
1739452042368 0.22294696438409525 15
1739452042375 0.17504611346967897 16
1739452042379 0.048839724904991826 17
1739452042385 0.04924611132872358 18
1739452042391 0.17329985628585215 19
1739452042396 0.13540275056440673 20
1739452042403 0.16081296920444946 21
1739452042408 0.24234379212960472 22
1739452042412 0.17890351887586928 23
1739452042419 0.20945631912896778 24
1739452042424 0.0894045701202456 25
1739452042429 0.28516272866988385 26
1739452042435 0.19516755378766878 27
1739452042440 0.1917849792325816 28
1739452042444 0.06709815338771424 29
1739452042451 0.055801954705168084 30
1739452042456 0.21599983976083403 31
1739452042461 0.11686912306723944 32
1739452042468 0.11892939855692368 33
1739452042474 0.11386837714753115 34
1739452042479 0.14724323059109753 35
1739452042488 0.12919283794667405 36
1739452042495 0.17142133996504705 37
1739452042502 0.0971874208694562 38
1739452042507 0.1425101361105934 39
1739452042512 0.13961207927060562 40
1739452042519 0.14458058999698434 41
1739452042526 0.1318722086470494 42
1739452042532 0.07028249923179324 43
1739452042538 0.18138860375758212 44
1739452042543 0.050463493256908576 45
1739452042547 0.1101702734592586 46
1739452042554 0.0591223242452779 47
1739452042559 0.14129377296896287 48
1739452042564 0.053873208737890504 49
1739452042571 0.07668812810379105 50
1739452042576 0.1693943069923294 51
1739452042582 0.10744413104626027 52
1739452042592 0.05682100612751877 53
1739452042600 0.19061505589090302 54
1739452042607 0.09474057403292087 55
1739452042614 0.19160523475388674 56
1739452042621 0.1700131632001623 57
1739452042626 0.16167958847640243 58
1739452042631 0.1282846641285432 59
1739452042638 0.13469579422523076 60
1739452042643 0.1129983336766315 61
1739452042648 0.17729511427551273 62
1739452042655 0.174116448368817 63
1739452042660 0.1008921685133392 64
1739452042665 0.09255450011056733 65
1739452042671 0.11313347164733585 66
1739452042676 0.1529098149744476 67
1739452042680 0.12871456968620418 68
1739452042687 0.21270866279167921 69
1739452042692 0.17056923651251446 70
1739452042696 0.06992396249278758 71
1739452042704 0.09484253681428308 72
1739452042709 0.1561234211682184 73
1739452042713 0.17011262963768795 74
1739452042721 0.17529634499482208 75
1739452042726 0.22775684356799022 76
1739452042732 0.08655178520142984 77
1739452042740 0.16769214342461017 78
1739452042744 0.10919407135280683 79
1739452042750 0.07968793993514674 80
1739452042756 0.18185153229606404 81
1739452042761 0.054965289573876946 82
1739452042768 0.14965286164479982 83
1739452042774 0.1275739518657637 84
1739452042778 0.17729175918339077 85
1739452042785 0.14606326114866497 86
1739452042791 0.30463783744451295 87
1739452042795 0.11272083996625035 88
1739452042802 0.17102884191820802 89
1739452042808 0.2144518372965776 90
1739452042811 0.2194985043501236 91
1739452042819 0.28709080840859985 92
1739452042824 0.19016387926025982 93
1739452042828 0.23159672276557644 94
1739452042835 0.11662408521262503 95
1739452042841 0.06997252422615588 96
1739452042846 0.1591151463628667 97
1739452042854 0.1099604500717724 98
1739452042859 0.11992948685909145 99
