1739452089428 38.78341380257862 0
1739452089435 0.09225907955660728 1
1739452089439 0.16617039071254758 2
1739452089443 0.09202333824748476 3
1739452089449 0.08602616387009883 4
1739452089454 0.0967300115898011 5
1739452089458 0.10857584820789928 6
1739452089463 0.08298746184608455 7
1739452089470 0.24234984623561595 8
1739452089475 0.21220794802931897 9
1739452089482 0.2149624536892048 10
1739452089487 0.17303661155709796 11
1739452089490 0.10468913993610396 12
1739452089497 0.18300094147766674 13
1739452089503 0.1590446402887968 14
1739452089507 0.155430874193863 15
1739452089511 0.17608267153996554 16
1739452089518 0.1157781910363126 17
1739452089523 0.05727677105453398 18
1739452089526 0.4124410026190715 19
1739452089533 0.11116984809581827 20
1739452089538 0.08785309706219606 21
1739452089542 0.10310443667212646 22
1739452089548 0.11157942933647928 23
1739452089555 0.22009736350545941 24
1739452089559 0.12745521494122286 25
1739452089567 0.14692183012082613 26
1739452089572 0.07717487026318322 27
1739452089576 0.09100932575765393 28
1739452089583 0.07079492646533614 29
