1739451222019 34.8515415039576 0
1739451222023 0.1489291991439789 1
1739451222030 0.11415002189738181 2
1739451222036 0.1231498770154421 3
1739451222040 0.24256068433428227 4
1739451222047 0.1534011980547878 5
1739451222052 0.08304776979486495 6
1739451222055 0.16383240307017047 7
1739451222061 0.12104701875480703 8
1739451222067 0.12220277903859544 9
1739451222070 0.16809446232243275 10
1739451222074 0.22576521898419694 11
1739451222080 0.10702338001033627 12
1739451222085 0.1381139599411052 13
1739451222089 0.1746601892201455 14
1739451222094 0.17125164635058215 15
1739451222100 0.3889731036821007 16
1739451222103 0.05425725560017255 17
1739451222107 0.07903849980516967 18
1739451222113 0.07575470086569933 19
1739451222118 0.34566836164719855 20
1739451222122 0.13959673495704097 21
1739451222128 0.10590263087002819 22
1739451222134 0.06297848316111848 23
1739451222139 0.08746433267133571 24
1739451222143 0.059867825808591055 25
1739451222150 0.21709935220728585 26
1739451222154 0.07408170300739414 27
1739451222158 0.21811180436710811 28
1739451222165 0.08912463957070946 29
1739451222170 0.20824950189578825 30
1739451222174 0.15962118193638009 31
1739451222181 0.051323018491437805 32
1739451222185 0.13528379842924362 33
1739451222189 0.09168925398882936 34
1739451222196 0.18921574939020758 35
1739451222201 0.230719282766518 36
1739451222205 0.06554266021316225 37
1739451222211 0.16708049282006943 38
1739451222217 0.24140970954647262 39
1739451222222 0.10468725031604684 40
1739451222229 0.12756467729436333 41
1739451222235 0.06486209716800993 42
1739451222240 0.09875757177864143 43
1739451222247 0.17680298476985487 44
1739451222251 0.06812133255523699 45
1739451222255 0.12741867020182038 46
1739451222260 0.1055359417653382 47
1739451222267 0.12568257709731545 48
1739451222270 0.1431565147337543 49
1739451222275 0.27537419213675246 50
1739451222281 0.19092933353177496 51
1739451222285 0.19277751632021958 52
1739451222289 0.2574722326768453 53
1739451222294 0.06548326450965503 54
1739451222300 0.13479195501889465 55
1739451222304 0.08900498367056627 56
1739451222308 0.08795877925577307 57
1739451222315 0.1823077657474562 58
1739451222319 0.15068545330109748 59
1739451222323 0.11867964199781325 60
1739451222330 0.17515457677775345 61
1739451222336 0.11959922682679376 62
1739451222340 0.12691186794557233 63
1739451222347 0.09836661491164354 64
1739451222352 0.11940888908184404 65
1739451222355 0.12116179641812584 66
1739451222361 0.12426682413762306 67
1739451222367 0.06482326971306092 68
1739451222371 0.2254623583108138 69
1739451222376 0.10460117697624284 70
1739451222382 0.10876696942231323 71
1739451222386 0.17647679039389974 72
1739451222390 0.16513955417468734 73
1739451222397 0.23034358592146797 74
1739451222402 0.10866657748470426 75
1739451222407 0.07461405842234939 76
1739451222414 0.08310596277950832 77
1739451222419 0.15156175635086663 78
1739451222423 0.2190991216833628 79
1739451222430 0.11862999966824647 80
1739451222435 0.22526822094019602 81
1739451222439 0.14126749931376076 82
1739451222444 0.1669082170200426 83
1739451222451 0.258856226293633 84
1739451222457 0.12504344893305538 85
1739451222463 0.11026308002776856 86
1739451222469 0.18218522831813136 87
1739451222473 0.17682609429313956 88
1739451222481 0.10097009316771255 89
1739451222487 0.11685140656472072 90
1739451222492 0.16672515607550945 91
1739451222499 0.07861272312123081 92
1739451222504 0.12070864351716996 93
1739451222509 0.18077002688639315 94
1739451222518 0.18446447627077003 95
1739451222523 0.12267052807888103 96
1739451222531 0.2255094667362905 97
1739451222537 0.1030568375086237 98
1739451222544 0.33883721782731363 99
