1739451214743 42.294931165846556 0
1739451214750 0.14202934089257052 1
1739451214755 0.09310497003299234 2
1739451214759 0.16271203151254104 3
1739451214765 0.06734847233871986 4
1739451214769 0.17313801810213766 5
1739451214773 0.1491113990527477 6
1739451214780 0.16765283529437028 7
1739451214785 0.20472978733479255 8
1739451214789 0.05639131412736198 9
1739451214795 0.09054188034582147 10
1739451214801 0.09805826892911838 11
1739451214806 0.15317606051989444 12
1739451214811 0.09931147414733733 13
1739451214818 0.1664106208835408 14
1739451214821 0.11803547669108064 15
1739451214826 0.07759757345232046 16
1739451214832 0.09402960446350972 17
1739451214837 0.1509099669606614 18
1739451214840 0.08591733439919354 19
1739451214847 0.3429970564518331 20
1739451214851 0.09582892147705964 21
1739451214855 0.1976733522554244 22
1739451214859 0.09127323567370091 23
1739451214865 0.18253665983586953 24
1739451214870 0.14604605118892464 25
1739451214874 0.07476621596089188 26
1739451214880 0.19444094617845986 27
1739451214885 0.07498294295163212 28
1739451214889 0.20809018805601406 29
1739451214896 0.15168618696252395 30
1739451214904 0.2703011796731862 31
1739451214910 0.1401626953235539 32
1739451214917 0.17199118555619014 33
1739451214922 0.08403390030407455 34
1739451214929 0.11893508759886422 35
1739451214937 0.0972620615274856 36
1739451214943 0.12413379074336184 37
1739451214953 0.1284679193117136 38
1739451214958 0.16407968966554842 39
1739451214967 0.2663363610286915 40
1739451214977 0.1388565690524154 41
1739451214985 0.15618946826079744 42
1739451214993 0.09706561503844996 43
1739451215001 0.16471796964785634 44
1739451215010 0.0987769708347008 45
1739451215018 0.21868583429944144 46
1739451215027 0.10625879913071692 47
1739451215034 0.18635156825222646 48
1739451215037 0.20841727376475755 49
1739451215041 0.21023710483803965 50
1739451215048 0.4156293385502031 51
1739451215053 0.19526302156949848 52
1739451215056 0.16637122107133073 53
1739451215063 0.22593546252238156 54
1739451215069 0.1003070060415481 55
1739451215073 0.1452190500911119 56
1739451215079 0.17160723731206415 57
1739451215084 0.21614058650730703 58
1739451215088 0.15931120628246676 59
1739451215093 0.34666779469476666 60
1739451215100 0.2168261756891959 61
1739451215104 0.1727494052128771 62
1739451215109 0.24098013627070786 63
1739451215116 0.20681446944804677 64
1739451215120 0.1624050047041053 65
1739451215124 0.05076130311494887 66
1739451215131 0.11362513022800742 67
1739451215136 0.07976484899638694 68
1739451215139 0.21295813406179484 69
1739451215146 0.18213357117446854 70
1739451215151 0.12825455275164227 71
1739451215154 0.09856974692361453 72
1739451215158 0.17946052282211974 73
1739451215166 0.10231043100540639 74
1739451215171 0.09754725861690552 75
1739451215175 0.14623588822753722 76
1739451215182 0.16076941130014216 77
1739451215186 0.0844568432959452 78
1739451215190 0.2437342807140847 79
1739451215197 0.24540946488946758 80
1739451215204 0.1137948113889468 81
1739451215209 0.15372656367961257 82
1739451215216 0.06363131678019075 83
1739451215220 0.14899635590707996 84
1739451215224 0.07467616493546322 85
1739451215230 0.15919457774638784 86
1739451215235 0.14555299611133266 87
1739451215240 0.23130960719773772 88
1739451215246 0.2699944244058505 89
