1739450765418 117.9753837806699 0
1739450765424 65.99121692885105 1
1739450765428 31.922747289433296 2
1739450765431 9.921773272983323 3
1739450765436 0.36299840253804583 4
1739450765441 0.15842108955080864 5
1739450765447 0.13891731898550072 6
1739450765454 0.1924862401164161 7
1739450765458 0.1007412803831602 8
1739450765462 0.12780263597250743 9
1739450765465 0.20048015522288645 10
1739450765472 0.3690706558935907 11
1739450765476 0.144593341783338 12
1739450765479 0.073556952918467 13
1739450765483 0.39175184671709234 14
1739450765490 0.24875945966063653 15
1739450765493 0.17013606205315498 16
