1739453085662 24.152689643578213 0
1739453085668 4.153082902082199 1
1739453085673 0.5921474255340771 2
1739453085677 0.13939439643159385 3
1739453085681 0.12627171658358322 4
1739453085686 0.03332150861627882 5
1739453085690 0.11091891958353797 6
1739453085695 0.09981320162643365 7
1739453085700 0.08993356419210535 8
1739453085704 0.1016038192584996 9
1739453085709 0.1045274260019696 10
1739453085713 0.1490481628093054 11
1739453085718 0.05027248629715508 12
1739453085723 0.045076882760703034 13
