1739451222566 34.55974982134762 0
1739451222571 0.1438512014163234 1
1739451222576 0.19992920740414805 2
1739451222583 0.10883192411285914 3
1739451222588 0.23482691714406256 4
1739451222593 0.17977695784166633 5
1739451222601 0.17899082762089727 6
1739451222607 0.13910899694092485 7
1739451222615 0.11744022382037318 8
1739451222621 0.0858052096837458 9
1739451222627 0.06482025859481934 10
1739451222634 0.1563804612296652 11
1739451222638 0.13200798300109642 12
1739451222643 0.14989440747762772 13
1739451222653 0.19841873158189852 14
1739451222664 0.13322213240294697 15
1739451222673 0.07469079633544842 16
1739451222679 0.22375917288114722 17
1739451222685 0.16952792288459903 18
1739451222689 0.13083988686898285 19
1739451222695 0.2549032955530668 20
1739451222701 0.2573361672457136 21
1739451222705 0.31255869076167364 22
1739451222711 0.15086409468389078 23
1739451222716 0.046099224675827596 24
1739451222721 0.10222422793020061 25
1739451222725 0.25641834229853994 26
1739451222732 0.21326558371281149 27
1739451222737 0.0763365182243678 28
1739451222743 0.23544594288411408 29
1739451222748 0.14788367274300138 30
1739451222754 0.12972460487867485 31
1739451222760 0.06392291537061798 32
1739451222767 0.11406295281882602 33
1739451222772 0.11152737274329431 34
1739451222778 0.15283955022536685 35
1739451222785 0.15673965101372792 36
1739451222789 0.12091418680705542 37
1739451222795 0.17946305301329982 38
1739451222801 0.11596060278664799 39
1739451222805 0.0833491692119607 40
1739451222812 0.1283920589708678 41
1739451222817 0.14222549206845866 42
1739451222821 0.22916525172363383 43
1739451222827 0.15327848007745123 44
1739451222834 0.15109213564506602 45
1739451222838 0.1088297556716224 46
1739451222843 0.0648451828577971 47
1739451222850 0.11346611299537519 48
1739451222855 0.1135453775593187 49
1739451222860 0.16883855600076383 50
1739451222866 0.1693409173567962 51
1739451222870 0.058873705938918545 52
1739451222875 0.12168698553898831 53
1739451222882 0.09063621459410341 54
1739451222887 0.14672758513215442 55
1739451222891 0.12990493313987292 56
1739451222898 0.1516678836163769 57
1739451222903 0.15347181852520414 58
1739451222907 0.19534242955932563 59
1739451222914 0.1037564436590969 60
1739451222919 0.12715725709971956 61
1739451222923 0.2000035159186185 62
1739451222928 0.18563522575322342 63
1739451222934 0.06176107322494923 64
1739451222938 0.10995722248198014 65
1739451222943 0.3490021248417905 66
1739451222950 0.16119550929633314 67
1739451222957 0.23413400944641938 68
1739451222963 0.1918394559561868 69
1739451222969 0.07290583221033535 70
1739451222973 0.09199565684444964 71
1739451222979 0.18559026362243303 72
1739451222984 0.101111893808322 73
1739451222988 0.11286271588463766 74
1739451222993 0.1060043429729875 75
1739451223000 0.16739342757092274 76
1739451223004 0.1813965880400183 77
1739451223009 0.18894735998942852 78
1739451223016 0.09482729560432562 79
1739451223020 0.09749731281631456 80
1739451223026 0.152514793770725 81
1739451223033 0.13112120447790257 82
1739451223038 0.10382373423468563 83
1739451223043 0.18430952167135095 84
1739451223050 0.13274717242189893 85
1739451223055 0.2921103801515913 86
1739451223061 0.1286110280408273 87
1739451223068 0.08303115213520743 88
1739451223072 0.1343069160851773 89
1739451223078 0.09111111181452475 90
1739451223084 0.07307086136435462 91
1739451223088 0.10270994285729425 92
1739451223094 0.31754109609651315 93
1739451223100 0.048605425147906035 94
1739451223104 0.052294835972223716 95
1739451223110 0.1447251103824926 96
1739451223116 0.08704322606705832 97
1739451223120 0.08794561690401646 98
1739451223124 0.22000525924141537 99
