1739448917126 75.54056809540565 0
1739448917131 21.686635026753258 1
1739448917137 0.2734556807111829 2
1739448917141 0.25894126487497704 3
1739448917147 0.2089251852947746 4
1739448917155 0.16948356944185589 5
1739448917162 0.13654917544569947 6
1739448917170 0.11168029179221384 7
1739448917175 0.015526073768681009 8
1739448917180 0.0879551352414692 9
1739448917183 0.2288693483850801 10
1739448917188 0.6731612035710537 11
1739448917191 0.11264354884875517 12
1739448917196 0.03727693140622934 13
1739448917200 0.09217552078911687 14
1739448917204 0.03152941437607377 15
1739448917208 0.06636287388027183 16
1739448917212 0.4400138461778321 17
1739448917216 0.5318982528761796 18
1739448917221 0.11919451494083537 19
1739448917226 0.0652693410511131 20
1739448917230 0.03126476264322616 21
1739448917234 0.05286596160123099 22
1739448917239 0.1318532703710454 23
1739448917245 0.47433961564895655 24
1739448917248 0.009307086557331784 25
1739448917254 0.03966231689815437 26
1739448917258 0.4309132865262841 27
1739448917260 0.06181128099485279 28
1739448917263 0.03688006727140028 29
1739448917266 0.17604478792813572 30
1739448917270 0.2695056330560156 31
1739448917273 0.1450862774326578 32
1739448917276 0.052137766320998105 33
1739448917279 0.23585884123600415 34
1739448917283 0.1556020224230182 35
1739448917289 0.05452721944891051 36
1739448917294 0.28231082047468287 37
1739448917297 0.07941071805079841 38
1739448917302 0.16450730843304956 39
1739448917308 0.08530535016229725 40
1739448917311 0.0359852697670055 41
1739448917314 0.034264114317735996 42
1739448917319 0.041152769879971726 43
1739448917323 0.14672429762380385 44
1739448917327 0.11583776370614765 45
1739448917334 0.14926385287428073 46
1739448917340 0.09386334806863228 47
1739448917344 0.826895182724693 48
1739448917347 0.17026432002337885 49
1739448917352 0.10685202098228193 50
1739448917356 0.154333088356402 51
1739448917359 0.08561841491710372 52
1739448917362 0.1537061020314904 53
1739448917364 0.4696677980692885 54
1739448917368 0.2423128254530428 55
1739448917371 0.047825464073564944 56
1739448917375 0.03343081355121653 57
1739448917378 0.08124115402975922 58
1739448917380 0.0383511933465934 59
1739448917383 0.07187084590768136 60
1739448917387 0.08023929443353024 61
1739448917391 0.03508247621389309 62
1739448917393 0.15574546279019566 63
1739448917396 0.1113818983644 64
1739448917399 0.23513761243651504 65
1739448917403 0.1538758380008528 66
1739448917406 0.08001210716215511 67
1739448917409 0.10398019740614922 68
1739448917412 0.06554254153680086 69
1739448917414 0.18832049851872226 70
1739448917418 0.1469907824468328 71
1739448917422 0.11076477821701343 72
1739448917426 0.11122657348863423 73
1739448917429 0.18830294534945677 74
1739448917433 0.5482102263665632 75
1739448917437 0.006726923272689951 76
1739448917441 0.07341638647280108 77
1739448917444 0.10334677817010826 78
1739448917446 0.054090103240152884 79
1739448917450 0.44716155285936693 80
1739448917454 0.516749506553457 81
1739448917457 0.06122361884901348 82
1739448917459 0.07910761558264809 83
1739448917462 0.2648832537989951 84
1739448917465 0.16623460996513922 85
1739448917468 0.21201990662482173 86
1739448917472 0.39125377026363417 87
1739448917475 0.3406362951364172 88
1739448917477 0.08916554763752312 89
1739448917480 0.11725679635593916 90
1739448917483 0.038054588426702306 91
1739448917486 0.032121537354676655 92
1739448917489 0.05301726284441294 93
1739448917492 0.06966072944392492 94
1739448917495 0.15582787896046196 95
1739448917497 0.7203824254379116 96
1739448917501 0.049361381012978704 97
1739448917505 0.012204583696506215 98
1739448917508 0.11401993207960665 99
1739448917511 0.22939979215638423 100
1739448917514 0.5695458687644985 101
