1739451683795 168.90082104802957 0
1739451683798 167.687458338074 1
1739451683803 166.03892052473373 2
1739451683808 164.04884134007938 3
1739451683811 161.7940313522843 4
1739451683813 159.3369710361257 5
1739451683817 156.7281546034872 6
1739451683824 154.00818184676953 7
1739451683828 151.2095647698832 8
1739451683831 148.3582535694456 9
1739451683837 145.47490536880215 10
1739451683841 142.5759269141153 11
1739451683844 139.6743240613735 12
1739451683847 136.78038924039072 13
1739451683850 133.9022549061729 14
1739451683855 131.04633727240238 15
1739451683858 128.21769091083777 16
1739451683861 125.42029137028648 17
1739451683863 122.65725993861965 18
1739451683866 119.93104207156821 19
1739451683872 117.24354882597702 20
1739451683875 114.59626882325408 21
1739451683877 111.99035678280643 22
1739451683880 109.42670345640651 23
1739451683883 106.9059908170779 24
1739451683888 104.42873556969263 25
1739451683892 101.99532342013156 26
1739451683896 99.60603603612381 27
1739451683902 97.26107223130634 28
1739451683908 94.96056458452807 29
1739451683911 92.7045924526042 30
1739451683915 90.49319213335171 31
1739451683919 88.32636477613433 32
1739451683924 86.2040825107538 33
1739451683927 84.12629316549436 34
1739451683930 82.09292386599415 35
1739451683933 80.10388374403298 36
1739451683938 78.15906593582837 37
1739451683942 76.2583490102789 38
1739451683945 74.40159793660513 39
1739451683947 72.58866467629116 40
1739451683951 70.81938846475748 41
1739451683957 69.0935958327179 42
1739451683960 67.4111004048384 43
1739451683962 65.77170250344999 44
1739451683965 64.17518857714039 45
1739451683970 62.621330467650004 46
1739451683974 61.109884523298796 47
1739451683977 59.64059056293033 48
1739451683980 58.21317069088935 49
1739451683982 56.82732796072251 50
1739451683988 55.482744883021624 51
1739451683992 54.179081771082124 52
1739451683995 52.915974916829256 53
1739451683998 51.69303458882831 54
1739451684004 50.50984284425135 55
1739451684008 49.36595114758882 56
1739451684011 48.26087779091242 57
1739451684013 47.19410511393904 58
1739451684016 46.16507652743366 59
1739451684022 45.1731933511527 60
1739451684026 44.217811488205655 61
1739451684028 43.298237972154375 62
1739451684030 42.41372744219891 63
1739451684034 41.56347862626296 64
1739451684039 40.74663094242353 65
1739451684042 39.962261366365134 66
1739451684045 39.209381756204294 67
1739451684047 38.48693687492224 68
1739451684050 37.79380340198776 69
1739451684055 37.12879027459144 70
1739451684059 36.49064073756135 71
1739451684062 35.878036498817885 72
1739451684065 35.28960437088708 73
1739451684071 34.72392571410887 74
1739451684075 34.179548871026135 75
1739451684077 33.65500458722853 76
1739451684080 33.148824155809656 77
1739451684082 32.65955972001334 78
1739451684087 32.185805857837416 79
1739451684091 31.72622130304332 80
1739451684094 31.279549483353527 81
1739451684097 30.844636523978096 82
1739451684101 30.420445496022037 83
1739451684106 30.006065976615453 84
1739451684111 29.600718391171462 85
1739451684116 29.203753065959614 86
1739451684122 28.81464436184095 87
1739451684126 28.432980626898242 88
1739451684131 28.058450956600097 89
1739451684135 27.690829870002155 90
1739451684140 27.329961007238378 91
1739451684143 26.975740851355962 92
1739451684146 26.628103308458805 93
1739451684148 26.287005776677848 94
1739451684155 25.952417124539636 95
1739451684159 25.624307803494794 96
1739451684163 25.302642150696972 97
1739451684165 24.987372802945355 98
1739451684172 24.678437042359427 99
