1739449368056 82.83423424275612 0
1739449368060 25.999757711542582 1
1739449368064 0.4858908707047756 2
1739449368068 0.062208841357616854 3
1739449368070 0.08636887085311082 4
1739449368073 0.22353712375447937 5
1739449368076 0.2808172631010303 6
1739449368080 0.0674694181700114 7
1739449368084 0.2975333535766957 8
1739449368087 0.158098413188765 9
1739449368090 0.1626199712348094 10
1739449368093 0.07566666532771782 11
1739449368097 0.04676624181710079 12
1739449368100 0.1727953925788499 13
1739449368103 0.12456369221011229 14
1739449368106 0.06926377776829554 15
1739449368109 0.06703815607693939 16
1739449368113 0.1523044511737623 17
1739449368116 0.02411051450968791 18
1739449368119 0.4873474103517143 19
1739449368121 0.23991140723580673 20
1739449368125 0.07947301895482069 21
1739449368130 0.10390635403161955 22
1739449368133 0.08515587105647782 23
1739449368136 0.07914566781264208 24
1739449368139 0.08425822889811749 25
1739449368143 0.038364101027118055 26
1739449368147 0.009312955503380226 27
1739449368151 0.1515784729562668 28
1739449368154 0.1606211831724149 29
1739449368156 0.41411351536410634 30
1739449368163 0.08258111280799985 31
1739449368168 0.06572836633131492 32
1739449368172 0.3320079926218636 33
1739449368177 0.3003352404165747 34
1739449368181 0.24301839403819087 35
1739449368184 0.41648060344956067 36
1739449368187 0.04905819287393551 37
1739449368190 0.006854074079605606 38
1739449368193 0.16534270256603018 39
1739449368197 0.10459326696079103 40
1739449368200 0.2627124330278762 41
1739449368203 0.2074377068357745 42
1739449368206 0.048109581013227834 43
1739449368209 0.15619345335263224 44
1739449368213 0.6812361293348115 45
1739449368216 0.14686756417430152 46
1739449368219 0.0902979518967909 47
1739449368221 0.01593107282006616 48
1739449368224 0.10832726454465816 49
1739449368228 0.029807964067170574 50
1739449368231 0.10271255431998086 51
1739449368234 0.04018064944070841 52
1739449368237 0.07630116757664566 53
1739449368240 0.028914968328773882 54
1739449368244 0.4390139630193375 55
1739449368248 0.2643878660136112 56
1739449368251 0.15160804500989397 57
1739449368254 0.019983458008992677 58
1739449368257 0.1908418565483289 59
1739449368263 0.052852188241539096 60
1739449368267 0.030723335631668177 61
1739449368270 0.2345020243236233 62
1739449368272 0.18556823533334044 63
1739449368275 0.052273661257668094 64
1739449368279 0.009839160774170878 65
1739449368284 0.16409768027508792 66
1739449368287 0.2953548702573161 67
1739449368290 0.014190235220607734 68
1739449368293 0.5813413656580627 69
1739449368297 0.10343452301041713 70
1739449368301 0.08313849150966397 71
1739449368304 0.36744416316232476 72
1739449368306 0.22520571383878632 73
1739449368310 0.04653212535364787 74
1739449368314 0.2518614760156762 75
1739449368317 0.14939430101012122 76
1739449368320 0.25205680623688653 77
1739449368323 0.01744233629186318 78
1739449368326 0.14122985897838036 79
1739449368330 0.045905416909285714 80
1739449368333 0.1577161466113361 81
1739449368336 0.02048514700443692 82
1739449368338 0.1868657053547268 83
1739449368341 0.14811518647118768 84
1739449368345 0.034691575499618946 85
1739449368348 0.3185834197238042 86
1739449368351 0.38710210771466047 87
1739449368354 0.08585296973771998 88
1739449368357 0.04029488724661203 89
1739449368361 0.20542083100276812 90
1739449368365 0.05571236779031732 91
1739449368367 0.42348766613792116 92
1739449368370 0.2688919991311713 93
