1739449206225 14.441691323930076 0
1739449206230 12.158021696763635 1
1739449206234 2.9492271364896774 2
1739449206242 1.8992255617696387 3
1739449206247 0.6813674921939541 4
1739449206251 0.3100893536443049 5
1739449206257 0.0552155113830862 6
1739449206262 0.3484123922685908 7
1739449206265 0.07253849325044703 8
1739449206268 0.017566349858106043 9
1739449206274 0.16753442054190926 10
1739449206277 0.06569000473525304 11
1739449206279 0.05796087827217769 12
1739449206282 0.08217137088051109 13
