1739453085741 19.21664690334456 0
1739453085746 4.790394263697676 1
1739453085751 0.41955118901627636 2
1739453085755 0.1370073467205714 3
1739453085760 0.1424702515715614 4
1739453085765 0.07213183454720665 5
1739453085769 0.05931728428021795 6
1739453085774 0.11150795344102421 7
1739453085778 0.08377410977578187 8
1739453085783 0.06848485196583873 9
1739453085788 0.15088292971378217 10
1739453085792 0.06137171921224066 11
1739453085796 0.047712862988864124 12
1739453085801 0.1630369442072936 13
1739453085805 0.11027535960455438 14
1739453085810 0.09180693411397645 15
1739453085814 0.15350518258317422 16
1739453085818 0.08147008285879137 17
1739453085823 0.12811436115867492 18
1739453085827 0.12282465911830778 19
1739453085831 0.05656728592424233 20
1739453085835 0.14950221913745187 21
1739453085840 0.11605730789321428 22
1739453085844 0.1176745448989582 23
1739453085849 0.11231837048474994 24
1739453085854 0.14281135903293146 25
1739453085858 0.11903434944017623 26
1739453085862 0.06741596747591896 27
1739453085867 0.12483334230968807 28
1739453085871 0.16060912062881322 29
1739453085876 0.10729058862070233 30
1739453085880 0.05906338694335184 31
1739453085884 0.09476579278956908 32
1739453085889 0.1841996390408554 33
1739453085893 0.09860520882682311 34
1739453085898 0.17794403249430837 35
1739453085902 0.11721057296343791 36
1739453085906 0.1441784271522875 37
1739453085911 0.14794535137883122 38
1739453085915 0.05084082258025451 39
1739453085919 0.04517690508598333 40
1739453085924 0.14468472311160477 41
1739453085929 0.07620966860579899 42
1739453085934 0.10502719165243711 43
