1739451695446 168.91407275456154 0
1739451695452 167.99190442060976 1
1739451695459 166.48333584659898 2
1739451695463 164.45536744305537 3
1739451695467 161.97158174296854 4
1739451695473 159.09172060378017 5
1739451695479 155.87146261598025 6
1739451695482 152.36234940788736 7
1739451695489 148.6118207112597 8
1739451695494 144.66332695566263 9
1739451695497 140.55649523621508 10
1739451695502 136.3273301093229 11
1739451695509 132.00843510486473 12
1739451695514 127.62924433540158 13
1739451695522 123.21625632216514 14
1739451695526 118.79326429582059 15
1739451695531 114.38157888944204 16
1739451695537 110.00024041983117 17
1739451695541 105.66621892981026 18
1739451695546 101.39460090125131 19
1739451695549 97.19876209645342 20
1739451695556 93.09052638386191 21
1739451695560 89.08031068449755 22
1739451695564 85.17725636252571 23
1739451695570 81.38934749629793 24
1739451695575 77.72351651953952 25
1739451695580 74.18573772692574 26
1739451695584 70.7811091016616 27
1739451695590 67.5139228496348 28
1739451695595 64.38772491759391 29
1739451695598 61.40536363180913 30
1739451695605 58.56902741723017 31
1739451695610 55.88027134254721 32
1739451695613 53.34003198115036 33
1739451695618 50.948629781711105 34
1739451695624 48.705757812412635 35
1739451695629 46.61045540413375 36
1739451695633 44.66106492895144 37
1739451695639 42.85516983506297 38
1739451695644 41.189512356777406 39
1739451695647 39.65989045548951 40
1739451695653 38.261036219048194 41
1739451695660 36.98648313400229 42
1739451695664 35.82843839355921 43
1739451695672 34.77768902797387 44
1739451695679 33.823585058742935 45
1739451695683 32.954152556746145 46
1739451695689 32.15638350559256 47
1739451695693 31.416718334142875 48
1739451695696 30.7216842084845 49
1739451695698 30.058599340952128 50
1739451695705 29.416228754264584 51
1739451695709 28.785292498656847 52
1739451695712 28.15877118472254 53
1739451695716 27.53200208452898 54
1739451695723 26.902594153766188 55
1739451695726 26.270206954585635 56
1739451695729 25.636240242915523 57
1739451695732 25.003474218855196 58
1739451695740 24.37569039806062 59
1739451695745 23.757293016788346 60
1739451695748 23.152942483624795 61
1739451695753 22.567206391747828 62
1739451695758 22.00423051110197 63
1739451695762 21.46743269401003 64
1739451695765 20.959227787095717 65
1739451695772 20.480802249306972 66
1739451695777 20.031971889708124 67
1739451695780 19.611168287019336 68
1739451695785 19.21559575520115 69
1739451695790 18.841568644334885 70
1739451695793 18.484982983052095 71
1739451695796 18.14182598291252 72
1739451695799 17.808614002808948 73
1739451695805 17.482679589685183 74
1739451695809 17.162278141580305 75
1739451695812 16.8465280764047 76
1739451695815 16.535223673169817 77
1739451695822 16.228569664730465 78
1739451695826 15.926888772034493 79
1739451695828 15.630353023334429 80
1739451695831 15.338786975762057 81
1739451695837 15.051581063788513 82
1739451695841 14.767731099610385 83
1739451695844 14.485987401030325 84
1739451695846 14.205066422607416 85
1739451695850 13.923864100005435 86
1739451695857 13.641618645207815 87
1739451695861 13.357993523303112 88
1739451695864 13.073076257518714 89
1739451695869 12.787307155411684 90
1739451695874 12.501362040554568 91
1739451695877 12.216016346645986 92
1739451695880 11.932016761583037 93
1739451695884 11.649982247169334 94
1739451695888 11.37034898462523 95
1739451695891 11.09336393941483 96
1739451695894 10.819120783099706 97
1739451695897 10.547622644712556 98
1739451695901 10.278851491230263 99
