1739453041499 168.90082104802957 0
1739453041501 166.31168664408747 1
1739453041504 163.7422474122794 2
1739453041506 161.19254146328282 3
1739453041508 158.66260473450058 4
1739453041511 156.15247081150835 5
1739453041514 153.662170841589 6
1739453041516 151.1917335169938 7
1739453041518 148.7411851100835 8
1739453041521 146.31054954617056 9
1739453041523 143.89984850286717 10
1739453041525 141.5091015271559 11
1739453041528 139.13832616335273 12
1739453041531 136.78753808670126 13
1739453041533 134.45675123860065 14
1739453041535 132.14597796047585 15
1739453041538 129.8552291241025 16
1739453041540 127.58451425683288 17
1739453041542 125.33384166066872 18
1739453041545 123.10321852451602 19
1739453041547 120.89265102925727 20
1739453041549 118.70214444550675 21
1739453041552 116.53170322408624 22
1739453041554 114.3813310793867 23
1739453041556 112.25103106587119 24
1739453041559 110.14080564803895 25
1739453041564 108.05065676420874 26
1739453041567 105.98058588450509 27
1739453041569 103.93059406343997 28
1739453041572 101.90068198748283 29
1739453041574 99.89085001800518 30
1739453041576 97.90109822997253 31
1739453041581 95.9314264467413 32
1739453041584 93.98183427129833 33
1739453041586 92.05232111426162 34
1739453041589 90.14288621893908 35
1739453041591 88.25352868372111 36
1739453041593 86.3842474820627 37
1739453041599 84.53504148028948 38
1739453041602 82.70590945344331 39
1739453041604 80.89685009936503 40
1739453041606 79.10786205119318 41
1739453041608 77.33894388844284 42
1739453041612 75.59009414681263 43
1739453041616 73.86131132685396 44
1739453041619 72.15259390162399 45
1739453041621 70.46394032343173 46
1739453041623 68.79534902977576 47
1739453041625 67.14681844856202 48
1739453041629 65.51834700268147 49
1739453041633 63.909933114018536 50
1739453041636 62.321575206954634 51
1739453041639 60.753271711423494 52
1739453041641 59.20502106556929 53
1739453041644 57.67682171805338 54
1739453041648 56.168672130049835 55
1739453041651 54.680570776966064 56
1739453041653 53.21251614992058 57
1739453041655 51.76450675700641 58
1739453041657 50.336541124365496 59
1739453041660 48.92861779709646 60
1739453041663 47.54073534001563 61
1739453041666 46.172892338289024 62
1739453041668 44.82508739795055 63
1739453041670 43.49731914632041 64
1739453041672 42.18958623233569 65
1739453041674 40.90188732680371 66
1739453041677 39.63422112258753 67
1739453041680 38.386586334731916 68
1739453041682 37.15898170053677 69
1739453041684 35.95140597958452 70
1739453041687 34.76385795372678 71
1739453041690 33.596336427035105 72
1739453041692 32.44884022572008 73
1739453041695 31.321368198022135 74
1739453041698 30.213919214077286 75
1739453041701 29.126492165760375 76
1739453041704 28.059085966508057 77
1739453041706 27.011699551123332 78
1739453041709 25.984331875563207 79
1739453041712 24.976981916710738 80
1739453041715 23.989648672132358 81
1739453041717 23.022331159821345 82
1739453041719 22.07502841792768 83
1739453041721 21.14773950447494 84
1739453041724 20.240463497063878 85
1739453041726 19.35319949256292 86
1739453041729 18.485946606784974 87
1739453041733 17.638703974150214 88
1739453041735 16.81147074733387 89
1739453041737 16.004246096898175 90
1739453041740 15.217029210907274 91
1739453041742 14.449819294523378 92
1739453041745 13.70261556958258 93
1739453041748 12.975417274147976 94
1739453041750 12.26822366203767 95
1739453041753 11.581034002324428 96
1739453041755 10.913847578803548 97
1739453041757 10.26666368942454 98
1739453041759 9.639481645681501 99
