1739451571895 34.8568837022222 0
1739451571900 0.10012692205127115 1
1739451571905 0.20150684874100194 2
1739451571913 0.1274070466066092 3
1739451571920 0.13997850547001553 4
1739451571929 0.1495149025302426 5
1739451571936 0.19132947248598042 6
1739451571941 0.3513346992814556 7
1739451571947 0.0944224800957137 8
1739451571953 0.10446494749310777 9
1739451571959 0.1354528484836716 10
1739451571965 0.2572048080772894 11
1739451571970 0.19102800978202955 12
1739451571977 0.1513484921094012 13
1739451571984 0.10596482742297882 14
1739451571990 0.057768190586207704 15
1739451571997 0.07005149747901525 16
1739451572003 0.19193320561107946 17
1739451572010 0.15712152144209973 18
1739451572017 0.17234791236238706 19
1739451572021 0.21208005390548518 20
1739451572028 0.22085592300601015 21
1739451572034 0.12615293600860397 22
1739451572041 0.09294182826661354 23
1739451572047 0.06750562919579316 24
1739451572052 0.08841216236320941 25
1739451572059 0.19346041925999943 26
1739451572065 0.17476018672125765 27
1739451572070 0.2551627387244446 28
1739451572078 0.06887690099222414 29
1739451572085 0.05759935036795729 30
1739451572091 0.16243680159261228 31
1739451572097 0.22019936052442157 32
1739451572103 0.07852013904295015 33
1739451572110 0.14690627008687937 34
1739451572116 0.12883577773383348 35
