1739451124220 40.40358143026617 0
1739451124225 0.2574632115338539 1
1739451124229 0.10859317436308606 2
1739451124236 0.13630565377072332 3
1739451124240 0.14519358758887663 4
1739451124244 0.05658277064398553 5
1739451124249 0.2826023934184675 6
1739451124256 0.18290203123562168 7
1739451124259 0.32144419585549455 8
1739451124264 0.18357264650469568 9
1739451124270 0.22515949587401166 10
1739451124275 0.25142781991108226 11
1739451124278 0.09972367500903016 12
1739451124285 0.2778429982666393 13
1739451124289 0.10293242393427551 14
1739451124293 0.2911780578306281 15
1739451124298 0.1828934944935037 16
1739451124304 0.15283968916571247 17
1739451124309 0.2574449034465874 18
1739451124312 0.10695492845903551 19
1739451124320 0.11201684698183641 20
1739451124326 0.13537371307193208 21
1739451124331 0.10100257180431058 22
1739451124337 0.055433296693819474 23
1739451124342 0.1346801007776445 24
1739451124345 0.10662485650606834 25
1739451124352 0.10970079254565332 26
1739451124356 0.2251074413057793 27
1739451124360 0.1069740271762061 28
1739451124365 0.17945077834074777 29
1739451124372 0.10782019716605981 30
1739451124376 0.15925162447206215 31
1739451124381 0.1420804224477513 32
1739451124387 0.07891677842262845 33
1739451124391 0.1498465938191996 34
1739451124395 0.3025726549130379 35
1739451124401 0.13656214771646635 36
1739451124407 0.11603097339552283 37
1739451124412 0.14635058526578787 38
1739451124419 0.14012826030411332 39
1739451124427 0.1949400899818204 40
1739451124432 0.15858836063973844 41
1739451124439 0.16767227961677963 42
1739451124443 0.1011328400322808 43
1739451124448 0.10101506300316904 44
1739451124454 0.14137392586286723 45
1739451124458 0.2616413143412989 46
1739451124462 0.10534243751798461 47
1739451124468 0.11540700991440443 48
1739451124473 0.10516865962840351 49
1739451124476 0.051253453588603615 50
1739451124481 0.2042536424898389 51
1739451124487 0.19817678143933787 52
1739451124492 0.13844604639243915 53
1739451124495 0.1230367189354479 54
1739451124502 0.20968529305593897 55
1739451124507 0.256548070071087 56
1739451124511 0.17754212140047915 57
1739451124516 0.08276756447861153 58
1739451124523 0.16512254690765946 59
1739451124527 0.11496451362367857 60
1739451124534 0.11485277216952097 61
1739451124539 0.10634297769898521 62
1739451124543 0.13165104921922788 63
1739451124548 0.19859640823562807 64
1739451124554 0.04531406586180264 65
1739451124558 0.05953603223785611 66
1739451124561 0.2244195523045774 67
1739451124567 0.11914545055070092 68
1739451124573 0.16733965048506805 69
1739451124576 0.18025248711226652 70
1739451124580 0.13131047945378732 71
1739451124587 0.11673171453060942 72
1739451124592 0.04402526140282384 73
1739451124595 0.12401590648493041 74
1739451124602 0.18713879357666593 75
1739451124606 0.24649679661993207 76
1739451124610 0.09042287417568715 77
1739451124614 0.14671304126253065 78
1739451124619 0.24419038233219476 79
1739451124625 0.18790009555206558 80
1739451124630 0.19071591841310337 81
1739451124636 0.13674939862133542 82
1739451124641 0.1758147322931471 83
1739451124644 0.07882823817950373 84
1739451124650 0.218335707591485 85
1739451124656 0.13214529794082644 86
1739451124659 0.11718877568284672 87
1739451124664 0.15686442178714616 88
1739451124670 0.14017018963757918 89
1739451124675 0.10630790740292705 90
1739451124678 0.06419299265397381 91
1739451124684 0.1655444701400633 92
1739451124689 0.2929032951759111 93
1739451124692 0.11987135908311705 94
1739451124695 0.07924864411788811 95
1739451124702 0.07148786531436928 96
1739451124706 0.08165970194931145 97
1739451124710 0.162642640949088 98
1739451124714 0.044284503242348096 99
