1739451448904 36.99750294766068 0
1739451448908 0.28121110047647846 1
1739451448911 0.11996420401125182 2
1739451448918 0.0943808668491577 3
1739451448923 0.1910955036064857 4
1739451448927 0.11864258027387803 5
1739451448933 0.05869214232430978 6
1739451448938 0.08474614489215399 7
1739451448942 0.1671610125110706 8
1739451448947 0.14542436540107695 9
1739451448953 0.2379556387410731 10
1739451448957 0.23656140267147807 11
1739451448960 0.09782233423878668 12
1739451448966 0.20643307917486792 13
1739451448971 0.14409727663946303 14
1739451448975 0.07714368812475968 15
1739451448978 0.08467388344257967 16
1739451448985 0.10959213932001191 17
1739451448991 0.12305070156831087 18
1739451448995 0.04221661429988429 19
