1739450335866 83.78345633313292 0
1739450335871 54.81178867809623 1
1739450335880 28.43485174747337 2
1739450335885 20.682904422995332 3
1739450335891 15.415017060970502 4
1739450335898 13.163782246105232 5
1739450335903 18.602831833051532 6
1739450335908 12.75570434080059 7
1739450335915 11.943548691334382 8
1739450335920 11.475873966794481 9
1739450335927 4.3413735858741145 10
1739450335934 7.514811093053822 11
1739450335939 4.935032009349152 12
1739450335948 2.6146895596405697 13
1739450335954 1.3833609447320452 14
1739450335962 1.5198058728676438 15
1739450335967 1.3130110053660577 16
1739450335973 0.5107116723123831 17
1739450335979 0.38696752939083173 18
1739450335983 0.5564261400052397 19
1739450335987 0.41449683782634683 20
1739450335991 0.22175626312481364 21
1739450335998 0.15218068389665204 22
1739450336004 0.26363759602771364 23
1739450336010 0.20697350145532092 24
1739450336014 0.2068848177082178 25
1739450336018 0.1628214230863228 26
1739450336023 0.15783237077926365 27
1739450336030 0.22012234952338763 28
1739450336036 0.1700909744715856 29
1739450336044 0.1057354820677442 30
1739450336050 0.13844583350619538 31
1739450336057 0.15900422227215333 32
1739450336065 0.1632046177210658 33
1739450336070 0.1357829089714739 34
1739450336079 0.11134349439215718 35
1739450336085 0.10245961625540077 36
1739450336091 0.16275189013525881 37
1739450336099 0.147424466346277 38
1739450336104 0.09805740493817403 39
1739450336112 0.19771374382315127 40
1739450336118 0.1945583853781682 41
1739450336122 0.10215853269326455 42
1739450336128 0.13387695298598543 43
1739450336133 0.08808232550628195 44
1739450336137 0.04625114772822584 45
1739450336143 0.13101314026325953 46
1739450336150 0.11479769701095355 47
1739450336155 0.16220970754549174 48
1739450336162 0.1651534035003509 49
1739450336167 0.10043286895850721 50
1739450336171 0.15951298088660504 51
1739450336178 0.18082634265661857 52
1739450336183 0.13701887571560142 53
1739450336187 0.13240655806554394 54
1739450336196 0.17778028163597662 55
1739450336203 0.1277111233618348 56
1739450336209 0.2467425735926959 57
1739450336218 0.1240374530502552 58
1739450336225 0.14685559360381548 59
1739450336232 0.07206480945864137 60
1739450336236 0.09602558531906193 61
1739450336240 0.06922037179774268 62
1739450336248 0.31426515951803713 63
1739450336253 0.09622485600708937 64
1739450336259 0.1154944374125442 65
1739450336266 0.19277541078497062 66
1739450336270 0.21156280583751408 67
1739450336278 0.12739261514919212 68
1739450336283 0.07269194577675717 69
1739450336288 0.17923774842973825 70
1739450336296 0.17386053226282888 71
1739450336301 0.11675126154520343 72
1739450336307 0.12983560394031568 73
1739450336314 0.09816187497852705 74
1739450336319 0.0854426898144328 75
1739450336324 0.1744418804347759 76
1739450336333 0.15467295184811508 77
1739450336338 0.15869567729289874 78
1739450336345 0.0813316523909239 79
1739450336350 0.16021805097675101 80
1739450336354 0.09968253560589156 81
1739450336361 0.1491093971003508 82
1739450336369 0.2034480913614909 83
1739450336377 0.13295720367670935 84
1739450336383 0.16005457423594316 85
1739450336387 0.1078918054016729 86
1739450336394 0.1776590249160345 87
1739450336399 0.10444631921915892 88
1739450336402 0.08796456573279977 89
1739450336406 0.25778116198438916 90
