1739449906037 139.537321626737 0
1739449906041 112.01383139980278 1
1739449906049 85.47545137590078 2
1739449906056 65.03448611665786 3
1739449906062 46.618266842678594 4
1739449906070 30.925795706229543 5
1739449906075 16.79661105283217 6
1739449906085 8.297661134240121 7
1739449906093 2.2458308284857695 8
1739449906105 0.42415539628984894 9
1739449906114 0.12236196155350502 10
1739449906124 0.20733163360423576 11
1739449906134 0.18306227888875448 12
1739449906140 0.14243946913996283 13
1739449906145 0.21548075980163367 14
