1739449368727 80.7716079418881 0
1739449368733 20.655649550887034 1
1739449368736 0.6914018105526609 2
1739449368739 0.2270027393895487 3
1739449368742 0.19390532292134238 4
1739449368748 0.04709890681087517 5
1739449368752 0.021709818579677135 6
1739449368755 0.03319574265764087 7
1739449368758 0.2020087009268239 8
1739449368765 0.2673307668624539 9
1739449368769 0.08506527632591734 10
1739449368772 0.023919583884338236 11
1739449368775 0.10651593149985687 12
1739449368783 0.07566694611507284 13
1739449368787 0.039450354418714445 14
1739449368790 0.07366541396091346 15
1739449368796 0.06358299628046814 16
1739449368802 0.1919519261390808 17
1739449368805 0.05855922882010092 18
1739449368808 0.01347640074984217 19
1739449368814 0.16935612151566803 20
1739449368818 0.05235900727422473 21
1739449368821 0.06663487982797675 22
1739449368825 0.05255430817654044 23
1739449368830 0.02704878406855861 24
1739449368834 0.44971300116939456 25
1739449368837 0.11645255574344715 26
1739449368840 0.03450281797946385 27
1739449368844 0.019325766811003845 28
1739449368849 0.1558141794234166 29
1739449368853 0.12251267338837112 30
1739449368856 0.05343025284066637 31
1739449368859 0.27929853846358166 32
1739449368864 0.38026547031422847 33
1739449368868 0.0869825628040296 34
1739449368871 0.10004276581106483 35
1739449368874 0.2443332831596527 36
1739449368878 0.26036048221549024 37
1739449368883 0.13906515817751103 38
1739449368886 0.6085227538948546 39
1739449368889 0.03625958723379059 40
1739449368893 0.35649118633491106 41
1739449368898 0.072482729039619 42
1739449368901 0.039017216722152075 43
1739449368904 0.04186703080280121 44
1739449368907 0.052830674470533176 45
1739449368910 0.1741260661844832 46
1739449368914 0.1529979581186129 47
1739449368917 0.22578745660720198 48
1739449368921 0.2268831821831013 49
1739449368924 0.113494604777385 50
1739449368929 0.04895247660099156 51
1739449368932 0.07703417448442577 52
1739449368936 0.15987590062138582 53
1739449368938 0.1172595799364602 54
1739449368941 0.20455331171518748 55
1739449368945 0.053100547009424286 56
1739449368950 0.30519335064022035 57
1739449368953 0.10854793363618154 58
1739449368955 0.024199215572556672 59
1739449368958 0.14605323467852172 60
1739449368963 0.301909107944872 61
1739449368967 0.03895327356803256 62
1739449368970 0.05069777997431565 63
1739449368973 0.20319452651998782 64
1739449368976 0.018180611325838515 65
1739449368981 0.4408873825442528 66
1739449368984 0.24334852422562755 67
1739449368986 0.08530598473860694 68
1739449368989 0.07209555063760466 69
1739449368992 0.16936600518076383 70
1739449368997 0.03361821897333146 71
1739449369001 0.3731777272306602 72
1739449369004 0.19037732585197797 73
1739449369007 0.07806700600581379 74
1739449369012 0.04941156980239472 75
1739449369015 0.37792449178073684 76
1739449369018 0.11097243747552218 77
1739449369020 0.045744819636168936 78
1739449369023 0.22273133019408328 79
1739449369027 0.12049651581815338 80
1739449369031 0.2226895718475793 81
1739449369034 0.044336646717517116 82
1739449369037 0.12731744371366893 83
1739449369039 0.04360365937939101 84
1739449369042 0.10679682637475797 85
1739449369046 0.08842102509119074 86
1739449369049 0.028691776005560145 87
1739449369052 0.05187687286639803 88
1739449369054 0.05337887949661663 89
1739449369057 0.198510847710065 90
1739449369061 0.11905352853372296 91
1739449369064 0.026888511003988425 92
1739449369067 0.1329549116128626 93
1739449369070 0.09489821725783416 94
1739449369073 0.09025827849127718 95
1739449369076 0.2596309104187493 96
1739449369080 0.43048014489283004 97
1739449369083 0.056575493384082805 98
1739449369086 0.072164168341502 99
1739449369089 0.07994296958402518 100
1739449369092 0.058347671620630454 101
1739449369097 0.06861126316017967 102
1739449369100 0.09701077757392917 103
1739449369103 0.16511303521017562 104
1739449369106 0.07395619280225409 105
1739449369109 0.0169984589663739 106
1739449369114 0.09410806585620315 107
1739449369117 0.1306376382632 108
1739449369119 0.07147295767805256 109
1739449369122 0.059999583845178346 110
1739449369125 0.03878194044496493 111
1739449369129 0.033766753116904795 112
1739449369134 0.005801089523499082 113
1739449369137 0.029081043745922002 114
1739449369140 0.06857641603891965 115
1739449369144 0.3980581321720203 116
1739449369148 0.15180555092094042 117
1739449369151 0.09404365495211023 118
1739449369155 0.02269291630797319 119
1739449369158 0.040165080152563336 120
1739449369164 0.2708054918274972 121
1739449369171 0.056822764714116826 122
1739449369178 0.018820782704671215 123
1739449369183 0.06089951472793437 124
1739449369186 0.6558500756453528 125
1739449369189 0.20780375271891116 126
1739449369192 0.047174240614689986 127
1739449369196 0.023176982630819527 128
1739449369199 0.030215782697913716 129
1739449369202 0.31895764347301253 130
1739449369205 0.01900982411268001 131
1739449369208 0.3685494693783824 132
1739449369212 0.30070910155109776 133
1739449369215 0.14409941107055857 134
1739449369218 0.035297602456660096 135
1739449369221 0.07124954885030559 136
1739449369223 0.009343271261833017 137
1739449369226 0.08090152154256135 138
1739449369230 0.15912379051706255 139
1739449369233 0.31870514482165824 140
1739449369236 0.07989221949069064 141
1739449369238 0.6032770472157462 142
1739449369241 0.1996835327513586 143
1739449369246 0.4070363035191984 144
1739449369249 0.12833147600167488 145
1739449369252 0.12286401944615681 146
1739449369255 0.11110111535849754 147
1739449369258 0.04356176796302427 148
1739449369263 0.04325679315636523 149
