1739451221205 41.681521280685736 0
1739451221211 0.26823934598605137 1
1739451221218 0.1462359236340205 2
1739451221222 0.23734128093229273 3
1739451221228 0.07835109781992744 4
1739451221235 0.24520488996843004 5
1739451221240 0.17246902586854124 6
1739451221247 0.10260984855398023 7
1739451221253 0.1318678905978707 8
1739451221258 0.24901922804974014 9
1739451221264 0.15711567549623653 10
1739451221271 0.13302364633617536 11
1739451221277 0.3699042904160325 12
1739451221284 0.1770746415418969 13
1739451221289 0.08345418198295651 14
1739451221295 0.1811273896316242 15
1739451221302 0.16845341121771118 16
1739451221307 0.09909897984870127 17
1739451221313 0.24385448414805663 18
1739451221320 0.29691968750700876 19
1739451221326 0.12744870185850776 20
1739451221332 0.15629305743864585 21
1739451221338 0.29684453093260277 22
1739451221345 0.1277703695135292 23
1739451221351 0.07344716697782572 24
1739451221356 0.2263077233433478 25
1739451221363 0.141430442802575 26
1739451221370 0.09959125540281047 27
1739451221375 0.3161562123125721 28
1739451221383 0.38456614641169135 29
1739451221393 0.34257841675547746 30
1739451221401 0.4671601369266004 31
1739451221407 0.08439607123150455 32
1739451221415 0.1044266727290195 33
1739451221423 0.18807775646401242 34
1739451221431 0.14657297187456142 35
1739451221437 0.15161156071950102 36
1739451221445 0.16702776530304314 37
1739451221451 0.10667712979159741 38
1739451221456 0.15621799358030014 39
1739451221463 0.22404920596611214 40
1739451221469 0.3027577544078241 41
1739451221474 0.04323815192722255 42
1739451221481 0.11660999378880688 43
1739451221488 0.20118310568712283 44
1739451221496 0.07578729582006204 45
1739451221502 0.2329574670770519 46
1739451221506 0.09704512693433928 47
1739451221513 0.263279758486799 48
1739451221519 0.12409435310379743 49
1739451221525 0.13108060044626085 50
1739451221534 0.19963966646770248 51
1739451221543 0.20417308931526315 52
1739451221551 0.06942523452148962 53
1739451221555 0.14927691782052344 54
