1739453037620 168.90082104802957 0
1739453037623 167.687458338074 1
1739453037625 166.03892052473373 2
1739453037628 164.04884134007938 3
1739453037631 161.7940313522843 4
1739453037633 159.3369710361257 5
1739453037636 156.72815460348718 6
1739453037639 154.00818184676953 7
1739453037641 151.20956476988317 8
1739453037643 148.3582535694456 9
1739453037646 145.47490536880215 10
1739453037649 142.5759269141153 11
1739453037651 139.6743240613735 12
1739453037654 136.78038924039072 13
1739453037656 133.9022549061729 14
1739453037658 131.04633727240238 15
1739453037662 128.21769091083777 16
1739453037665 125.4202913702865 17
1739453037667 122.65725993861965 18
1739453037670 119.93104207156821 19
1739453037672 117.24354882597702 20
1739453037674 114.59626882325408 21
1739453037678 111.9903567828064 22
1739453037681 109.42670345640654 23
1739453037683 106.9059908170779 24
1739453037685 104.42873556969263 25
1739453037688 101.99532342013156 26
1739453037690 99.6060360361238 27
1739453037692 97.26107223130634 28
1739453037697 94.96056458452807 29
1739453037700 92.7045924526042 30
1739453037703 90.49319213335171 31
1739453037705 88.32636477613433 32
1739453037707 86.2040825107538 33
1739453037712 84.12629316549436 34
1739453037716 82.09292386599415 35
1739453037719 80.10388374403297 36
1739453037722 78.15906593582838 37
1739453037724 76.25834901027889 38
1739453037727 74.40159793660511 39
1739453037730 72.58866467629116 40
1739453037732 70.81938846475748 41
1739453037734 69.09359583271788 42
1739453037737 67.4111004048384 43
1739453037739 65.77170250344997 44
1739453037741 64.17518857714037 45
1739453037744 62.621330467650004 46
1739453037747 61.109884523298796 47
1739453037749 59.640590562930306 48
1739453037752 58.21317069088936 49
1739453037754 56.82732796072253 50
1739453037756 55.482744883021624 51
1739453037759 54.179081771082124 52
1739453037763 52.91597491682925 53
1739453037766 51.69303458882831 54
1739453037768 50.50984284425136 55
1739453037770 49.36595114758881 56
1739453037773 48.26087779091242 57
1739453037775 47.19410511393903 58
1739453037778 46.16507652743366 59
1739453037781 45.17319335115269 60
1739453037784 44.217811488205655 61
1739453037786 43.298237972154375 62
1739453037789 42.41372744219891 63
1739453037791 41.56347862626296 64
1739453037794 40.74663094242353 65
1739453037797 39.962261366365134 66
1739453037799 39.209381756204294 67
1739453037802 38.48693687492224 68
1739453037804 37.79380340198776 69
1739453037807 37.12879027459144 70
1739453037810 36.49064073756135 71
1739453037813 35.878036498817885 72
1739453037816 35.28960437088708 73
1739453037818 34.72392571410887 74
1739453037821 34.179548871026135 75
1739453037824 33.65500458722853 76
1739453037828 33.14882415580965 77
1739453037831 32.65955972001334 78
1739453037833 32.185805857837416 79
1739453037836 31.72622130304332 80
1739453037838 31.279549483353527 81
1739453037840 30.844636523978096 82
1739453037842 30.420445496022037 83
1739453037846 30.00606597661545 84
1739453037849 29.60071839117146 85
1739453037852 29.20375306595961 86
1739453037854 28.81464436184095 87
1739453037856 28.43298062689824 88
1739453037859 28.058450956600094 89
1739453037861 27.690829870002155 90
1739453037864 27.329961007238378 91
1739453037867 26.975740851355962 92
1739453037869 26.628103308458805 93
1739453037872 26.287005776677848 94
1739453037874 25.95241712453964 95
1739453037877 25.624307803494794 96
1739453037880 25.302642150696972 97
1739453037882 24.98737280294535 98
1739453037885 24.678437042359427 99
