1739453025119 168.90082104802957 0
1739453025122 168.03470853230382 1
1739453025124 167.17075921250418 2
1739453025127 166.30899512812994 3
1739453025131 165.44943170744207 4
1739453025133 164.59207969026062 5
1739453025135 163.73694651942287 6
1739453025138 162.88403733287527 7
1739453025140 162.0333556639614 8
1739453025143 161.18490393231727 9
1739453025146 160.3386837863083 10
1739453025150 159.4946963410722 11
1739453025153 158.6529423435726 12
1739453025155 157.81342228683013 13
1739453025157 156.97613648886798 14
1739453025163 156.14108514721235 15
1739453025170 155.30826837648536 16
1739453025174 154.47768623431693 17
1739453025178 153.64933873919534 18
1739453025181 152.82322588275764 19
1739453025183 151.9993476382483 20
1739453025186 151.17770396633824 21
1739453025188 150.35829481912592 22
1739453025190 149.54112014288788 23
1739453025192 148.72617987996847 24
1739453025194 147.91347397007794 25
1739453025197 147.10300235118336 26
1739453025200 146.29476496012026 27
1739453025203 145.48876173301198 28
1739453025205 144.68499260555745 29
1739453025207 143.8834575132279 30
1739453025209 143.0841563914021 31
1739453025212 142.2870891754585 32
1739453025217 141.4922558008384 33
1739453025219 140.69965620308918 34
1739453025222 139.90929031789355 35
1739453025224 139.12115808108973 36
1739453025226 138.33525942868502 37
1739453025229 137.5515942968649 38
1739453025232 136.77016262199945 39
1739453025234 135.99096434064745 40
1739453025236 135.213999389559 41
1739453025239 134.4392677056777 42
1739453025241 133.6667692261414 43
1739453025243 132.89650388828318 44
1739453025245 132.12847162963175 45
1739453025248 131.36267238791152 46
1739453025250 130.59910610104285 47
1739453025252 129.837772707142 48
1739453025254 129.07867214452085 49
1739453025256 128.32180435168706 50
1739453025258 127.56716926734374 51
1739453025261 126.81476683038929 52
1739453025264 126.0645969799172 53
1739453025268 125.31665965521586 54
1739453025271 124.57095479576843 55
1739453025275 123.82748234125245 56
1739453025278 123.08624223153974 57
1739453025283 122.34723440669623 58
1739453025286 121.6104588069816 59
1739453025289 120.87591537284914 60
1739453025291 120.1436040449455 61
1739453025293 119.41352476411045 62
1739453025297 118.68567747137675 63
1739453025301 117.96006210796972 64
1739453025303 117.23667861530727 65
1739453025305 116.51552693499946 66
1739453025308 115.79660700884828 67
1739453025310 115.0799187788476 68
1739453025315 114.36546218718274 69
1739453025318 113.6532371762304 70
1739453025321 112.94324368855828 71
1739453025323 112.23548166692488 72
1739453025326 111.52995105427941 73
1739453025329 110.82665179376131 74
1739453025332 110.1255838287002 75
1739453025335 109.42674710261564 76
1739453025337 108.73014155921673 77
1739453025339 108.0357671424021 78
1739453025341 107.34362379625944 79
1739453025343 106.65371146506547 80
1739453025349 105.96603009328555 81
1739453025353 105.2805796255735 82
1739453025355 104.59736000677132 83
1739453025357 103.91637118190906 84
1739453025359 103.23761309620441 85
1739453025363 102.56108569506262 86
1739453025368 101.88678892407604 87
1739453025371 101.21472272902416 88
1739453025373 100.54488705587318 89
1739453025375 99.87728185077573 90
1739453025377 99.21190706007071 91
1739453025380 98.5487626302831 92
1739453025383 97.8878485081235 93
1739453025385 97.22916464048814 94
1739453025387 96.57271097445843 95
1739453025389 95.91848745730077 96
1739453025391 95.26649403646637 97
1739453025393 94.61673065959087 98
1739453025397 93.96919727449416 99
