1739453029250 169.01961904378464 0
1739453029253 168.33176530618744 1
1739453029255 167.16666871759705 2
1739453029257 165.67364578205417 3
1739453029260 163.9578691909605 4
1739453029263 162.09308599607314 5
1739453029266 160.1308452080656 6
1739453029268 158.10709919164262 7
1739453029271 156.04688225693428 8
1739453029273 153.96760549152503 9
1739453029275 151.88136695850287 10
1739453029278 149.79656657481567 11
1739453029281 147.71903252566767 12
1739453029284 145.65280576802115 13
1739453029290 143.60068581017802 14
1739453029292 141.56461011031308 15
1739453029296 139.54591766140922 16
1739453029298 137.54553203500583 17
1739453029301 135.564088450798 18
1739453029303 133.60202196466304 19
1739453029305 131.65962865814532 20
1739453029307 129.7371080860019 21
1739453029310 127.83459271626245 22
1739453029313 125.95216834427374 23
1739453029316 124.08988824439464 24
1739453029318 122.24778297730157 25
1739453029320 120.42586718372672 26
1739453029322 118.62414428791483 27
1739453029325 116.8426097512611 28
1739453029327 115.08125332034867 29
1739453029330 113.34006057745032 30
1739453029332 111.61901400711017 31
1739453029335 109.91809372690534 32
1739453029337 108.23727798504937 33
1739453029339 106.57654349598617 34
1739453029341 104.93586566327063 35
1739453029343 103.31521872387876 36
1739453029347 101.71457583758351 37
1739453029350 100.13390913774649 38
1739453029352 98.57318975482525 39
1739453029355 97.03238782039143 40
1739453029357 95.51147245702647 41
1739453029359 94.01041175777495 42
1739453029362 92.52917275766582 43
1739453029365 91.06772139899819 44
1739453029367 89.62602249152216 45
1739453029370 88.20403966825101 46
1739453029372 86.80173533736362 47
1739453029374 85.4190706304627 48
1739453029376 84.05600534731525 49
1739453029381 82.7124978971036 50
1739453029384 81.3885052361422 51
1739453029387 80.08398280196238 52
1739453029390 78.79888444362544 53
1739453029392 77.53316234809162 54
1739453029395 76.28676696244537 55
1739453029398 75.0596469117545 56
1739453029401 73.85174891231893 57
1739453029403 72.66301768004654 58
1739453029405 71.4933958336747 59
1739453029407 70.34282379253887 60
1739453029409 69.21123966857232 61
1739453029413 68.09857915220465 62
1739453029416 67.00477539181063 63
1739453029418 65.92975886634518 64
1739453029420 64.87345725078609 65
1739453029422 63.83579527399279 66
1739453029424 62.81669456857719 67
1739453029427 61.8160735123749 68
1739453029430 60.833847061097025 69
1739453029433 59.869926571741985 70
1739453029435 58.92421961634853 71
1739453029438 57.99662978568038 72
1739453029441 57.08705648244929 73
1739453029444 56.1953947037099 74
1739453029447 55.32153481209691 75
1739453029449 54.465362295628005 76
1739453029451 53.62675751586414 77
1739453029454 52.80559544430897 78
1739453029457 52.0017453870425 79
1739453029460 51.215070697727114 80
1739453029463 50.44542847929991 81
1739453029466 49.692669274881105 82
1739453029469 48.956636748689135 83
1739453029471 48.23716735806669 84
1739453029473 47.534090018093636 85
1739453029475 46.847225760702685 86
1739453029478 46.17638739072605 87
1739453029481 45.521379141895494 88
1739453029484 44.88199633649847 89
1739453029486 44.25802505316481 90
1739453029488 43.649241808121836 91
1739453029490 43.05541325620978 92
1739453029493 42.476295918984945 93
1739453029495 41.911635948340795 94
1739453029498 41.36116893522272 95
1739453029500 40.82461977416407 96
1739453029502 40.30170259548188 97
1739453029505 39.79212077797323 98
1739453029507 39.29556705576809 99
