1739451449014 34.65981793376059 0
1739451449020 0.24734806363570236 1
1739451449023 0.09147180057284962 2
1739451449027 0.13464588811424233 3
1739451449031 0.11637112683188176 4
1739451449037 0.17506119164282344 5
1739451449041 0.19209362334013433 6
1739451449044 0.13427479169595916 7
1739451449051 0.17614354628755324 8
1739451449056 0.13915573817291246 9
1739451449059 0.08017775134701051 10
1739451449064 0.14915515500813697 11
1739451449070 0.22873526303242692 12
1739451449074 0.05549634546794394 13
1739451449077 0.2732139156212611 14
1739451449082 0.0839400457936348 15
1739451449089 0.07974891807293844 16
1739451449094 0.09679924969575233 17
1739451449100 0.2858472922822551 18
1739451449107 0.18053417727300705 19
1739451449114 0.13864616322960355 20
1739451449120 0.1253391527878188 21
1739451449127 0.11351442700476062 22
1739451449134 0.07388268923477542 23
1739451449141 0.12694075913719127 24
1739451449146 0.04663415981279199 25
1739451449152 0.24489314332983236 26
1739451449158 0.10094705395217549 27
1739451449164 0.1761770930035747 28
1739451449170 0.13426514425929734 29
1739451449176 0.3268817274586654 30
1739451449182 0.07554012614836582 31
1739451449188 0.15220039732920215 32
1739451449193 0.23054733305648156 33
1739451449199 0.11773440911204631 34
1739451449205 0.09490279751548655 35
1739451449211 0.07588270831883222 36
1739451449218 0.14041284674326285 37
1739451449223 0.3982986821610759 38
1739451449228 0.14259807503890953 39
1739451449235 0.08412543671867859 40
1739451449240 0.25819327722421254 41
1739451449245 0.07291425489527395 42
1739451449251 0.07366014126643347 43
1739451449257 0.16245665492932287 44
1739451449262 0.13213517886482049 45
1739451449268 0.1373874480344402 46
1739451449274 0.09585056678737883 47
1739451449278 0.08080800123990911 48
1739451449285 0.19701654287331868 49
1739451449291 0.05779449575493991 50
1739451449297 0.157595864415334 51
1739451449304 0.11648012467461381 52
1739451449310 0.09554477347680944 53
1739451449315 0.1382388867727115 54
1739451449322 0.18561832974653772 55
1739451449327 0.20545293781518545 56
1739451449334 0.3820391549032453 57
1739451449342 0.16342547691008638 58
1739451449348 0.06858612752711216 59
1739451449355 0.12702596644569045 60
1739451449361 0.06799584675410164 61
1739451449367 0.14402091063467987 62
1739451449374 0.07954879726388377 63
1739451449379 0.16537940770140555 64
1739451449388 0.07648277235872654 65
1739451449393 0.23090398228051628 66
