1739451610500 36.331830101868825 0
1739451610511 0.24127020832407267 1
1739451610518 0.09123851491279858 2
1739451610525 0.1986705398177562 3
1739451610529 0.12764930512033373 4
1739451610533 0.14230043494742717 5
1739451610537 0.18943150873499875 6
1739451610541 0.15153067605963766 7
1739451610545 0.23477681344013696 8
1739451610548 0.1615774985675335 9
1739451610552 0.2829891827404624 10
1739451610556 0.039489475344298405 11
1739451610561 0.08708113526959681 12
1739451610565 0.10825613371124812 13
1739451610569 0.14102208708616612 14
1739451610573 0.17149882809654554 15
1739451610577 0.1797394272611535 16
1739451610582 0.23732038458737578 17
1739451610588 0.16605920390572915 18
1739451610594 0.14766705777260242 19
1739451610598 0.14942763755301905 20
1739451610602 0.0819686593460637 21
1739451610608 0.14567219511137447 22
1739451610614 0.11703584907389357 23
1739451610618 0.10763064239026884 24
1739451610622 0.2463605039952755 25
1739451610628 0.09911772285078221 26
1739451610632 0.20702454414537685 27
1739451610636 0.09208712610682647 28
1739451610642 0.09941461767030195 29
1739451610647 0.2117624060372334 30
1739451610650 0.11308545563652177 31
1739451610655 0.3145582188412531 32
1739451610661 0.26914107171027324 33
1739451610665 0.1671642139872294 34
1739451610669 0.153078506937457 35
1739451610675 0.1260011305485732 36
1739451610680 0.17956027795237392 37
1739451610684 0.06423015620484382 38
1739451610688 0.1434214062359129 39
1739451610695 0.09612783872640512 40
