1739452048461 43.89890286945233 0
1739452048467 0.13724502383713202 1
1739452048473 0.09072615986483282 2
1739452048477 0.07950233992788622 3
1739452048483 0.2152370497339263 4
1739452048489 0.16030949960572338 5
1739452048494 0.09221941999249293 6
1739452048499 0.062041353950347565 7
1739452048507 0.18863919604427964 8
1739452048511 0.0983898309024427 9
1739452048518 0.19679638101927904 10
1739452048523 0.10531060542915566 11
1739452048526 0.15555873627164873 12
1739452048531 0.10494144778616872 13
1739452048538 0.25213156448718904 14
1739452048543 0.14756832764810715 15
1739452048548 0.21299029760773844 16
1739452048554 0.09247019272612159 17
1739452048558 0.10213512413201713 18
1739452048562 0.16796036440473316 19
1739452048569 0.18784876818179175 20
1739452048574 0.23213658495558845 21
1739452048578 0.12386416863596825 22
1739452048585 0.2690003131195143 23
1739452048591 0.09114256216571104 24
1739452048598 0.17013257034282891 25
1739452048607 0.12409373282576576 26
1739452048612 0.09973139346061698 27
1739452048619 0.1871296607809708 28
1739452048625 0.13524306253308555 29
1739452048631 0.11964749849097041 30
1739452048638 0.424584089777477 31
1739452048644 0.25082432626810364 32
1739452048650 0.12273356860411498 33
1739452048657 0.15591056940571543 34
1739452048662 0.0806133488842194 35
1739452048670 0.15779295973072438 36
1739452048675 0.13625384166604826 37
1739452048680 0.0646680820704953 38
1739452048687 0.09501917505253217 39
1739452048692 0.19485191015425793 40
1739452048698 0.28228274422554095 41
1739452048705 0.2644260773390044 42
1739452048710 0.1381569438385202 43
1739452048716 0.2268450996033317 44
1739452048723 0.12284154762524666 45
1739452048728 0.09818831081221016 46
1739452048734 0.15778274687924293 47
1739452048741 0.17182454596730748 48
1739452048746 0.14357924436923564 49
1739452048757 0.22207834112439032 50
1739452048767 0.08740201884321494 51
1739452048776 0.330844564732164 52
1739452048785 0.09190462152977476 53
1739452048790 0.14951984535251722 54
1739452048795 0.25141493603434195 55
1739452048802 0.13301627109186467 56
1739452048808 0.17292208640670964 57
1739452048814 0.14015654467314848 58
1739452048821 0.17083441617761444 59
1739452048827 0.23312979202366838 60
1739452048833 0.12274303000999662 61
1739452048840 0.11001012861333095 62
1739452048845 0.06838452898386854 63
1739452048852 0.07408520005934204 64
1739452048858 0.1318697467933973 65
1739452048863 0.08242392777194626 66
1739452048870 0.05660075349990642 67
1739452048876 0.18868242465776838 68
1739452048881 0.07138861694074565 69
1739452048888 0.19359410904845387 70
1739452048893 0.1437927632508509 71
1739452048900 0.07341111789331947 72
1739452048906 0.13500249716762977 73
1739452048911 0.233467781246276 74
1739452048917 0.2061328536327037 75
1739452048922 0.09312643707539563 76
1739452048927 0.3212943110775965 77
1739452048934 0.09364062698180173 78
1739452048940 0.16634937438479463 79
1739452048945 0.15249412034201498 80
1739452048952 0.20874625269799618 81
1739452048959 0.15134070755693063 82
1739452048965 0.12718999151484353 83
1739452048974 0.10636586535912909 84
1739452048980 0.0628240829533276 85
1739452048987 0.2074826483659812 86
1739452048992 0.19973640716852947 87
1739452048998 0.21183318042202576 88
1739452049006 0.24869381535700286 89
1739452049012 0.10296138539915017 90
1739452049020 0.18874751695664363 91
1739452049025 0.12475586627922411 92
1739452049030 0.09750616353157161 93
1739452049037 0.10946817960039248 94
1739452049042 0.16187449306128882 95
1739452049046 0.19654671456925418 96
1739452049053 0.10728010465735784 97
1739452049059 0.12006028494660119 98
1739452049063 0.2538651297437498 99
