1739451694678 168.91119730653813 0
1739451694680 168.0779622283527 1
1739451694684 166.64556258175256 2
1739451694689 164.6818285291931 3
1739451694692 162.25123855478495 4
1739451694694 159.41445856828483 5
1739451694697 156.22809131949995 6
1739451694699 152.7445825789672 7
1739451694704 149.0122421735324 8
1739451694707 145.07534723624752 9
1739451694710 140.97430240136893 10
1739451694712 136.74583752113836 11
1739451694716 132.42322810344328 12
1739451694722 128.03652731199475 13
1739451694726 123.61280122962665 14
1739451694729 119.17636131871211 15
1739451694735 114.74898974753071 16
1739451694743 110.35015458966788 17
1739451694746 105.99721292691163 18
1739451694755 101.70560065998713 19
1739451694761 97.48900840797816 20
1739451694765 93.35954329786446 21
1739451694771 89.32787674302872 22
1739451694774 85.40337850958761 23
1739451694777 81.5942374919466 24
1739451694780 77.90756967929666 25
1739451694783 74.34951380413027 26
1739451694789 70.92531513015305 27
1739451694792 67.63939776519292 28
1739451694795 64.49542577725671 29
1739451694797 61.49635324886199 30
1739451694802 58.64446322432342 31
1739451694807 55.941395283562635 32
1739451694809 53.38816121078397 33
1739451694812 50.98514791575252 34
1739451694814 48.73210641524751 35
1739451694819 46.62812531498102 36
1739451694822 44.671586904848745 37
1739451694825 42.86010381633575 38
1739451694828 41.190434433717456 39
1739451694830 39.658376343113645 40
1739451694832 38.25863977946679 41
1739451694838 36.98470835209976 42
1739451694841 35.828703468897565 43
1739451694843 34.781282291536286 44
1739451694846 33.83161465613185 45
1739451694848 32.967495242269614 46
1739451694854 32.17564144527551 47
1739451694857 31.442194416878337 48
1739451694860 30.753384051570045 49
1739451694862 30.096262100906884 50
1739451694867 29.459381768636387 51
1739451694871 28.83332000832373 52
1739451694875 28.210986376770276 53
1739451694877 27.587713652333523 54
1739451694880 26.961161752444706 55
1739451694882 26.33108293534815 56
1739451694887 25.69899722861141 57
1739451694890 25.067819351911716 58
1739451694893 24.44146763053086 59
1739451694895 23.824474859043363 60
1739451694897 23.221612398242865 61
1739451694903 22.637532698704547 62
1739451694906 22.076432454125353 63
1739451694908 21.541739462925037 64
1739451694911 21.03583214753496 65
1739451694913 20.55981235066843 66
1739451694916 20.113367773736154 67
1739451694921 19.694772501869938 68
1739451694924 19.3010678221331 69
1739451694929 18.92842854374925 70
1739451694936 18.57266004988958 71
1739451694944 18.229721322236273 72
1739451694948 17.896161549335407 73
1739451694954 17.56939384709319 74
1739451694957 17.24778237102555 75
1739451694960 16.930562008269852 76
1739451694962 16.61763331504524 77
1739451694964 16.309283685335018 78
1739451694969 16.005887008714915 79
1739451694974 15.707633400159558 80
1739451694977 15.414337415683649 81
1739451694979 15.125362141401801 82
1739451694982 14.839672585732158 83
1739451694987 14.555997887728708 84
1739451694990 14.273051495832084 85
1739451694993 13.98974673668898 86
1739451694995 13.705356094214963 87
1739451694997 13.419587014890922 88
1739451695003 13.13257226680131 89
1739451695007 12.844790872959125 90
1739451695011 12.556944993068292 91
1739451695016 12.269820863390612 92
1739451695021 11.984160306018559 93
1739451695025 11.700564519393625 94
1739451695028 11.419444063188285 95
1739451695031 11.141018561919719 96
1739451695036 10.865358380959997 97
1739451695040 10.592451384431932 98
1739451695043 10.322273781651862 99
