1739453062547 147.27250129488266 0
1739453062552 116.85549614435662 1
1739453062557 95.84788678519433 2
1739453062563 71.00747107342586 3
1739453062568 58.309537841312476 4
1739453062573 39.8965540138504 5
1739453062578 27.719324747737193 6
1739453062583 17.519002683065693 7
1739453062588 9.163577474279842 8
1739453062592 4.058230348308969 9
1739453062598 0.7082253578264537 10
1739453062603 0.2638266936881645 11
1739453062607 0.10059195811370879 12
1739453062613 0.17012048843805594 13
1739453062618 0.1324098834761379 14
1739453062623 0.10701881243516487 15
1739453062632 0.07646549365096907 16
1739453062637 0.09156692945347168 17
1739453062643 0.1623499522764514 18
