1739450300271 141.27779373983583 0
1739450300278 119.68978746822664 1
1739450300285 98.70040128483288 2
1739450300289 79.12531926283621 3
1739450300294 59.953177413553874 4
1739450300300 47.116435379382935 5
1739450300303 30.253806217881642 6
1739450300307 19.097107304463474 7
1739450300313 11.061896625505327 8
1739450300317 5.242079451213378 9
1739450300320 1.1395077440812866 10
1739450300324 0.3982143292510162 11
1739450300329 0.18199158319574443 12
1739450300333 0.25347692821844814 13
1739450300336 0.17551593441174812 14
1739450300339 0.2315395510746819 15
1739450300344 0.1185609148067625 16
1739450300349 0.19108509778937224 17
1739450300354 0.20130694668726723 18
1739450300358 0.10825186751493732 19
1739450300363 0.22721841285887964 20
1739450300367 0.24617585796534713 21
1739450300370 0.09421784491139319 22
1739450300373 0.11631328599738164 23
