1739452033508 39.43478837122766 0
1739452033516 0.09597945343271247 1
1739452033523 0.1219878258482644 2
1739452033528 0.14367539163857462 3
1739452033534 0.1998718832189647 4
1739452033542 0.24223350267820343 5
1739452033546 0.216008920627709 6
1739452033553 0.16071766327959158 7
1739452033559 0.18354434462566369 8
1739452033563 0.0640862942077551 9
1739452033571 0.2097805075082809 10
1739452033577 0.21449531389395834 11
1739452033583 0.12453852663195775 12
1739452033590 0.19656965078399005 13
1739452033595 0.19571520172266615 14
