1739450336640 115.60999088013287 0
1739450336648 72.37655364703758 1
1739450336655 32.408820614394436 2
1739450336663 29.080078415631096 3
1739450336670 18.64929759494781 4
1739450336677 22.269665088556213 5
1739450336683 15.48070778731008 6
1739450336687 13.717422510980663 7
1739450336694 14.831966179039568 8
1739450336700 6.310837949126946 9
1739450336704 7.91791252287173 10
1739450336711 5.370450889325392 11
1739450336717 4.898643800493807 12
1739450336721 4.343048282623734 13
1739450336729 3.6762984233174696 14
1739450336734 1.5055389949747362 15
1739450336739 0.6376788589373865 16
1739450336746 0.9256527898861988 17
1739450336750 0.7308925893479066 18
1739450336754 0.3597547690382066 19
1739450336761 0.3653791634705235 20
1739450336765 0.27087852201799373 21
1739450336769 0.3494938674154155 22
1739450336774 0.17540210765408995 23
1739450336780 0.14238200227138037 24
1739450336784 0.2326854278991711 25
1739450336787 0.16687206906424804 26
1739450336792 0.1667083055879805 27
1739450336798 0.09185933401805364 28
1739450336803 0.1368555570012878 29
1739450336807 0.31394986681887566 30
1739450336813 0.18518180229566156 31
1739450336817 0.11652031482806252 32
1739450336821 0.12300652537574261 33
1739450336828 0.19238169176509756 34
1739450336833 0.11720147230006522 35
1739450336838 0.1040372610919333 36
1739450336845 0.1022912944713885 37
1739450336850 0.14971282081927284 38
1739450336855 0.10461543155374815 39
1739450336862 0.16515046291037233 40
1739450336867 0.1511691693489273 41
1739450336870 0.08275993150829139 42
1739450336877 0.06369809929139938 43
1739450336882 0.07158163557383859 44
1739450336885 0.13570547447654244 45
1739450336891 0.14109412595012488 46
1739450336898 0.1312822910240788 47
1739450336902 0.1030659787885658 48
1739450336905 0.253520438118352 49
1739450336912 0.27861560181165196 50
