1739451646992 168.90082104802957 0
1739451646995 168.57569997603073 1
1739451646998 168.25087932492343 2
1739451647000 167.92637029578123 3
1739451647004 167.60217511391613 4
1739451647008 167.27829421885085 5
1739451647011 166.95472769504488 6
1739451647013 166.6314755563755 7
1739451647015 166.30853780269246 8
1739451647017 165.9859144310601 9
1739451647022 165.66360543799237 10
1739451647026 165.34161081989697 11
1739451647028 165.01993057316346 12
1739451647031 164.69856469418107 13
1739451647033 164.37751317934195 14
1739451647035 164.056776025042 15
1739451647040 163.73635322768095 16
1739451647044 163.4162447836624 17
1739451647047 163.09645068939383 18
1739451647051 162.7769709412866 19
1739451647055 162.457805535756 20
1739451647058 162.13895446922106 21
1739451647061 161.82041773810488 22
1739451647063 161.5021953388342 23
1739451647066 161.18428726783984 24
1739451647070 160.86669352155633 25
1739451647075 160.5494140964221 26
1739451647078 160.23244898887958 27
1739451647080 159.9157981953749 28
1739451647083 159.59946171235808 29
1739451647087 159.2834395362831 30
1739451647091 158.9677316636078 31
1739451647094 158.65233809079365 32
1739451647096 158.33725881430624 33
1739451647098 158.0224938306149 34
1739451647101 157.70804313619283 35
1739451647105 157.39390672751713 36
1739451647108 157.08008460106862 37
1739451647111 156.76657675333212 38
1739451647113 156.45338318079624 39
1739451647116 156.1405038799534 40
1739451647119 155.8279388472999 41
1739451647123 155.51568807933594 42
1739451647126 155.20375157256547 43
1739451647129 154.8921293234963 44
1739451647131 154.58082132864013 45
1739451647134 154.26982758451246 46
1739451647138 153.95914808763263 47
1739451647141 153.64878283452381 48
1739451647144 153.33873182171308 49
1739451647147 153.02899504573122 50
1739451647149 152.71957250311297 51
1739451647151 152.41046419039682 52
1739451647157 152.10167010412508 53
1739451647162 151.79319024084396 54
1739451647168 151.4850245971034 55
1739451647178 151.17717316945732 56
1739451647185 150.86963595446332 57
1739451647192 150.5624129486828 58
1739451647197 150.25550414868113 59
1739451647201 149.94890955102738 60
1739451647209 149.6426291522945 61
1739451647214 149.33666294905916 62
1739451647218 149.031010937902 63
1739451647224 148.72567311540732 64
1739451647228 148.42064947816337 65
1739451647230 148.11594002276206 66
1739451647233 147.8115447457992 67
1739451647236 147.50746364387444 68
1739451647240 147.20369671359117 69
1739451647243 146.90024395155658 70
1739451647246 146.59710535438177 71
1739451647248 146.2942809186814 72
1739451647250 145.99177064107428 73
1739451647255 145.6895745181827 74
1739451647259 145.3876925466329 75
1739451647261 145.0861247230549 76
1739451647264 144.78487104408254 77
1739451647266 144.48393150635337 78
1739451647270 144.18330610650884 79
1739451647275 143.88299484119403 80
1739451647278 143.582997707058 81
1739451647280 143.28331470075346 82
1739451647282 142.98394581893695 83
1739451647285 142.6848910582688 84
1739451647290 142.38615041541314 85
1739451647292 142.08772388703784 86
1739451647295 141.78961146981456 87
1739451647297 141.49181316041876 88
1739451647300 141.1943289555296 89
1739451647303 140.89715885183017 90
1739451647308 140.60030284600722 91
1739451647311 140.30376093475127 92
1739451647314 140.0075331147566 93
1739451647317 139.71161938272132 94
1739451647320 139.41601973534733 95
1739451647325 139.12073416934018 96
1739451647329 138.8257626814093 97
1739451647332 138.53110526826777 98
1739451647335 138.23676192663254 99
