1739449986545 168.91119730653813 0
1739449986549 168.622302474206 1
1739449986551 168.33364996932517 2
1739449986554 168.04524474920717 3
1739449986555 167.75708730816444 4
1739449986558 167.4691776945715 5
1739449986563 167.1815159122525 6
1739449986565 166.8941019605814 7
1739449986567 166.6069358384878 8
1739449986569 166.32001754485728 9
1739449986572 166.03334707857132 10
1739449986574 165.74692443851137 11
1739449986579 165.46074962355914 12
1739449986582 165.1748226325967 13
1739449986584 164.88914346450645 14
1739449986587 164.6037121181713 15
1739449986589 164.31852859247434 16
1739449986593 164.03359288629915 17
1739449986598 163.7489049985296 18
1739449986601 163.46446492804992 19
1739449986604 163.18027267374478 20
1739449986606 162.8963282344991 21
1739449986608 162.61263160919825 22
1739449986613 162.32918279672796 23
1739449986615 162.04598179597426 24
1739449986618 161.76302860582356 25
1739449986620 161.4803232251627 26
1739449986624 161.1978656528788 27
1739449986630 160.9156558878594 28
1739449986634 160.63369392899236 29
1739449986638 160.35197977516594 30
1739449986640 160.07051342526873 31
1739449986644 159.78929487818974 32
1739449986647 159.5083241328183 33
1739449986649 159.22760118804405 34
1739449986651 158.94712604275713 35
1739449986653 158.66689869584792 36
1739449986655 158.38691914620725 37
1739449986658 158.10718739272627 38
1739449986663 157.82770343429647 39
1739449986666 157.54846726980978 40
1739449986668 157.26947889815844 41
1739449986671 156.99073831823506 42
1739449986673 156.71224552893264 43
1739449986676 156.43400052914456 44
1739449986680 156.15600331776446 45
1739449986683 155.87825389368643 46
1739449986685 155.600752255805 47
1739449986687 155.32349840301492 48
1739449986690 155.04649233421142 49
1739449986694 154.76973404829 50
1739449986698 154.4932235441466 51
1739449986701 154.21696082067749 52
1739449986703 153.9409458767793 53
1739449986705 153.6651787113491 54
1739449986707 153.38965932328423 55
1739449986711 153.1143877114825 56
1739449986715 152.83936387484195 57
1739449986718 152.5645878122611 58
1739449986720 152.2900595226388 59
1739449986723 152.01577900487433 60
1739449986726 151.74174625786722 61
1739449986731 151.46796128051744 62
1739449986736 151.19442407172534 63
1739449986739 150.9211346303916 64
1739449986746 150.6480929554173 65
1739449986752 150.37529904570385 66
1739449986757 150.10275290015312 67
1739449986765 149.8304545176672 68
1739449986770 149.5584038971487 69
1739449986773 149.28660103750053 70
1739449986780 149.01504593762596 71
1739449986785 148.74373859642867 72
1739449986788 148.47267901281262 73
1739449986794 148.20186718568226 74
1739449986800 147.9313031139424 75
1739449986804 147.66098679649812 76
1739449986810 147.39091823225493 77
1739449986816 147.12109742011873 78
1739449986821 146.85152435899576 79
1739449986826 146.58219904779267 80
1739449986833 146.31312148541645 81
1739449986837 146.04429167077447 82
1739449986839 145.77570960277447 83
1739449986843 145.50737528032457 84
1739449986848 145.2392887023332 85
1739449986851 144.9714498677093 86
1739449986853 144.7038587753621 87
1739449986855 144.43651542420113 88
1739449986858 144.16941981313644 89
1739449986862 143.90257194107838 90
1739449986865 143.63597180693762 91
1739449986868 143.36961940962527 92
1739449986870 143.1035147480529 93
1739449986873 142.83765782113227 94
1739449986876 142.57204862777562 95
1739449986880 142.30668716689556 96
1739449986883 142.041573437405 97
1739449986885 141.7767074382174 98
1739449986887 141.5120891682464 99
