1739451652872 168.92543757006746 0
1739451652876 168.05735469973916 1
1739451652879 167.19160052105764 2
1739451652881 166.3287054666126 3
1739451652884 165.468773365003 4
1739451652888 164.61182406842624 5
1739451652892 163.757860903851 6
1739451652895 162.90688394336115 7
1739451652897 162.05889261399892 8
1739451652899 161.2138862108312 9
1739451652904 160.37186399773236 10
1739451652908 159.53282522712416 11
1739451652911 158.6967691437892 12
1739451652913 157.86369498555447 13
1739451652916 157.03360198335974 14
1739451652919 156.2064893612038 15
1739451652923 155.38235633606575 16
1739451652926 154.56120211782053 17
1739451652928 153.74302590915215 18
1739451652931 152.92782690546542 19
1739451652935 152.1156042947965 20
1739451652940 151.30635725772152 21
1739451652943 150.50008496726454 22
1739451652947 149.69678658880346 23
1739451652950 148.89646127997494 24
1739451652954 148.09910819057737 25
1739451652959 147.30472646247296 26
1739451652962 146.51331522948766 27
1739451652965 145.72487361731007 28
1739451652968 144.93940074338815 29
1739451652974 144.15689571682506 30
1739451652977 143.37735763827285 31
1739451652980 142.60078559982446 32
1739451652983 141.82717868490434 33
1739451652989 141.056535968157 34
1739451652993 140.288856515334 35
1739451652996 139.52413938317918 36
1739451652998 138.7623836193117 37
1739451653001 138.00358826210766 38
1739451653007 137.24775234057955 39
1739451653011 136.49487487425378 40
1739451653013 135.74495487304634 41
1739451653017 134.9979913371362 42
1739451653023 134.2539832568371 43
1739451653027 133.51292961246673 44
1739451653031 132.7748293742141 45
1739451653034 132.03968150200473 46
1739451653040 131.3074849453633 47
1739451653044 130.57823864327466 48
1739451653046 129.8519415240418 49
1739451653049 129.12859250514197 50
1739451653052 128.40819049308047 51
1739451653059 127.69073438324139 52
1739451653063 126.97622305973665 53
1739451653066 126.26465539525195 54
1739451653071 125.55603025089025 55
1739451653078 124.85034647601293 56
1739451653082 124.1476029080777 57
1739451653086 123.4477983724744 58
1739451653092 122.75093168235733 59
1739451653096 122.05700163847544 60
1739451653098 121.36600702899901 61
1739451653101 120.67794662934378 62
1739451653107 119.99281920199172 63
1739451653111 119.31062349630909 64
1739451653114 118.63135824836102 65
1739451653116 117.95502218072309 66
1739451653120 117.28161400228956 67
1739451653124 116.61113240807819 68
1739451653127 115.94357607903187 69
1739451653130 115.27894368181659 70
1739451653132 114.61723386861586 71
1739451653135 113.95844527692168 72
1739451653140 113.30257652932164 73
1739451653143 112.64962623328238 74
1739451653145 111.99959298092911 75
1739451653148 111.35247534882129 76
1739451653150 110.70827189772432 77
1739451653155 110.06698117237711 78
1739451653158 109.42860170125535 79
1739451653161 108.79313199633087 80
1739451653164 108.16057055282636 81
1739451653166 107.5309158489657 82
1739451653170 106.90416634571991 83
1739451653175 106.28032048654842 84
1739451653178 105.65937669713558 85
1739451653181 105.04133338512236 86
1739451653184 104.42618893983324 87
1739451653188 103.81394173199801 88
1739451653191 103.20459011346854 89
1739451653194 102.59813241693013 90
1739451653196 101.99456695560775 91
1739451653199 101.39389202296675 92
1739451653201 100.79610589240804 93
1739451653205 100.20120681695748 94
1739451653208 99.60919302894959 95
1739451653211 99.0200627397054 96
1739451653213 98.43381413920407 97
1739451653215 97.85044539574851 98
1739451653218 97.26995465562459 99
