1739450832014 29.05008281427194 0
1739450832020 22.116178067100215 1
1739450832023 9.374430683863727 2
1739450832026 2.359766069991335 3
1739450832030 1.490785957733496 4
1739450832036 0.3692138220727757 5
1739450832040 0.20203073932768395 6
1739450832043 0.1010653991141471 7
1739450832047 0.1269231111578515 8
1739450832054 0.15945099889100375 9
1739450832057 0.08454133258989667 10
1739450832061 0.1675448635783067 11
1739450832068 0.054708251052248545 12
1739450832072 0.1730867585798744 13
1739450832075 0.08523157357141956 14
1739450832080 0.1406966034235714 15
1739450832085 0.21560168400233473 16
1739450832089 0.09651120559125925 17
1739450832092 0.14578236333853323 18
1739450832098 0.16134853949301414 19
1739450832103 0.10981118808946008 20
1739450832107 0.06365849238232302 21
1739450832110 0.18886367055391975 22
1739450832114 0.14422327726916456 23
1739450832119 0.10052475881274196 24
1739450832123 0.14109350250768107 25
1739450832126 0.19548765455147415 26
1739450832131 0.24436423524420614 27
1739450832136 0.18352391008004396 28
1739450832140 0.10408968625941187 29
1739450832144 0.23068936593828862 30
1739450832149 0.14791454176669117 31
1739450832155 0.3211420926672381 32
1739450832159 0.10936527637471993 33
1739450832163 0.1680469478800442 34
1739450832171 0.12163663182719792 35
1739450832174 0.1547549869301504 36
1739450832178 0.20283689311774056 37
1739450832184 0.10402248427631253 38
1739450832188 0.1889554805264362 39
1739450832192 0.18881869861550915 40
1739450832195 0.16587525225142138 41
1739450832201 0.08972404373966004 42
1739450832206 0.13882873773415955 43
1739450832209 0.14889663316204083 44
1739450832214 0.15371432114144912 45
1739450832220 0.394871641600982 46
1739450832224 0.2179495034751861 47
1739450832227 0.054379584854952485 48
1739450832234 0.25937927337082467 49
1739450832240 0.2835703503156883 50
1739450832244 0.1403131748519179 51
1739450832250 0.09785167756387765 52
1739450832256 0.20758261187942606 53
1739450832260 0.2321039065649178 54
1739450832265 0.12312649200078056 55
1739450832270 0.14191013078207146 56
1739450832274 0.3048918988218811 57
1739450832277 0.16712137036537095 58
1739450832282 0.22476086912628618 59
1739450832287 0.053978823029807645 60
1739450832291 0.11543884893287289 61
1739450832294 0.09545100807594764 62
1739450832299 0.11037994473423662 63
1739450832303 0.20455546275058697 64
1739450832306 0.2016617771372129 65
1739450832309 0.1493965301333671 66
1739450832313 0.07241255365998218 67
1739450832319 0.1971465634831462 68
1739450832323 0.2697873171129378 69
1739450832326 0.1753144398692858 70
1739450832331 0.10189844320114991 71
1739450832336 0.20400259577449345 72
