1739451689781 168.92543757006746 0
1739451689785 166.33689392732916 1
1739451689790 163.76799492502246 2
1739451689793 161.21878362797992 3
1739451689795 158.68930077678172 4
1739451689798 156.17958453909512 5
1739451689802 153.6896703754423 6
1739451689805 151.21959099222957 7
1739451689808 148.76937636028518 8
1739451689810 146.3390537815656 9
1739451689812 143.92864799028564 10
1739451689815 141.53818127764217 11
1739451689819 139.16767363166744 12
1739451689822 136.81714288565436 13
1739451689825 134.48660487013376 14
1739451689827 132.17607356461582 15
1739451689830 129.88556124629102 16
1739451689832 127.6150786336693 17
1739451689837 125.36463502375076 18
1739451689839 123.13423842180761 19
1739451689842 120.92389566323129 20
1739451689844 118.73361252718853 21
1739451689847 116.56339384204927 22
1739451689849 114.41324358271228 23
1739451689854 112.28316496007389 24
1739451689857 110.17316050296827 25
1739451689860 108.08323213296445 26
1739451689863 106.01338123243877 27
1739451689865 103.96360870636039 28
1739451689870 101.93391503823159 29
1739451689873 99.92430034062099 30
1739451689876 97.93476440071586 31
1739451689878 95.9653067213035 32
1739451689881 94.01592655757214 33
1739451689885 92.08662295009945 34
1739451689889 90.17739475437389 35
1739451689892 88.28824066717036 36
1739451689895 86.41915925007844 37
1739451689897 84.57014895045766 38
1739451689901 82.74120812007335 39
1739451689905 80.9323350316437 40
1739451689908 79.14352789351021 41
1739451689911 77.37478486262364 42
1739451689913 75.62610405602058 43
1739451689915 73.8974835609491 44
1739451689920 72.18892144378674 45
1739451689923 70.5004157578808 46
1739451689926 68.83196455042678 47
1739451689929 67.18356586849073 48
1739451689931 65.55521776426937 49
1739451689936 63.946918299672525 50
1739451689939 62.358665550303876 51
1739451689942 60.79045760890774 52
1739451689945 59.24229258834205 53
1739451689947 57.71416862413226 54
1739451689951 56.20608387665371 55
1739451689956 54.7180365329856 56
1739451689958 53.25002480847474 57
1739451689961 51.80204694804276 58
1739451689963 50.37410122726683 59
1739451689966 48.966185953260776 60
1739451689972 47.57829946537973 61
1739451689975 46.21044013576936 62
1739451689977 44.86260636977809 63
1739451689979 43.53479660624825 64
1739451689983 42.227009317700734 65
1739451689989 40.939243010425386 66
1739451689993 39.671496224488074 67
1739451689996 38.42376753366437 68
1739451689998 37.19605554530771 69
1739451690003 35.98835890015969 70
1739451690007 34.800676272108575 71
1739451690010 33.63300636790151 72
1739451690012 32.48534792681503 73
1739451690014 31.357699720287876 74
1739451690018 30.250060551519404 75
1739451690023 29.162429255036333 76
1739451690025 28.094804696230067 77
1739451690028 27.0471857708665 78
1739451690030 26.019571404569355 79
1739451690033 25.01196055227849 80
1739451690038 24.024352197683214 81
1739451690041 23.05674535263132 82
1739451690044 22.109139056513452 83
1739451690046 21.181532375622478 84
1739451690048 20.273924402486987 85
1739451690054 19.38631425517801 86
1739451690057 18.518701076587192 87
1739451690060 17.671084033674845 88
1739451690062 16.84346231668543 89
1739451690065 16.03583513832785 90
1739451690070 15.24820173291729 91
1739451690073 14.480561355474826 92
1739451690077 13.732913280780462 93
1739451690080 13.005256802374157 94
1739451690084 12.297591231499105 95
1739451690089 11.609915895979794 96
1739451690092 10.9422301390268 97
1739451690094 10.294533317958203 98
1739451690097 9.66682480282614 99
