1739449977671 168.91119730653813 0
1739449977673 168.63749843271606 1
1739449977675 168.3640191998729 2
1739449977679 168.09076226131293 3
1739449977681 167.81772774868867 4
1739449977683 167.54491566767183 5
1739449977685 167.27232601764064 6
1739449977687 166.99995879765933 7
1739449977688 166.72781400677673 8
1739449977690 166.455891644041 9
1739449977692 166.1841917085008 10
1739449977695 165.9127141992049 11
1739449977697 165.64145911520245 12
1739449977699 165.3704264555428 13
1739449977701 165.09961621927573 14
1739449977702 164.82902840545114 15
1739449977704 164.55866301311931 16
1739449977705 164.28852004133097 17
1739449977707 164.01859948913676 18
1739449977710 163.748901355588 19
1739449977714 163.47942563973606 20
1739449977716 163.21017234063268 21
1739449977719 162.94114145732993 22
1739449977720 162.6723329888801 23
1739449977723 162.40374693433577 24
1739449977725 162.1353832927499 25
1739449977728 161.86724206317572 26
1739449977731 161.59932324466664 27
1739449977734 161.33162683627643 28
1739449977735 161.06415283705923 29
1739449977737 160.79690124606935 30
1739449977739 160.52987206236153 31
1739449977740 160.26306528499063 32
1739449977743 159.99648091301194 33
1739449977747 159.73011894548105 34
1739449977749 159.46397938145367 35
1739449977751 159.19806221998604 36
1739449977752 158.93236746013451 37
1739449977754 158.6668951009558 38
1739449977755 158.40164514150695 39
1739449977757 158.1366175808452 40
1739449977760 157.8718124180282 41
1739449977764 157.60722965211386 42
1739449977766 157.34286928216028 43
1739449977767 157.07873130722598 44
1739449977769 156.81481572636974 45
1739449977771 156.55112253865056 46
1739449977772 156.2876517431279 47
1739449977774 156.02440333886136 48
1739449977777 155.76137732491085 49
1739449977780 155.49857370033666 50
1739449977782 155.23599246419937 51
1739449977784 154.97363361555972 52
1739449977785 154.71149715347892 53
1739449977787 154.44958307701833 54
1739449977789 154.1878913852397 55
1739449977790 153.92642207720507 56
1739449977793 153.66517515197674 57
1739449977797 153.40415060861727 58
1739449977799 153.14334844618963 59
1739449977800 152.88276866375693 60
1739449977802 152.6224112603828 61
1739449977804 152.3622762351309 62
1739449977806 152.1023635870654 63
1739449977807 151.8426733152507 64
1739449977810 151.58320541875142 65
1739449977815 151.32395989663254 66
1739449977816 151.0649367479594 67
1739449977818 150.80613597179754 68
1739449977820 150.54755756721278 69
1739449977821 150.28920153327144 70
1739449977823 150.0310678690398 71
1739449977825 149.7731565735847 72
1739449977829 149.51546764597327 73
1739449977831 149.2580010852728 74
1739449977833 149.00075689055095 75
1739449977835 148.74373506087565 76
1739449977836 148.48693559531526 77
1739449977838 148.23035849293825 78
1739449977840 147.97400375281345 79
1739449977842 147.71787137401006 80
1739449977846 147.4619613555975 81
1739449977848 147.20627369664558 82
1739449977850 146.95080839622432 83
1739449977851 146.695565453404 84
1739449977853 146.44054486725534 85
1739449977855 146.18574663684927 86
1739449977856 145.93117076125702 87
1739449977860 145.6768172395502 88
1739449977864 145.42268607080055 89
1739449977866 145.16877725408028 90
1739449977868 144.91509078846187 91
1739449977869 144.66162667301796 92
1739449977871 144.40838490682168 93
1739449977874 144.1553654889464 94
1739449977877 143.9025684184657 95
1739449977881 143.64999369445357 96
1739449977885 143.39764131598423 97
1739449977886 143.14551128213228 98
1739449977888 142.89360359197255 99
