1739448865080 134.5334244994577 0
1739448865083 113.04106175729109 1
1739448865086 93.2011863210976 2
1739448865089 74.0910962480775 3
1739448865092 58.890652160995195 4
1739448865095 40.2695451904641 5
1739448865098 31.706909569132698 6
1739448865101 24.382242424788217 7
1739448865104 11.561758322892246 8
1739448865108 6.066857880755478 9
1739448865111 1.574330877338034 10
1739448865113 0.2772127037288993 11
1739448865116 0.7808585989071848 12
1739448865119 0.06489873094342331 13
1739448865123 0.06949968973486544 14
1739448865126 0.07188923528512567 15
1739448865129 0.10065038601438141 16
1739448865132 0.18193276749454212 17
1739448865136 0.23202588724097767 18
1739448865140 0.2523869440866175 19
1739448865142 0.3800305750915614 20
1739448865145 0.17404847890386216 21
1739448865148 0.36280551480507595 22
1739448865150 0.0021802936394573467 23
