1739451832487 39.5985092876398 0
1739451832492 0.19208227378811144 1
1739451832500 0.11095550038432836 2
1739451832505 0.25522205294471795 3
1739451832511 0.13400144013436113 4
1739451832517 0.1106978669764733 5
1739451832521 0.16383096795665994 6
1739451832526 0.05553878613696618 7
1739451832533 0.09235173737289024 8
1739451832537 0.10601809772139695 9
1739451832541 0.16590873333392028 10
1739451832548 0.09554799863468548 11
1739451832554 0.10068799374567931 12
1739451832558 0.28960612519129036 13
1739451832565 0.1273195431031906 14
1739451832570 0.14608280201508703 15
1739451832574 0.07686357170035509 16
1739451832581 0.08787021168394163 17
1739451832586 0.13130679967691697 18
1739451832590 0.22365877117678087 19
1739451832600 0.10362872230564306 20
1739451832606 0.17778228896879048 21
1739451832611 0.11289695517711966 22
1739451832617 0.09771492848916424 23
1739451832621 0.17178879835401467 24
1739451832627 0.11325970603018827 25
1739451832633 0.17706977773509813 26
1739451832637 0.1576948774737706 27
1739451832643 0.1612013155424484 28
1739451832650 0.13173334693656244 29
1739451832654 0.09585093382690195 30
1739451832660 0.14409657055246383 31
1739451832668 0.12534056703848698 32
1739451832674 0.25166483318635485 33
1739451832681 0.18370654782775594 34
1739451832689 0.08464245066358778 35
1739451832701 0.08073230878642815 36
1739451832708 0.22180467039936655 37
1739451832716 0.13797052900430407 38
1739451832720 0.13383226340125423 39
1739451832724 0.40413834029683615 40
1739451832731 0.06830606817359254 41
1739451832736 0.07621082084803642 42
1739451832741 0.11264895615369183 43
