1739449764983 42.99288097586378 0
1739449764991 13.114108402198841 1
1739449764999 12.666915822005123 2
1739449765006 10.537525652444195 3
1739449765012 3.3349615657803597 4
1739449765016 1.5705565226027045 5
1739449765019 0.4238176612069114 6
1739449765024 0.47078102905106506 7
1739449765028 0.16028360939606062 8
1739449765031 0.2309715707196338 9
1739449765034 0.26610175332112235 10
1739449765038 0.18511964906701991 11
1739449765043 0.06988637684403601 12
1739449765046 0.19426973987261656 13
1739449765049 0.12081319820004197 14
1739449765053 0.2692178575210237 15
1739449765061 0.26804112022227183 16
1739449765069 0.08756424983322389 17
1739449765077 0.20351730626762818 18
1739449765081 0.13302754201209305 19
1739449765085 0.2265791546154608 20
1739449765088 0.13465714458430236 21
1739449765092 0.27880315388450844 22
1739449765095 0.1644513541196615 23
1739449765098 0.1094308875660803 24
1739449765101 0.2438290343092556 25
1739449765104 0.08981462589152281 26
1739449765108 0.04952067703885902 27
1739449765111 0.17540994684330616 28
1739449765114 0.16691952855069755 29
1739449765117 0.12921105889022144 30
1739449765119 0.1594952169759985 31
1739449765124 0.15729170338828202 32
1739449765128 0.16515846033260545 33
1739449765131 0.10574020668736087 34
1739449765133 0.09358746209778585 35
1739449765136 0.10538277584922946 36
1739449765141 0.14954037745805743 37
1739449765144 0.2066136333234741 38
1739449765147 0.24231002389315956 39
1739449765150 0.08334174797346065 40
1739449765153 0.14055164383962535 41
1739449765158 0.1644568553293552 42
1739449765161 0.06822716740949317 43
1739449765164 0.15439212900371196 44
1739449765168 0.13619609246101966 45
1739449765172 0.1536790635816535 46
1739449765176 0.16232564148103118 47
1739449765180 0.2561283758353328 48
1739449765184 0.13602464412797566 49
1739449765189 0.06776608410699447 50
1739449765194 0.12358962327326235 51
1739449765197 0.1425496663935201 52
1739449765200 0.27478532937159017 53
1739449765203 0.11213812737466819 54
1739449765208 0.10007331462126705 55
1739449765213 0.10468093802223336 56
1739449765215 0.1858066572858431 57
1739449765218 0.1536192933628535 58
1739449765222 0.2448193497216089 59
1739449765227 0.08361880517920925 60
1739449765230 0.1364315399056531 61
1739449765233 0.145996317341173 62
1739449765236 0.0703665239001732 63
1739449765240 0.1523979969478866 64
1739449765244 0.254577671784108 65
1739449765247 0.10650216430284562 66
1739449765250 0.19986024264535412 67
1739449765253 0.17652768622721896 68
1739449765256 0.08300930341496152 69
1739449765260 0.21670291762816368 70
1739449765263 0.09687682742756394 71
