1739450180798 108.58289829844459 0
1739450180803 57.65566096066682 1
1739450180806 25.69256573041087 2
1739450180809 6.291513566826235 3
1739450180813 0.32744334997466096 4
1739450180819 0.08660214160131166 5
1739450180824 0.1888621425801189 6
1739450180828 0.189791286134231 7
1739450180832 0.27929407173645104 8
1739450180837 0.12689672720876155 9
1739450180841 0.173361351374056 10
1739450180844 0.08048507722828127 11
1739450180847 0.13558079743921567 12
1739450180852 0.09386266155971479 13
1739450180856 0.17308722089749418 14
1739450180859 0.12363095615366036 15
