1739453072749 50.797285879212225 0
1739453072753 31.796686393413502 1
1739453072758 20.41147646246845 2
1739453072763 11.793413022074937 3
1739453072767 6.0541706718281105 4
1739453072771 4.066040768925539 5
1739453072776 1.3391434164554652 6
1739453072781 0.5358942317238008 7
1739453072785 0.41697634677305184 8
1739453072790 0.11596139873023757 9
1739453072796 0.2641275496848709 10
1739453072800 0.10826305777114495 11
1739453072804 0.09605927660761145 12
1739453072809 0.06255944884465874 13
1739453072814 0.08924880461042599 14
1739453072818 0.08371366862991228 15
1739453072822 0.11374059979500764 16
1739453072827 0.13008477836956728 17
