1739453030042 168.92543757006746 0
1739453030045 166.8984476469998 1
1739453030048 164.80149288125347 2
1739453030050 162.66237088061774 3
1739453030052 160.50050049181448 4
1739453030055 158.32939811877233 5
1739453030057 156.15844660504018 6
1739453030060 153.99414592268474 7
1739453030064 151.84099131021156 8
1739453030067 149.7020868403139 9
1739453030070 147.57957265707964 10
1739453030072 145.47492173616737 11
1739453030074 143.38914564612455 12
1739453030084 141.32293702552633 13
1739453030086 139.27676814043951 14
1739453030089 137.25095900720376 15
1739453030091 135.2457244487177 16
1739453030093 133.26120658112512 17
1739453030096 131.29749723077072 18
1739453030098 129.3546533951174 19
1739453030101 127.43270790055247 20
1739453030103 125.5316767448283 21
1739453030105 123.6515641517275 22
1739453030108 121.7923660474212 23
1739453030114 119.95407244817743 24
1739453030118 118.13666909725434 25
1739453030120 116.34013858399175 26
1739453030122 114.5644611057634 27
1739453030124 112.80961498353086 28
1739453030126 111.07557700730011 29
1739453030129 109.36232266403165 30
1739453030131 107.66982628417792 31
1739453030134 105.99806113173229 32
1739453030136 104.34699945489274 33
1739453030138 102.71661250908085 34
1739453030140 101.10687056036143 35
1739453030143 99.51774287476256 36
1739453030146 97.94919769723961 37
1739453030149 96.40120222281772 38
1739453030152 94.87372256161193 39
1739453030155 93.36672369884717 40
1739453030157 91.8801694506007 41
1739453030163 90.41402241571252 42
1739453030169 88.96824392411438 43
1739453030172 87.54279398169221 44
1739453030175 86.1376312116988 45
1739453030178 84.75271279266278 46
1739453030181 83.38799439268789 47
1739453030184 82.04343009999528 48
1739453030187 80.71897234953035 49
1739453030189 79.41457184542803 50
1739453030191 78.13017747910781 51
1739453030193 76.86573624274834 52
1739453030197 75.62119313787194 53
1739453030199 74.39649107875043 54
1739453030201 73.19157079032504 55
1739453030204 72.00637070031532 56
1739453030206 70.84082682517297 57
1739453030208 69.69487264952015 58
1739453030210 68.56843899869237 59
1739453030214 67.46145390399069 60
1739453030216 66.37384246023073 61
1739453030218 65.30552667516146 62
1739453030220 64.25642531031345 63
1739453030223 63.22645371282549 64
1739453030225 62.215523637790845 65
1739453030228 61.223543060660994 66
1739453030230 60.25041597924649 67
1739453030233 59.2960422048632 68
1739453030236 58.360317142189324 69
1739453030238 57.4431315574253 70
1739453030241 56.54437133438965 71
1739453030243 55.66391721823846 72
1739453030246 54.80164454657107 73
1739453030250 53.95742296778102 74
1739453030252 53.13111614663455 75
1739453030255 52.32258145721446 76
1739453030257 51.53166966355982 77
1739453030259 50.75822458856734 78
1739453030263 50.00208277200798 79
1739453030267 49.263073118856106 80
1739453030269 48.54101653953973 81
1739453030271 47.835725584205555 82
1739453030274 47.14700407365995 83
1739453030276 46.474646730305466 84
1739453030279 45.81843881314748 85
1739453030283 45.178155761802294 86
1739453030285 44.553562855398454 87
1739453030287 43.944414893322616 88
1739453030289 43.35045590591287 89
1739453030292 42.77141890442649 90
1739453030295 42.20702568087829 91
1739453030298 41.656986669618504 92
1739453030300 41.12100088373814 93
1739453030302 40.598755940480245 94
1739453030305 40.08992819070272 95
1739453030308 39.59418296796978 96
1739453030312 39.111174972911826 97
1739453030316 38.64054880794374 98
1739453030319 38.1819396761201 99
