1739450830641 33.67953949825905 0
1739450830645 13.447881060177917 1
1739450830651 8.429882959630886 2
1739450830655 3.935311954062924 3
1739450830659 0.8876048696848619 4
1739450830662 0.46977817926664234 5
1739450830668 0.2217086008007491 6
1739450830672 0.30123706069048567 7
1739450830675 0.2127854932473888 8
1739450830678 0.11105451994049664 9
1739450830684 0.1073318897778246 10
1739450830688 0.18933122708241945 11
1739450830691 0.17543833958283261 12
1739450830695 0.16143971534011683 13
1739450830701 0.3534216871616745 14
1739450830705 0.2129305784115529 15
1739450830708 0.06999311776069994 16
1739450830711 0.12740191540998774 17
1739450830717 0.1700609633591382 18
1739450830721 0.10553044601359635 19
1739450830724 0.12143295768904287 20
1739450830728 0.18101358297318534 21
1739450830732 0.11221363736697938 22
1739450830737 0.10712917925850762 23
1739450830741 0.2646181470754624 24
1739450830744 0.07417529722685205 25
1739450830750 0.1343886716107158 26
1739450830755 0.09597707471133907 27
1739450830758 0.11040546919208002 28
1739450830763 0.12612652296330298 29
1739450830769 0.10272520533352206 30
1739450830774 0.16619125034009502 31
1739450830778 0.1826319369411235 32
1739450830784 0.12095511458287682 33
1739450830789 0.15767635987985787 34
1739450830794 0.1909880342768239 35
1739450830800 0.1705175981202287 36
1739450830805 0.2324504213345907 37
1739450830809 0.06510093041590276 38
1739450830813 0.15220252335137388 39
1739450830820 0.21367519872115237 40
1739450830824 0.1168370014613264 41
1739450830829 0.16738766958541543 42
1739450830837 0.13923824482629005 43
1739450830842 0.10613116507098393 44
1739450830852 0.1572644728637545 45
1739450830856 0.15172803867861095 46
1739450830862 0.2571327123057035 47
1739450830870 0.10238118841920217 48
1739450830880 0.14867508165576732 49
1739450830892 0.19167399523212725 50
1739450830903 0.15805956055096507 51
1739450830914 0.06424859824985235 52
1739450830925 0.07305807140764073 53
1739450830937 0.06349261435146239 54
1739450830947 0.1532967624543275 55
1739450830959 0.08549703863099734 56
1739450830970 0.13678628609312074 57
1739450830978 0.27523932205810775 58
1739450830991 0.21142902813394723 59
1739450831006 0.06959621856697025 60
1739450831016 0.26755000740812857 61
1739450831026 0.12862389752355152 62
1739450831033 0.05677050851423969 63
1739450831041 0.08791324051521202 64
1739450831048 0.11271089432352295 65
1739450831056 0.1189798540998318 66
1739450831061 0.16203478517418665 67
1739450831069 0.11629574241367546 68
1739450831075 0.16270680376451263 69
1739450831081 0.19211955521007157 70
1739450831090 0.111261746261042 71
1739450831095 0.10350995989233261 72
1739450831104 0.22283234273206054 73
