1739353487299 134.0437532773027 0
1739353487312 105.32196660136127 1
1739353487325 69.60155719421603 2
1739353487330 51.16465007167947 3
1739353487343 29.836352031404477 4
1739353487352 17.0310550711683 5
1739353487360 7.113660091802663 6
1739353487369 1.0157604753381178 7
1739353487376 0.16860999846451724 8
1739353487386 0.15810440887599153 9
1739353487393 0.4689541644300738 10
1739353487404 0.27963674273146943 11
1739353487410 0.09812314681630949 12
1739353487421 0.08841984862863607 13
1739353487431 0.14989245662955386 14
1739353487440 0.48473005526284263 15
1739353487447 0.13104558388600795 16
1739353487457 0.022194070499495205 17
1739353487463 0.19051637448924502 18
