1739451658090 168.91407275456154 0
1739451658093 168.5428125424388 1
1739451658096 168.17192738684233 2
1739451658098 167.8014413054724 3
1739451658101 167.43136149792517 4
1739451658106 167.06169011952232 5
1739451658110 166.6924278144624 6
1739451658112 166.3235747744187 7
1739451658115 165.95513105556515 8
1739451658117 165.58709667350524 9
1739451658121 165.21947163169506 10
1739451658124 164.8522559299539 11
1739451658127 164.4854495670124 12
1739451658130 164.1190525412754 13
1739451658132 163.75306485105045 14
1739451658136 163.38748649461616 15
1739451658140 163.02231747024268 16
1739451658143 162.65755777619788 17
1739451658147 162.29320741074906 18
1739451658153 161.92926637216365 19
1739451658158 161.56573465870935 20
1739451658160 161.20261226865398 21
1739451658163 160.83989920026588 22
1739451658166 160.47759545181347 23
1739451658169 160.1157010215656 24
1739451658173 159.75421590779135 25
1739451658176 159.3931401087602 26
1739451658179 159.03247362274175 27
1739451658181 158.6722164480061 28
1739451658183 158.31236858282352 29
1739451658188 157.95293002546455 30
1739451658191 157.5939007742002 31
1739451658194 157.23528082730152 32
1739451658196 156.87707018304008 33
1739451658199 156.51926883968767 34
1739451658202 156.16187679551632 35
1739451658206 155.80489404879842 36
1739451658210 155.44832059780666 37
1739451658212 155.092156440814 38
1739451658214 154.73640157609367 39
1739451658217 154.38105600191926 40
1739451658221 154.02611971656455 41
1739451658225 153.67159271830377 42
1739451658227 153.3174750054113 43
1739451658229 152.96376657616187 44
1739451658231 152.61046742883053 45
1739451658234 152.25757756169256 46
1739451658239 151.90509697302355 47
1739451658243 151.55302566109947 48
1739451658245 151.2013636241965 49
1739451658248 150.850110860591 50
1739451658250 150.49926736855988 51
1739451658254 150.14883314638016 52
1739451658258 149.7988081923292 53
1739451658261 149.44919250468467 54
1739451658263 149.0999860817244 55
1739451658266 148.7511889217268 56
1739451658270 148.4028010229702 57
1739451658274 148.05482238373352 58
1739451658278 147.7072530022959 59
1739451658280 147.36009287693656 60
1739451658282 147.0133420059353 61
1739451658287 146.66700038757202 62
1739451658293 146.32106802012703 63
1739451658297 145.97554490188082 64
1739451658299 145.63043103111426 65
1739451658303 145.28572640610844 66
1739451658308 144.9414310251447 67
1739451658313 144.59754488650483 68
1739451658316 144.25406798847072 69
1739451658321 143.91100032932468 70
1739451658326 143.56834190734924 71
1739451658330 143.22609272082718 72
1739451658333 142.8842527680417 73
1739451658337 142.54282204727613 74
1739451658341 142.20180055681425 75
1739451658344 141.8611882949399 76
1739451658347 141.5209852599374 77
1739451658349 141.18119145009123 78
1739451658352 140.84180686368632 79
1739451658357 140.50283149900767 80
1739451658359 140.1642653543407 81
1739451658362 139.8261084279711 82
1739451658364 139.48836071818474 83
1739451658366 139.15102222326792 84
1739451658370 138.8140929415071 85
1739451658374 138.47757287118912 86
1739451658376 138.14146201060103 87
1739451658378 137.80576035803017 88
1739451658381 137.47046791176416 89
1739451658383 137.13558467009096 90
1739451658387 136.8011106312987 91
1739451658392 136.46704579367588 92
1739451658395 136.13339015551122 93
1739451658397 135.80014371509384 94
1739451658400 135.46730647071288 95
1739451658405 135.13487842065803 96
1739451658409 134.8028595632191 97
1739451658411 134.47124989668623 98
1739451658414 134.1400494193499 99
