1739453041773 168.91119730653813 0
1739453041776 166.32304487100242 1
1739453041779 163.75459269547792 2
1739453041781 161.20587288518857 3
1739453041783 158.67691590919776 4
1739453041786 156.16775042346146 5
1739453041788 153.67840317440877 6
1739453041790 151.2088989638799 7
1739453041792 148.75926066009853 8
1739453041796 146.32950924248547 9
1739453041798 143.91966387066256 10
1739453041800 141.52974197005594 11
1739453041803 139.15975932817167 12
1739453041805 136.8097301969605 13
1739453041807 134.47966739776484 14
1739453041809 132.16958242620566 15
1739453041812 129.87948555505375 16
1739453041815 127.60938593367617 17
1739453041817 125.3592916830778 18
1739453041819 123.12920998589561 19
1739453041821 120.91914717096272 20
1739453041823 118.72910879226193 21
1739453041825 116.55909970223767 22
1739453041828 114.40912411955101 23
1739453041831 112.27918569144238 24
1739453041834 110.16928755092553 25
1739453041836 108.07943236907468 26
1739453041838 106.00962240269058 27
1739453041841 103.95985953764381 28
1739453041843 101.93014532819653 29
1739453041846 99.9204810326018 30
1739453041848 97.93086764527165 31
1739453041851 95.96130592579337 32
1739453041853 94.01179642506088 33
1739453041855 92.08233950877266 34
1739453041857 90.17293537853202 35
1739453041860 88.28358409076948 36
1739453041863 86.4142855736912 37
1739453041865 84.56503964244146 38
1739453041867 82.73584601265232 39
1739453041869 80.92670431253904 40
1739453041872 79.13761409368638 41
1739453041874 77.36857484065754 42
1739453041876 75.61958597954647 43
1739453041879 73.89064688558204 44
1739453041882 72.18175688988323 45
1739453041884 70.49291528545433 46
1739453041886 68.8241213325008 47
1739453041888 67.1753742631385 48
1739453041890 65.54667328556141 49
1739453041893 63.938017587726755 50
1739453041895 62.34940634060999 51
1739453041898 60.78083870107718 52
1739453041900 59.23231381441685 53
1739453041902 57.70383081656919 54
1739453041904 56.195388836086615 55
1739453041907 54.706986995855544 56
1739453041909 53.238624414606704 57
1739453041911 51.79030020823762 58
1739453041914 50.36201349096887 59
1739453041916 48.95376337635311 60
1739453041919 47.565548978153465 61
1739453041921 46.19736941110671 62
1739453041923 44.849223791584116 63
1739453041925 43.5211112381619 64
1739453041928 42.21303087211176 65
1739453041930 40.92498181782047 66
1739453041933 39.656963203146795 67
1739453041935 38.40897415972279 68
1739453041938 37.18101382320573 69
1739453041940 35.9730813334862 70
1739453041942 34.785175834857 71
1739453041945 33.617296476147246 72
1739453041948 32.469442410825025 73
1739453041950 31.341612797071768 74
1739453041952 30.23380679783116 75
1739453041954 29.14602358083445 76
1739453041957 28.078262318604352 77
1739453041959 27.030522188438717 78
1739453041963 26.0028023723754 79
1739453041965 24.995102057138997 80
1739453041968 24.00742043407006 81
1739453041970 23.039756699037135 82
1739453041972 22.092110052331577 83
1739453041974 21.16447969854481 84
1739453041978 20.256864846427625 85
1739453041981 19.369264708730487 86
1739453041984 18.501678502023893 87
1739453041986 17.654105446497105 88
1739453041988 16.826544765733413 89
1739453041990 16.018995686459714 90
1739453041993 15.231457438267595 91
1739453041996 14.463929253302544 92
1739453041999 13.7164103659175 93
1739453042002 12.988900012285837 94
1739453042004 12.281397429968418 95
1739453042007 11.593901857428007 96
1739453042009 10.926412533483191 97
1739453042012 10.278928696692422 98
1739453042014 9.651449584656906 99
