1739453065678 104.38859753853603 0
1739453065683 62.675596364783544 1
1739453065687 36.97724786524511 2
1739453065691 22.427576585978805 3
1739453065696 18.151888890919423 4
1739453065700 10.892754384092438 5
1739453065704 17.176730814509515 6
1739453065708 12.170740528313733 7
1739453065713 18.73820643277092 8
1739453065717 12.223564559010928 9
1739453065721 6.231378828598086 10
1739453065725 7.1475047420014635 11
1739453065731 3.9630531341645336 12
1739453065736 3.990901720358866 13
1739453065740 3.201056128100401 14
1739453065746 1.5761204121102002 15
1739453065750 1.190562007289682 16
1739453065754 1.0991119472962048 17
1739453065759 0.8663429586085083 18
1739453065764 0.5072204891883565 19
1739453065768 0.2914237884609441 20
1739453065773 0.23910294059012765 21
1739453065778 0.17216094955870076 22
1739453065783 0.1454691085076284 23
1739453065790 0.09379093480838782 24
1739453065797 0.043154958618485825 25
1739453065802 0.1992910149075513 26
1739453065806 0.20121549687506218 27
1739453065811 0.11963700279430005 28
1739453065816 0.10049162018029405 29
1739453065820 0.13989337362983695 30
1739453065824 0.06298481550441024 31
1739453065829 0.18890522769947277 32
1739453065834 0.08113475415758703 33
1739453065838 0.09269321424587287 34
1739453065842 0.04689274331224067 35
1739453065847 0.13695305986569456 36
1739453065851 0.11818115430076985 37
1739453065855 0.1686401914108363 38
1739453065859 0.12534166212685033 39
1739453065864 0.07960754221531788 40
