1739449838972 121.8463938401436 0
1739449838977 78.6236736499541 1
1739449838981 44.46856042728161 2
1739449838986 19.07071550065916 3
1739449838992 4.2999411817607385 4
1739449838997 0.2427717437119237 5
1739449839002 0.2900028435418842 6
1739449839008 0.2963398677566741 7
1739449839012 0.08577930347062945 8
1739449839016 0.12646284597768012 9
1739449839021 0.14006224001940198 10
1739449839025 0.21514535055328388 11
1739449839029 0.24143811384439332 12
1739449839032 0.15418864158988513 13
1739449839037 0.15460905278862241 14
1739449839041 0.10265089591529127 15
1739449839044 0.12951095538246618 16
1739449839047 0.28603396770095074 17
1739449839051 0.1664286768609771 18
1739449839057 0.146192768727021 19
1739449839061 0.19493603133776802 20
1739449839065 0.19843413143391347 21
1739449839071 0.09561565832374248 22
1739449839074 0.10202218630130205 23
1739449839078 0.12033194893466308 24
1739449839080 0.1621728723684318 25
1739449839084 0.10345777974748155 26
1739449839090 0.2518767557502691 27
1739449839094 0.12523328219311156 28
1739449839098 0.137573892903159 29
1739449839104 0.13712339059282108 30
1739449839109 0.10517564660544163 31
1739449839114 0.17102385441403165 32
1739449839119 0.1454074060938259 33
1739449839125 0.22271588964151853 34
1739449839129 0.18173888392838347 35
1739449839134 0.12685189882798373 36
1739449839139 0.17081174062403126 37
1739449839144 0.3860053081092101 38
1739449839149 0.08600456406015221 39
1739449839155 0.17811476600351478 40
1739449839160 0.14947407546727706 41
1739449839166 0.20282114645700217 42
1739449839171 0.0819026303256399 43
1739449839178 0.26450393878492673 44
1739449839183 0.13880648352551944 45
1739449839189 0.03991301779929232 46
1739449839195 0.1306827359325741 47
