1739450787861 124.33376571526603 0
1739450787865 80.52443977933916 1
1739450787870 54.86533821645193 2
1739450787875 28.114485769668267 3
1739450787878 38.00220031830928 4
1739450787883 15.591235087563442 5
1739450787889 19.049830614257456 6
1739450787893 11.097991376866483 7
1739450787896 8.856197709015678 8
1739450787901 9.54801172115082 9
1739450787906 11.485889659039184 10
1739450787909 8.690197565004784 11
1739450787913 6.98613293887852 12
1739450787918 8.868612816830186 13
1739450787922 2.666770378422462 14
1739450787926 8.128248906298069 15
1739450787929 5.378393499845845 16
1739450787935 4.6886630109093215 17
1739450787939 2.226066315636341 18
1739450787943 1.3046548958299613 19
1739450787946 1.1965218786305234 20
1739450787951 1.34090062699356 21
1739450787956 0.846951741842331 22
1739450787960 0.7407248492611103 23
1739450787964 0.526095597271448 24
1739450787970 0.44733135439080046 25
1739450787974 0.27903926990452715 26
1739450787977 0.2977837848659944 27
1739450787980 0.2556510628555707 28
1739450787986 0.22119931161789075 29
1739450787990 0.1637098939455321 30
1739450787993 0.16226069235560925 31
1739450787996 0.2865857291188173 32
1739450788002 0.07197680302493097 33
