1739451093539 39.643667983499626 0
1739451093542 0.10840311651434588 1
1739451093545 0.1257383489778999 2
1739451093549 0.11132614742733243 3
1739451093555 0.23573717589955695 4
1739451093560 0.07738096189281181 5
1739451093563 0.24404246541036187 6
1739451093569 0.11427231633005087 7
1739451093573 0.14997589849053888 8
1739451093577 0.22186205649026008 9
1739451093580 0.10156582390358336 10
1739451093585 0.20866203499727293 11
1739451093590 0.10713259360952203 12
1739451093593 0.1254402542120528 13
1739451093596 0.20898195307414738 14
1739451093600 0.09158927100413002 15
1739451093606 0.27549974703168867 16
1739451093610 0.05944036293793403 17
1739451093613 0.147542577878198 18
1739451093617 0.1414891410022467 19
1739451093622 0.18450176630168041 20
1739451093626 0.0906549148522805 21
1739451093629 0.19073965433085932 22
1739451093632 0.1252992065112592 23
1739451093638 0.1588558014789292 24
1739451093642 0.1026655671865753 25
1739451093645 0.1512786872277591 26
1739451093649 0.11128111034769035 27
1739451093654 0.14146508827304843 28
1739451093659 0.08584793762327522 29
1739451093663 0.1634104505555119 30
1739451093667 0.25583219595843754 31
1739451093672 0.13979648599932099 32
1739451093676 0.22362226878581262 33
1739451093679 0.21214977198895632 34
1739451093683 0.14054741820030126 35
1739451093688 0.15623777865304952 36
1739451093691 0.18310752823711374 37
1739451093694 0.07883758358802898 38
1739451093698 0.16117748246944308 39
1739451093703 0.17471247064841147 40
1739451093707 0.22780060363237123 41
1739451093710 0.19786723622101896 42
1739451093713 0.1544216311878635 43
1739451093717 0.11907490273988122 44
1739451093723 0.14436070338569432 45
1739451093728 0.07831660562716199 46
1739451093733 0.1830197632924302 47
1739451093738 0.10036695993455061 48
1739451093744 0.07370620181973664 49
1739451093749 0.16038985739787975 50
1739451093754 0.10377457323415827 51
1739451093759 0.13036924838761887 52
1739451093763 0.3318899942932503 53
1739451093769 0.18644680904724434 54
1739451093774 0.153424824425344 55
1739451093777 0.11077790574561822 56
1739451093780 0.1603498938398326 57
1739451093786 0.10272678219806011 58
1739451093790 0.16489014048134282 59
1739451093794 0.053472942958739736 60
1739451093797 0.20739174738835023 61
1739451093803 0.20593429726841891 62
1739451093807 0.13254253761331994 63
1739451093811 0.1514052465469117 64
1739451093814 0.08853217312068147 65
1739451093820 0.15457408484911217 66
1739451093824 0.10175551426248097 67
1739451093828 0.14495139149287023 68
1739451093831 0.046275731966115924 69
1739451093836 0.06856964836221772 70
1739451093840 0.08051120274118488 71
1739451093843 0.14258816816576989 72
1739451093846 0.24929236209924258 73
1739451093850 0.17193331935052564 74
1739451093857 0.11188079441734147 75
1739451093861 0.13911094054838669 76
1739451093864 0.12940868005729164 77
1739451093870 0.21075286555533493 78
1739451093874 0.1637638424067458 79
1739451093877 0.0686763367489051 80
1739451093880 0.0627544909857872 81
1739451093886 0.1269717040251194 82
1739451093890 0.05809149393359396 83
1739451093894 0.16670531395206303 84
1739451093897 0.22195576607927367 85
1739451093902 0.1892003081637787 86
1739451093907 0.12305482193390613 87
1739451093909 0.4284437901887048 88
1739451093913 0.10236546910345046 89
1739451093917 0.10290525892348168 90
1739451093921 0.19029846150504678 91
1739451093925 0.10916301853032968 92
1739451093928 0.08244227626732951 93
1739451093931 0.17061685538173277 94
1739451093937 0.05706796835457402 95
1739451093940 0.039038902059425715 96
1739451093944 0.08653842787634711 97
1739451093947 0.19145488556878823 98
1739451093952 0.18102426755947174 99
