1739353488131 142.16894107877317 0
1739353488142 109.049058573995 1
1739353488148 72.82511277972955 2
1739353488156 56.602168351695816 3
1739353488162 38.57953605810046 4
1739353488173 18.047257423273155 5
1739353488181 7.305116496489582 6
1739353488191 0.9573360164272358 7
1739353488197 0.14082504099899446 8
1739353488211 0.05519735260255179 9
1739353488224 0.21614156414084387 10
1739353488240 0.17739963618408489 11
1739353488251 0.022287012765371154 12
1739353488262 0.22599559093078103 13
1739353488276 0.0574977932339605 14
1739353488292 0.052385736950685755 15
1739353488302 0.08758372151186836 16
1739353488322 0.11560917395653103 17
1739353488333 0.09409610558250205 18
1739353488345 0.06646443502633932 19
1739353488357 0.30291686316326544 20
1739353488362 0.07224541051550308 21
1739353488372 0.27509702752620324 22
1739353488382 0.07321560185695475 23
1739353488393 0.03200115187486255 24
1739353488406 0.0046245928147081155 25
1739353488419 0.17783006030342247 26
