1739451647739 168.92543757006746 0
1739451647742 168.60035499032486 1
1739451647745 168.2755607130694 2
1739451647747 167.95107576524572 3
1739451647749 167.6269043284327 4
1739451647751 167.30304723064174 5
1739451647756 166.97950463270337 6
1739451647759 166.6562765627396 7
1739451647761 166.33336302248105 8
1739451647763 166.01076400841416 9
1739451647765 165.68847951598752 10
1739451647767 165.36650954044828 11
1739451647772 165.04485407700864 12
1739451647775 164.7235131208789 13
1739451647778 164.40248666727405 14
1739451647780 164.08177471141514 15
1739451647782 163.76137724852939 16
1739451647784 163.44129427385033 17
1739451647788 163.1215257826179 18
1739451647792 162.80207177007824 19
1739451647795 162.4829322314838 20
1739451647797 162.1641071620934 21
1739451647799 161.84559655717212 22
1739451647802 161.52740041199135 23
1739451647806 161.20951872182877 24
1739451647809 160.8919514819683 25
1739451647811 160.57469868770025 26
1739451647814 160.25776033432115 27
1739451647816 159.9411364171338 28
1739451647818 159.62482693144736 29
1739451647823 159.30883187257712 30
1739451647826 158.99315123584475 31
1739451647828 158.67778501657824 32
1739451647830 158.36273321011174 33
1739451647832 158.04799581178565 34
1739451647835 157.73357281694675 35
1739451647840 157.41946422094796 36
1739451647844 157.10567001914853 37
1739451647846 156.79219020691392 38
1739451647849 156.47902477961586 39
1739451647851 156.16617373263227 40
1739451647856 155.85363706134743 41
1739451647859 155.54141476115174 42
1739451647861 155.2295068274419 43
1739451647864 154.9179132556208 44
1739451647866 154.60663404109758 45
1739451647868 154.29566917928761 46
1739451647874 153.98501866561256 47
1739451647877 153.67468249550012 48
1739451647880 153.3646606643844 49
1739451647883 153.0549531677056 50
1739451647886 152.7455600009102 51
1739451647891 152.43648115945084 52
1739451647894 152.12771663878635 53
1739451647896 151.81926643438186 54
1739451647898 151.51113054170858 55
1739451647900 151.20330895624403 56
1739451647904 150.8958016734718 57
1739451647907 150.58860868888172 58
1739451647910 150.28172999796985 59
1739451647913 149.97516559623838 60
1739451647915 149.66891547919568 61
1739451647918 149.36297964235632 62
1739451647923 149.057358081241 63
1739451647928 148.75205079137663 64
1739451647930 148.4470577682963 65
1739451647933 148.14237900753926 66
1739451647937 147.83801450465086 67
1739451647942 147.53396425518258 68
1739451647946 147.2302282546922 69
1739451647948 146.92680649874353 70
1739451647950 146.62369898290663 71
1739451647957 146.32090570275753 72
1739451647961 146.0184266538786 73
1739451647963 145.71626183185822 74
1739451647965 145.4144112322909 75
1739451647967 145.1128748507773 76
1739451647972 144.81165268292435 77
1739451647976 144.51074472434487 78
1739451647979 144.21015097065796 79
1739451647981 143.90987141748877 80
1739451647983 143.60990606046857 81
1739451647987 143.31025489523478 82
1739451647993 143.0109179174309 83
1739451647995 142.71189512270652 84
1739451647997 142.41318650671732 85
1739451648000 142.1147920651252 86
1739451648004 141.81671179359796 87
1739451648007 141.51894568780963 88
1739451648010 141.2214937434403 89
1739451648013 140.9243559561761 90
1739451648015 140.62753232170934 91
1739451648017 140.33102283573828 92
1739451648020 140.0348274939674 93
1739451648024 139.73894629210707 94
1739451648027 139.4433792258739 95
1739451648029 139.14812629099052 96
1739451648031 138.8531874831855 97
1739451648034 138.55856279819363 98
1739451648038 138.2642522317557 99
