1739450894319 43.62960074735362 0
1739450894324 0.1416104955729209 1
1739450894330 0.15671016560065243 2
1739450894335 0.2574398546083075 3
1739450894339 0.10492175452512953 4
1739450894345 0.14883635912135024 5
1739450894350 0.07592090393292598 6
1739450894354 0.07815548689820441 7
1739450894358 0.22412871938402446 8
1739450894364 0.07460930687546183 9
1739450894368 0.25166526075155715 10
1739450894372 0.060856770734315 11
1739450894377 0.0629160267251355 12
1739450894383 0.2104120081082749 13
1739450894387 0.07596308411122359 14
1739450894391 0.19774302307953778 15
1739450894397 0.20269935651674717 16
1739450894403 0.1056613693628058 17
1739450894408 0.1663372167177797 18
1739450894414 0.18590699645896708 19
1739450894419 0.2149765074234709 20
