1739449677787 96.72262301460401 0
1739449677794 44.198750745194076 1
1739449677801 12.79847726989164 2
1739449677807 0.5548800074989558 3
1739449677815 0.11660418489277928 4
1739449677821 0.1528564015287693 5
1739449677826 0.15812481211629587 6
1739449677833 0.06879519573461942 7
1739449677836 0.15345631399872295 8
1739449677839 0.10729788476392813 9
1739449677842 0.07973371851104075 10
1739449677848 0.09097230194389297 11
1739449677852 0.2023318007532434 12
1739449677854 0.09613794955818608 13
1739449677857 0.1191876857959481 14
1739449677861 0.14977364019064845 15
1739449677866 0.05105746856887426 16
1739449677869 0.08449057979768279 17
1739449677871 0.10299510935266556 18
1739449677874 0.20138576247809747 19
1739449677879 0.15645168546970836 20
1739449677885 0.23385106190829444 21
1739449677889 0.11688246147794339 22
1739449677893 0.0981898865164613 23
1739449677897 0.07650286339079151 24
1739449677900 0.1432813385386752 25
1739449677903 0.09958051616636535 26
1739449677905 0.20451199383917334 27
1739449677908 0.16195453980734986 28
1739449677913 0.10928918631509983 29
1739449677916 0.09255756996537072 30
1739449677918 0.27818198602820876 31
1739449677921 0.11077434463888396 32
1739449677923 0.19232881845739508 33
1739449677929 0.23508236369633745 34
1739449677932 0.09844037266219471 35
1739449677935 0.19065968808908423 36
1739449677938 0.1343859656106142 37
1739449677940 0.21978613250994297 38
1739449677945 0.13871304466305773 39
1739449677948 0.09687219067315754 40
1739449677951 0.06846137267792493 41
1739449677954 0.13449175992740867 42
1739449677956 0.10378777385277774 43
1739449677960 0.04806698363166344 44
1739449677966 0.062574401196921 45
1739449677969 0.15619185759090964 46
1739449677972 0.28978240594397564 47
1739449677976 0.17063511307192053 48
