1739451179706 40.27217096073857 0
1739451179711 0.17786206793714474 1
1739451179718 0.15310851878479664 2
1739451179722 0.07264898213384388 3
1739451179725 0.08065286811009112 4
1739451179730 0.052513400963895895 5
1739451179735 0.15872750283978324 6
1739451179740 0.2214222002692174 7
1739451179745 0.39545654858003443 8
1739451179751 0.28826000342100766 9
1739451179755 0.18310293866418878 10
1739451179758 0.1614574494800815 11
1739451179764 0.08015931647004712 12
1739451179769 0.22380777882272304 13
1739451179772 0.1858912861608452 14
1739451179776 0.16371426862146032 15
1739451179782 0.2393272631628191 16
1739451179786 0.13047152127163344 17
1739451179790 0.17058906926611414 18
1739451179797 0.2129050099855213 19
1739451179803 0.27488946523806046 20
1739451179807 0.20721430977987831 21
1739451179811 0.11294345040340308 22
1739451179817 0.1780548663685255 23
1739451179821 0.17965981857072447 24
1739451179825 0.17299806497856934 25
1739451179830 0.17987689534430568 26
1739451179835 0.12729369021170198 27
1739451179840 0.14832698914658274 28
1739451179845 0.17961203430057476 29
1739451179851 0.12932323555978656 30
1739451179855 0.12249573520537635 31
1739451179859 0.23776073067482825 32
1739451179865 0.12455513778410114 33
1739451179869 0.303650924030696 34
1739451179874 0.13365354223908138 35
1739451179880 0.35300732217941033 36
1739451179888 0.24680548891079976 37
1739451179895 0.18632192887229376 38
1739451179903 0.2320651571511544 39
1739451179909 0.13540572165488246 40
1739451179917 0.08249228240045171 41
1739451179923 0.2462199126292045 42
1739451179929 0.23020518652837593 43
1739451179940 0.12955253001711972 44
1739451179945 0.198568817086262 45
1739451179952 0.09600368623191524 46
1739451179958 0.1248596137203786 47
1739451179963 0.2134732119628378 48
1739451179971 0.11904666683055937 49
1739451179978 0.10799790796746389 50
1739451179986 0.20013442975204304 51
1739451179992 0.15744148492137539 52
1739451179999 0.15534541519852296 53
1739451180006 0.22397029249704245 54
1739451180012 0.19825071395421087 55
1739451180020 0.23442123981787666 56
1739451180026 0.08160221257227487 57
1739451180034 0.1955974735763353 58
1739451180040 0.2318904136707149 59
1739451180046 0.1319982704184351 60
1739451180054 0.10844534931507255 61
1739451180059 0.13376775589019055 62
1739451180069 0.055075028616415 63
1739451180076 0.14943769616727312 64
1739451180088 0.22827189330655773 65
1739451180094 0.11694899095552543 66
1739451180104 0.14487306394289995 67
1739451180109 0.17435481455325888 68
1739451180119 0.21426194650155098 69
1739451180124 0.049471703098144075 70
1739451180130 0.132118977365347 71
1739451180137 0.21084287708132757 72
1739451180142 0.2739755925139237 73
1739451180149 0.08284046150446693 74
1739451180156 0.2452589868960688 75
1739451180162 0.1163854899307872 76
1739451180170 0.08731606975951542 77
1739451180174 0.17573796995986138 78
1739451180180 0.23503807058036988 79
1739451180188 0.064174577947172 80
1739451180192 0.11551204701708319 81
1739451180200 0.107494984899332 82
1739451180205 0.19476857010624893 83
1739451180209 0.11871646784033174 84
1739451180215 0.14863392932515568 85
1739451180220 0.16102969052729574 86
1739451180223 0.06755274152431363 87
1739451180228 0.12147898203711227 88
1739451180235 0.1317584605028311 89
1739451180240 0.10127560069628701 90
1739451180246 0.2951715900667227 91
1739451180252 0.2467163264552712 92
1739451180256 0.2993130352926133 93
1739451180261 0.10695654022850132 94
1739451180267 0.20987287255974307 95
1739451180271 0.07714856850995086 96
1739451180274 0.09767596239078663 97
1739451180280 0.2775852848463129 98
1739451180285 0.2394643704460285 99
