1739451515936 37.837678171539245 0
1739451515941 0.09377316044568218 1
1739451515950 0.1276983369257065 2
1739451515954 0.15676699853889467 3
1739451515958 0.1818127220739949 4
1739451515964 0.07721713381398845 5
1739451515970 0.11137131730727834 6
1739451515975 0.1715240554261758 7
1739451515982 0.10058007270092267 8
1739451515986 0.24651264788448288 9
1739451515990 0.2210512883007389 10
1739451515995 0.12687031056382497 11
1739451516001 0.12526942992887574 12
1739451516006 0.10434906441844649 13
1739451516012 0.043464958203848596 14
1739451516018 0.13000370225569122 15
1739451516022 0.08718797855443211 16
1739451516028 0.1172182386885275 17
1739451516035 0.13760469933735428 18
1739451516040 0.09181931439476676 19
1739451516048 0.22831593844745063 20
1739451516052 0.2018570983278086 21
1739451516056 0.2441540322778912 22
1739451516064 0.04482545491908037 23
1739451516071 0.20506301267578583 24
1739451516076 0.14939828929981086 25
1739451516084 0.10191029526263032 26
1739451516092 0.24571081847632464 27
1739451516099 0.19305360433778215 28
1739451516105 0.10465542462710258 29
1739451516113 0.28300555773740094 30
1739451516120 0.2116400372338101 31
1739451516128 0.20110217017147575 32
1739451516137 0.1751630880721534 33
1739451516148 0.30248401478702575 34
1739451516154 0.08626508153526678 35
1739451516162 0.15527812154323453 36
1739451516171 0.24412022042241824 37
1739451516178 0.15607577033180792 38
1739451516187 0.1499151515443272 39
1739451516195 0.11351231328859218 40
1739451516205 0.09663011796781189 41
1739451516212 0.10662223994147721 42
1739451516221 0.06348291638473573 43
1739451516228 0.1747513091918071 44
1739451516237 0.22402706935647979 45
1739451516246 0.1387391161906358 46
1739451516254 0.15459307910777126 47
1739451516262 0.09206464202931423 48
1739451516270 0.17619005661354206 49
1739451516275 0.19013750761768464 50
1739451516286 0.23640758972981044 51
1739451516296 0.15026405263090964 52
1739451516305 0.14557590725308966 53
1739451516316 0.2432776904285504 54
1739451516323 0.09243554630520019 55
1739451516336 0.18310246675300654 56
1739451516344 0.1425249141465143 57
1739451516351 0.19167018812346104 58
1739451516356 0.12575738213105828 59
1739451516365 0.2177989628921011 60
1739451516371 0.1556725130276711 61
1739451516377 0.08958091382810264 62
1739451516385 0.14159357306652345 63
1739451516391 0.14868631639016724 64
1739451516399 0.12804743750270556 65
1739451516405 0.16127673784908061 66
1739451516414 0.11705233208862154 67
1739451516421 0.06469203658592784 68
1739451516426 0.1506983408225413 69
1739451516434 0.180721110026427 70
1739451516439 0.13181094970735419 71
1739451516445 0.1275995222995937 72
1739451516453 0.11454979828295737 73
1739451516460 0.19521917503665503 74
1739451516469 0.31754721414062986 75
1739451516475 0.25125771136551134 76
1739451516485 0.1756196455494494 77
1739451516491 0.17772497928772935 78
1739451516501 0.0766096994655427 79
1739451516507 0.1676829313453647 80
1739451516516 0.20341853640579913 81
1739451516522 0.19560695520641924 82
1739451516531 0.1494139589347768 83
1739451516538 0.07276110468965671 84
1739451516544 0.16036742782795607 85
1739451516554 0.10794421217570785 86
1739451516563 0.15177922225129423 87
1739451516571 0.17055960498998532 88
1739451516577 0.10684189033828538 89
1739451516587 0.11690845533964216 90
1739451516592 0.12070498905990638 91
1739451516604 0.0982170638996718 92
1739451516613 0.14868339156511187 93
1739451516622 0.06500313361839828 94
1739451516630 0.21651964385012837 95
1739451516637 0.10493912378937671 96
1739451516641 0.14546398016593617 97
1739451516649 0.14857385523955136 98
1739451516654 0.14903952538764798 99
