1739453009334 168.91407275456154 0
1739453009336 168.58918491182644 1
1739453009338 168.26458645569411 2
1739453009340 167.9402966116858 3
1739453009342 167.61631922016787 4
1739453009345 167.2926550471449 5
1739453009349 166.96930424464475 6
1739453009351 166.6462668420936 7
1739453009353 166.32354284443684 8
1739453009355 166.0011322517316 9
1739453009357 165.6790350630592 10
1739453009359 165.35725127730612 11
1739453009363 165.03578089332026 12
1739453009366 164.7146239099418 13
1739453009368 164.39378032600956 14
1739453009370 164.07325014036226 15
1739453009372 163.75303335183872 16
1739453009375 163.43312995927792 17
1739453009377 163.11353996151902 18
1739453009379 162.79426335740135 19
1739453009383 162.47530014576444 20
1739453009385 162.15665032544794 21
1739453009387 161.83831389529178 22
1739453009389 161.5202908541359 23
1739453009391 161.20258120082056 24
1739453009393 160.88518493418613 25
1739453009396 160.5681020530732 26
1739453009401 160.25133255632247 27
1739453009403 159.93487644277488 28
1739453009405 159.6187337112715 29
1739453009407 159.3029043606536 30
1739453009409 158.9873883897626 31
1739453009412 158.6721857974401 32
1739453009416 158.3572965825279 33
1739453009418 158.0427207438679 34
1739453009420 157.72845828030233 35
1739453009422 157.41450919067344 36
1739453009424 157.10087347382373 37
1739453009427 156.78755112859577 38
1739453009429 156.47454215383246 39
1739453009433 156.16184654837676 40
1739453009435 155.8494643110719 41
1739453009437 155.53739544076117 42
1739453009439 155.2256399362881 43
1739453009441 154.91419779649632 44
1739453009443 154.60306902022984 45
1739453009447 154.29225360633257 46
1739453009450 153.98175155364873 47
1739453009452 153.6715628610227 48
1739453009454 153.3616875272991 49
1739453009456 153.05212555132255 50
1739453009458 152.742876931938 51
1739453009460 152.43394166799052 52
1739453009465 152.12531975832536 53
1739453009467 151.81701120178786 54
1739453009470 151.50901599722368 55
1739453009472 151.20133414347848 56
1739453009474 150.89396563939826 57
1739453009476 150.58691048382912 58
1739453009478 150.28016867561723 59
1739453009482 149.97374021360915 60
1739453009485 149.66762509665136 61
1739453009487 149.36182332359073 62
1739453009489 149.05633489327414 63
1739453009491 148.75115980454876 64
1739453009493 148.44629805626184 65
1739453009497 148.14174964726084 66
1739453009501 147.83751457639335 67
1739453009503 147.5335928425072 68
1739453009505 147.22998444445037 69
1739453009507 146.92668938107093 70
1739453009510 146.62370765121727 71
1739453009513 146.32103925373775 72
1739453009517 146.01868418748109 73
1739453009519 145.71664245129605 74
1739453009521 145.41491404403163 75
1739453009524 145.11349896453697 76
1739453009526 144.81239721166136 77
1739453009529 144.5116087842543 78
1739453009532 144.21113368116542 79
1739453009534 143.91097190124452 80
1739453009537 143.61112344334163 81
1739453009540 143.31158830630687 82
1739453009542 143.01236648899052 83
1739453009544 142.71345799024306 84
1739453009548 142.41486280891522 85
1739453009553 142.11658094385774 86
1739453009555 141.8186123939216 87
1739453009557 141.520957157958 88
1739453009559 141.22361523481823 89
1739453009562 140.92658662335373 90
1739453009566 140.6298713224162 91
1739453009568 140.3334693308574 92
1739453009570 140.03738064752935 93
1739453009572 139.74160527128416 94
1739453009574 139.44614320097412 95
1739453009576 139.15099443545176 96
1739453009579 138.8561589735697 97
1739453009583 138.56163681418067 98
1739453009585 138.26742795613774 99
