1739450211910 149.6861988910278 0
1739450211920 112.84691046328487 1
1739450211932 86.2350657532903 2
1739450211947 65.52727922988944 3
1739450211960 45.63567239699355 4
1739450211970 31.86520735147542 5
1739450211976 18.590182666239066 6
1739450211985 7.809419111957809 7
1739450212006 3.246611916413511 8
1739450212019 0.7166768051359783 9
1739450212031 0.09000562708504696 10
1739450212041 0.1706407505674315 11
1739450212052 0.12490468854311677 12
1739450212059 0.1001417511479068 13
1739450212065 0.23078837269727864 14
1739450212072 0.06300023330814364 15
1739450212081 0.16295859009288446 16
1739450212090 0.11364935119489082 17
1739450212096 0.25577917986729454 18
1739450212102 0.19496190270219116 19
1739450212107 0.11676360797985239 20
1739450212111 0.1038889452036899 21
1739450212116 0.10987542011363015 22
1739450212121 0.29079319499239636 23
1739450212124 0.26508528581929847 24
1739450212127 0.07637620065280833 25
1739450212133 0.12510448081002434 26
1739450212138 0.21719726117172242 27
1739450212141 0.16488171097612042 28
1739450212145 0.20978681603246668 29
1739450212151 0.2291667217185736 30
1739450212156 0.251531522292722 31
1739450212160 0.13376977362222872 32
1739450212166 0.13657634202192895 33
1739450212172 0.16452620372850613 34
1739450212177 0.20236570922678385 35
1739450212182 0.09982940623602156 36
1739450212189 0.15046261376472186 37
1739450212193 0.15457106149809247 38
1739450212198 0.20265243098407873 39
1739450212203 0.19312881043962496 40
1739450212206 0.09132000409080868 41
