1739451689440 168.9111973065381 0
1739451689443 166.32304487100242 1
1739451689445 163.75459269547795 2
1739451689447 161.20587288518857 3
1739451689451 158.67691590919776 4
1739451689456 156.16775042346146 5
1739451689459 153.67840317440877 6
1739451689462 151.2088989638799 7
1739451689464 148.75926066009853 8
1739451689469 146.32950924248547 9
1739451689472 143.9196638706626 10
1739451689475 141.52974197005594 11
1739451689478 139.15975932817167 12
1739451689480 136.8097301969605 13
1739451689483 134.4796673977648 14
1739451689488 132.16958242620566 15
1739451689491 129.87948555505378 16
1739451689494 127.60938593367614 17
1739451689497 125.35929168307779 18
1739451689500 123.12920998589559 19
1739451689505 120.91914717096272 20
1739451689509 118.72910879226193 21
1739451689511 116.55909970223765 22
1739451689514 114.40912411955101 23
1739451689517 112.27918569144238 24
1739451689522 110.16928755092553 25
1739451689526 108.07943236907467 26
1739451689528 106.00962240269058 27
1739451689530 103.95985953764384 28
1739451689534 101.93014532819653 29
1739451689539 99.9204810326018 30
1739451689542 97.93086764527165 31
1739451689544 95.96130592579335 32
1739451689547 94.01179642506087 33
1739451689549 92.08233950877266 34
1739451689555 90.17293537853202 35
1739451689558 88.28358409076948 36
1739451689561 86.4142855736912 37
1739451689563 84.56503964244146 38
1739451689566 82.73584601265232 39
1739451689572 80.92670431253904 40
1739451689575 79.13761409368638 41
1739451689578 77.36857484065754 42
1739451689580 75.61958597954647 43
1739451689584 73.89064688558204 44
1739451689589 72.18175688988323 45
1739451689592 70.49291528545432 46
1739451689595 68.8241213325008 47
1739451689597 67.17537426313848 48
1739451689599 65.54667328556141 49
1739451689605 63.938017587726755 50
1739451689609 62.34940634060999 51
1739451689611 60.78083870107718 52
1739451689614 59.23231381441685 53
1739451689618 57.70383081656918 54
1739451689623 56.195388836086615 55
1739451689627 54.706986995855544 56
1739451689629 53.238624414606704 57
1739451689631 51.79030020823762 58
1739451689638 50.36201349096887 59
1739451689642 48.95376337635311 60
1739451689646 47.565548978153465 61
1739451689648 46.19736941110671 62
1739451689653 44.849223791584116 63
1739451689657 43.5211112381619 64
1739451689661 42.21303087211176 65
1739451689663 40.92498181782047 66
1739451689665 39.6569632031468 67
1739451689671 38.40897415972279 68
1739451689674 37.18101382320573 69
1739451689677 35.97308133348619 70
1739451689679 34.785175834857 71
1739451689681 33.617296476147246 72
1739451689686 32.469442410825025 73
1739451689690 31.34161279707176 74
1739451689692 30.233806797831154 75
1739451689695 29.14602358083445 76
1739451689697 28.07826231860435 77
1739451689702 27.030522188438713 78
1739451689706 26.0028023723754 79
1739451689709 24.995102057138997 80
1739451689711 24.007420434070056 81
1739451689714 23.039756699037135 82
1739451689717 22.092110052331577 83
1739451689722 21.16447969854481 84
1739451689725 20.25686484642762 85
1739451689727 19.369264708730487 86
1739451689730 18.501678502023893 87
1739451689732 17.65410544649711 88
1739451689737 16.826544765733413 89
1739451689740 16.018995686459714 90
1739451689743 15.231457438267594 91
1739451689745 14.463929253302544 92
1739451689747 13.7164103659175 93
1739451689751 12.988900012285823 94
1739451689755 12.281397429968404 95
1739451689757 11.593901857427994 96
1739451689759 10.926412533483179 97
1739451689762 10.278928696692411 98
1739451689764 9.651449584656897 99
