1739450285377 160.5753578227866 0
1739450285387 136.1501058404744 1
1739450285393 117.05534009159194 2
1739450285401 102.92033479720006 3
1739450285405 89.14839846492126 4
1739450285411 72.25400618648403 5
1739450285419 59.04248201558338 6
1739450285423 46.30376240821446 7
1739450285430 33.83011367361867 8
1739450285435 28.060212069698174 9
1739450285441 19.311441538645763 10
1739450285450 12.761838866158232 11
1739450285457 8.199470345681195 12
1739450285465 4.692592465963424 13
1739450285471 1.5630406500387954 14
1739450285475 0.3893071498775883 15
1739450285482 0.18484786288228555 16
1739450285488 0.17362474203967512 17
1739450285494 0.07053395917080117 18
1739450285500 0.04787725501384622 19
1739450285505 0.12977254825304682 20
1739450285513 0.17496794795873422 21
1739450285517 0.11197931832267036 22
1739450285520 0.10186613309358693 23
1739450285523 0.1223126915706777 24
1739450285529 0.15971575892749434 25
1739450285534 0.19251199141632508 26
1739450285537 0.13525282641447453 27
1739450285541 0.29837985031923675 28
1739450285547 0.2130804143613826 29
1739450285552 0.2424474990896836 30
