1739449765667 36.96163432372291 0
1739449765672 17.00739540326462 1
1739449765677 8.839221523176102 2
1739449765681 3.873666190546269 3
1739449765685 2.714299171768711 4
1739449765690 0.8730077184310799 5
1739449765696 0.4352949325038775 6
1739449765700 0.32618480445436304 7
1739449765704 0.2713689353869401 8
1739449765709 0.17580045957321339 9
1739449765715 0.19274349398111618 10
1739449765718 0.20023579206656 11
1739449765722 0.2699775934399987 12
1739449765728 0.11456663678513268 13
1739449765733 0.1878098744392168 14
1739449765736 0.1354420333049735 15
1739449765742 0.21699172613076595 16
1739449765745 0.048933765861366864 17
1739449765749 0.18517969187369202 18
1739449765752 0.11052848023634959 19
1739449765758 0.1429028285314486 20
1739449765763 0.08984228334895619 21
1739449765767 0.30134481828976234 22
1739449765771 0.10871884250858864 23
1739449765777 0.09465775018817556 24
1739449765781 0.30743677223534066 25
1739449765784 0.17030172722657028 26
1739449765788 0.1087750250902537 27
1739449765794 0.12927542488771393 28
1739449765798 0.19313226624408125 29
1739449765802 0.2558461254959955 30
1739449765807 0.2756173945599305 31
1739449765811 0.15486543238570707 32
1739449765815 0.17452651963697394 33
1739449765818 0.2599331309778547 34
1739449765823 0.05001579763588547 35
1739449765828 0.13180493043072034 36
1739449765831 0.11718484585053968 37
