1739451832882 34.28530289071696 0
1739451832887 0.2932057269857315 1
1739451832893 0.07690286870038768 2
1739451832900 0.2195163349658697 3
1739451832905 0.20936220021109525 4
1739451832912 0.0748538445431217 5
1739451832919 0.14798223486150455 6
1739451832924 0.26647703277679663 7
1739451832933 0.11005183386002641 8
1739451832938 0.1356071306977926 9
1739451832946 0.09537891805019505 10
1739451832955 0.10914162900934121 11
1739451832965 0.15371724198230582 12
1739451832972 0.14930264278917818 13
1739451832981 0.13631166115328894 14
1739451832989 0.09468387557561779 15
1739451832998 0.1585235545760226 16
1739451833007 0.29455825829049115 17
1739451833021 0.21627007789235636 18
1739451833031 0.12859918964952688 19
1739451833038 0.11952971049392877 20
1739451833045 0.1876187433744137 21
1739451833054 0.08682806163933365 22
1739451833061 0.1840607756507697 23
1739451833070 0.2143901353380913 24
1739451833075 0.25213263907934025 25
1739451833085 0.1223489359445778 26
1739451833091 0.09130139103751288 27
1739451833101 0.10146858506886727 28
1739451833107 0.2807176351462163 29
1739451833116 0.09641208800486863 30
1739451833123 0.1277514206389106 31
1739451833132 0.11587440716599973 32
1739451833140 0.09367529745405372 33
1739451833150 0.19119971281435214 34
1739451833157 0.2589493479848251 35
1739451833172 0.16000466181450612 36
1739451833186 0.24404339272859477 37
1739451833197 0.09538960854011186 38
1739451833205 0.15648304231825907 39
1739451833211 0.23564355059427675 40
1739451833220 0.09666983592422536 41
