1739453085953 19.47774569054904 0
1739453085957 8.55872426947376 1
1739453085962 0.62150091309555 2
1739453085967 0.23942908587308329 3
1739453085971 0.057573901163661526 4
1739453085976 0.1649471363110648 5
1739453085981 0.05611911771862276 6
1739453085985 0.09314114106642295 7
1739453085990 0.1642237898923082 8
1739453085997 0.1550952844618761 9
1739453086001 0.10757903047534086 10
1739453086006 0.07077641384828132 11
1739453086010 0.17933385344428268 12
1739453086014 0.16931763072806869 13
1739453086019 0.08778303207453196 14
1739453086023 0.1542571495457623 15
1739453086028 0.07061847262584856 16
1739453086033 0.10494028546316476 17
1739453086037 0.10870580490503515 18
1739453086041 0.10651580388218204 19
1739453086046 0.12636433327192534 20
1739453086050 0.19155020917284865 21
1739453086054 0.10862601904454158 22
1739453086058 0.056059410673758234 23
1739453086062 0.06593099150992872 24
1739453086066 0.08737795032957826 25
1739453086070 0.10652847600098585 26
1739453086074 0.03333017340524594 27
1739453086078 0.11951443544740278 28
1739453086082 0.08442706819443402 29
1739453086086 0.09993495173608972 30
1739453086090 0.1143361524900895 31
1739453086094 0.14920432712781725 32
1739453086098 0.12170909620544264 33
1739453086102 0.11605161719405024 34
1739453086106 0.16251240799500796 35
1739453086111 0.10899601545756257 36
1739453086115 0.11322270647966194 37
1739453086119 0.10113349635860384 38
1739453086123 0.05758974546325665 39
1739453086128 0.17303095639118066 40
1739453086132 0.07083215682415078 41
1739453086137 0.0882967081010085 42
1739453086142 0.12783134036304394 43
1739453086147 0.10377712302717346 44
1739453086151 0.051681546353976385 45
1739453086156 0.1301042068656993 46
1739453086161 0.0488360612774543 47
1739453086166 0.11316292581430888 48
1739453086171 0.07662948760966173 49
1739453086176 0.19950444447058838 50
1739453086181 0.09499867502608342 51
1739453086188 0.21164891035850386 52
1739453086196 0.1505807888852272 53
1739453086200 0.08470115272650752 54
1739453086204 0.12502788866778208 55
1739453086208 0.07138137357411982 56
1739453086213 0.1816489351661174 57
1739453086217 0.19527152915366072 58
1739453086221 0.09605260339181772 59
1739453086225 0.0951807303572181 60
1739453086229 0.17486530533262823 61
1739453086234 0.1418046928900955 62
1739453086238 0.11780765552211395 63
1739453086242 0.0839773686637453 64
1739453086246 0.13326833325712764 65
1739453086250 0.1870254672241209 66
1739453086254 0.1487132164229929 67
1739453086258 0.0884814359804697 68
1739453086262 0.09511078582375443 69
1739453086266 0.11515543204465407 70
1739453086270 0.09125563159366314 71
1739453086274 0.06092379780738398 72
1739453086278 0.1326677513148677 73
1739453086282 0.08025181567846192 74
1739453086286 0.1682992801401115 75
1739453086290 0.10171415842018836 76
1739453086294 0.1971082746027102 77
1739453086298 0.1023518506441753 78
1739453086302 0.16702548514396628 79
1739453086305 0.16898474379298412 80
1739453086309 0.10318221635156226 81
1739453086314 0.14002517995575914 82
1739453086318 0.14319962771729416 83
1739453086322 0.12948513166859352 84
1739453086326 0.1586352610220581 85
1739453086330 0.09065590309006338 86
1739453086334 0.08303257415316301 87
1739453086338 0.12718901896953586 88
1739453086342 0.11779388694585723 89
1739453086346 0.10916708184540476 90
1739453086349 0.22474123403744495 91
1739453086353 0.1651381350152205 92
1739453086357 0.07412246926113773 93
1739453086361 0.13501163388266274 94
1739453086366 0.11160697276373924 95
1739453086370 0.15448602729251754 96
1739453086375 0.07866503319529716 97
1739453086380 0.15606365705281544 98
1739453086384 0.14936645162962683 99
