1739451579347 35.54562084653995 0
1739451579354 0.11535920395619356 1
1739451579361 0.32013645879574976 2
1739451579367 0.08522765532881878 3
1739451579374 0.12287133279415434 4
1739451579380 0.07143824513661753 5
1739451579386 0.11537168787129785 6
1739451579392 0.15561145042523403 7
1739451579399 0.14750659923346238 8
1739451579404 0.054157088862620606 9
1739451579411 0.11494260358667374 10
1739451579418 0.2288766334423299 11
1739451579422 0.10908945232158604 12
1739451579429 0.2147855204939634 13
1739451579436 0.09457146215387253 14
1739451579444 0.14567772350691596 15
1739451579451 0.19957474192332275 16
1739451579459 0.1306338872079303 17
1739451579466 0.08466174935739768 18
1739451579472 0.1424495883387849 19
1739451579479 0.16799182693428025 20
1739451579486 0.1581334418701636 21
1739451579491 0.08838469957282499 22
