1739453020566 168.90082104802957 0
1739453020570 167.922669419239 1
1739453020573 166.94715238295504 2
1739453020575 165.97508534713694 3
1739453020578 165.00670821721118 4
1739453020583 164.04209100896597 5
1739453020585 163.0812536269024 6
1739453020588 162.1242011966787 7
1739453020590 161.17093448181038 8
1739453020592 160.2214529534629 9
1739453020596 159.27575569473242 10
1739453020599 158.33384166686042 11
1739453020602 157.395709787504 12
1739453020605 156.46135895366595 13
1739453020607 155.5307880483333 14
1739453020609 154.60399594232098 15
1739453020612 153.68098149470308 16
1739453020615 152.76174355282723 17
1739453020618 151.8462809522042 18
1739453020620 150.93459251635946 19
1739453020622 150.0266770566707 20
1739453020624 149.1225333722001 21
1739453020626 148.22216024952235 22
1739453020629 147.3255564625494 23
1739453020633 146.43272077235238 24
1739453020635 145.54365192698003 25
1739453020637 144.6583486612742 26
1739453020640 143.77680969668185 27
1739453020642 142.89903374106416 28
1739453020644 142.02501948850153 29
1739453020647 141.15476561909605 30
1739453020651 140.28827079876967 31
1739453020653 139.42553367905901 32
1739453020655 138.56655289690679 33
1739453020658 137.71132707444903 34
1739453020660 136.8598548187987 35
1739453020663 136.01213472182548 36
1739453020666 135.16816535993127 37
1739453020668 134.32794529382193 38
1739453020670 133.4914730682747 39
1739453020672 132.6587472119012 40
1739453020675 131.82976623690632 41
1739453020677 131.0045286388427 42
1739453020680 130.1830328963603 43
1739453020683 129.3652774709518 44
1739453020685 128.55126080669294 45
1739453020687 127.74098132997807 46
1739453020689 126.9344374492509 47
1739453020692 126.13162755472996 48
1739453020694 125.33255001812913 49
1739453020697 124.53720319237262 50
1739453020700 123.74558541130492 51
1739453020702 122.95769498939478 52
1739453020704 122.173530221434 53
1739453020706 121.39308938222999 54
1739453020708 120.6163707262929 55
1739453020711 119.84337248751645 56
1739453020714 119.07409287885258 57
1739453020717 118.30853009197996 58
1739453020719 117.54668229696594 59
1739453020721 116.78854764192191 60
1739453020724 116.03412425265212 61
1739453020726 115.28341023229527 62
1739453020729 114.53640366095937 63
1739453020731 113.79310259534921 64
1739453020735 113.05350506838663 65
1739453020737 112.31760908882299 66
1739453020740 111.58541264084431 67
1739453020742 110.85691368366807 68
1739453020745 110.13211015113237 69
1739453020749 109.4109999512766 70
1739453020751 108.69358096591367 71
1739453020755 107.97985105019369 72
1739453020759 107.26980803215875 73
1739453020763 106.56344971228884 74
1739453020767 105.860773863038 75
1739453020771 105.16177822836178 76
1739453020773 104.46646052323425 77
1739453020775 103.7748184331556 78
1739453020778 103.08684961364939 79
1739453020782 102.40255168974943 80
1739453020785 101.72192225547595 81
1739453020787 101.04495887330108 82
1739453020789 100.37165907360304 83
1739453020791 99.70202035410892 84
1739453020793 99.03604017932591 85
1739453020797 98.3737159799604 86
1739453020799 97.71504515232492 87
1739453020802 97.06002505773272 88
1739453020804 96.40865302187916 89
1739453020806 95.76092633421035 90
1739453020808 95.1168422472781 91
1739453020810 94.4763979760811 92
1739453020812 93.83959069739224 93
1739453020815 93.20641754907119 94
1739453020817 92.5768756293624 95
1739453020820 91.95096199617791 96
1739453020822 91.3286736663646 97
1739453020824 90.71000761495567 98
1739453020826 90.09496077440589 99
