1739449693267 40.87382008313659 0
1739449693270 22.102074606816057 1
1739449693273 11.48461751357597 2
1739449693277 7.65436542200618 3
1739449693281 3.3349464460715215 4
1739449693283 0.9575275968585036 5
1739449693286 0.45952797052586963 6
1739449693289 0.3484880753764347 7
1739449693292 0.272423426148685 8
1739449693297 0.11989061434377926 9
1739449693300 0.07881354680451988 10
1739449693302 0.17443468137542406 11
1739449693305 0.10319694104027502 12
1739449693309 0.23734134682422595 13
1739449693314 0.206838391895608 14
1739449693317 0.17690233345184656 15
1739449693320 0.0728382865215723 16
1739449693323 0.29775971228033055 17
1739449693327 0.29093580582159456 18
1739449693331 0.0628514419424097 19
1739449693333 0.15903733764722794 20
1739449693336 0.22796389615896415 21
1739449693339 0.18660417596918816 22
1739449693342 0.13117672569449967 23
1739449693346 0.1224929395240924 24
1739449693350 0.052152309911137555 25
1739449693353 0.10756327514842316 26
1739449693356 0.2637461329099367 27
1739449693359 0.1932418788385116 28
1739449693364 0.11405945407046095 29
1739449693368 0.3253415814438328 30
1739449693370 0.13581940611505877 31
1739449693373 0.11666445289544483 32
1739449693377 0.2612233407204167 33
1739449693381 0.19711220963336357 34
1739449693384 0.18338694309362302 35
1739449693387 0.11079209092480544 36
1739449693389 0.2647993981445404 37
1739449693393 0.09084033813903758 38
1739449693397 0.10762217833515139 39
1739449693400 0.2463709987757395 40
1739449693403 0.1904533183443609 41
1739449693405 0.1678869841269383 42
1739449693409 0.07186599191650024 43
1739449693414 0.10840859073330494 44
1739449693416 0.11511121663409776 45
1739449693419 0.14507166425893467 46
1739449693422 0.14588814189135937 47
1739449693427 0.11420915843037732 48
1739449693432 0.15745363420856254 49
1739449693436 0.10922031287716286 50
1739449693439 0.2496144252312758 51
1739449693442 0.12330950460543708 52
1739449693448 0.13947799499201322 53
1739449693453 0.1418384811704072 54
1739449693459 0.1300393437734806 55
1739449693465 0.14286736662663652 56
1739449693469 0.1331906524321702 57
1739449693475 0.26424838178956883 58
1739449693481 0.15675606339482873 59
1739449693485 0.220110456316199 60
1739449693488 0.1647154923410906 61
1739449693491 0.06875447959957934 62
1739449693497 0.13275810963842818 63
1739449693501 0.13630663001977594 64
1739449693504 0.11724804141995085 65
1739449693508 0.08646681461476272 66
1739449693514 0.07748239438621614 67
1739449693517 0.14866950729649295 68
1739449693521 0.24100696734647903 69
1739449693525 0.08287937431334665 70
1739449693530 0.1329688038201661 71
1739449693533 0.12565402098748532 72
1739449693536 0.1413977352983859 73
1739449693540 0.1966737752536417 74
1739449693545 0.08111493872995948 75
1739449693549 0.16045879323893433 76
1739449693553 0.18088285404889173 77
1739449693556 0.08844041602079653 78
1739449693560 0.09058187403792395 79
1739449693565 0.18048614889069586 80
1739449693569 0.20360601174271592 81
1739449693572 0.2916886336115625 82
1739449693577 0.11091908763765741 83
1739449693582 0.14332746723032108 84
1739449693585 0.20576327480687825 85
1739449693588 0.11361163893774995 86
1739449693592 0.1366142977560767 87
1739449693596 0.28081218159482396 88
1739449693600 0.10251108163533885 89
1739449693603 0.08550740438139176 90
1739449693606 0.12374047124174689 91
1739449693611 0.11748282262078032 92
1739449693616 0.11423370872711366 93
1739449693619 0.14632728219632418 94
1739449693623 0.17229127023312327 95
1739449693627 0.27213106365052997 96
1739449693632 0.11118353286796168 97
1739449693636 0.1481241836590234 98
1739449693639 0.13648604387225527 99
