1739450285568 140.44494811957438 0
1739450285571 128.51271205212052 1
1739450285575 109.95532899456902 2
1739450285581 93.88183762692003 3
1739450285585 77.03831609729886 4
1739450285588 64.45929392215074 5
1739450285591 52.2850459256965 6
1739450285597 40.19101384508335 7
1739450285601 31.5426304494817 8
1739450285604 22.209613779639817 9
1739450285608 16.025087522579625 10
1739450285613 10.546270786811263 11
1739450285617 4.855855651001956 12
1739450285620 2.2701230940070865 13
1739450285623 0.6702689243875875 14
1739450285627 0.35734677280546656 15
1739450285633 0.08347979600740196 16
1739450285637 0.24287915431576537 17
1739450285640 0.09101808525419865 18
1739450285646 0.23715031412388238 19
1739450285651 0.15487846248599424 20
1739450285655 0.11788866895347892 21
