1739449810528 98.19419944882169 0
1739449810532 43.74320056979958 1
1739449810536 14.94663897387091 2
1739449810541 0.5302382627688008 3
1739449810544 0.11648366501741927 4
1739449810547 0.07313181094244417 5
1739449810550 0.08799472538030202 6
1739449810555 0.08404413030456516 7
1739449810559 0.18055616645054234 8
1739449810562 0.0689508464447173 9
1739449810565 0.13608301221758912 10
1739449810569 0.16973882486070085 11
1739449810576 0.13468382679568947 12
1739449810581 0.12292370168303979 13
1739449810585 0.21418626913703043 14
1739449810594 0.10641481185108163 15
1739449810598 0.2409988587648811 16
1739449810602 0.12972342894318886 17
1739449810607 0.17385219366222632 18
1739449810610 0.2234275990030876 19
1739449810614 0.1790813506586031 20
