1739451662455 168.90082104802957 0
1739451662458 167.922669419239 1
1739451662461 166.94715238295504 2
1739451662463 165.97508534713694 3
1739451662466 165.00670821721118 4
1739451662470 164.04209100896597 5
1739451662474 163.08125362690245 6
1739451662478 162.1242011966787 7
1739451662481 161.17093448181038 8
1739451662483 160.2214529534629 9
1739451662488 159.27575569473242 10
1739451662492 158.3338416668604 11
1739451662495 157.395709787504 12
1739451662497 156.46135895366592 13
1739451662499 155.53078804833333 14
1739451662504 154.603995942321 15
1739451662508 153.68098149470308 16
1739451662511 152.76174355282723 17
1739451662514 151.8462809522042 18
1739451662519 150.93459251635946 19
1739451662524 150.0266770566707 20
1739451662527 149.1225333722001 21
1739451662532 148.22216024952235 22
1739451662539 147.3255564625494 23
1739451662543 146.43272077235235 24
1739451662546 145.54365192698003 25
1739451662549 144.6583486612742 26
1739451662553 143.77680969668188 27
1739451662558 142.89903374106416 28
1739451662560 142.02501948850153 29
1739451662563 141.15476561909608 30
1739451662565 140.28827079876967 31
1739451662569 139.42553367905901 32
1739451662574 138.56655289690679 33
1739451662577 137.71132707444903 34
1739451662579 136.8598548187987 35
1739451662582 136.01213472182545 36
1739451662586 135.16816535993127 37
1739451662591 134.32794529382195 38
1739451662594 133.4914730682747 39
1739451662597 132.6587472119012 40
1739451662600 131.82976623690632 41
1739451662606 131.0045286388427 42
1739451662609 130.1830328963603 43
1739451662613 129.3652774709518 44
1739451662616 128.55126080669294 45
1739451662621 127.74098132997807 46
1739451662625 126.9344374492509 47
1739451662629 126.13162755472996 48
1739451662631 125.3325500181291 49
1739451662635 124.53720319237262 50
1739451662639 123.74558541130493 51
1739451662644 122.95769498939481 52
1739451662646 122.173530221434 53
1739451662648 121.39308938222997 54
1739451662653 120.6163707262929 55
1739451662660 119.84337248751645 56
1739451662663 119.0740928788526 57
1739451662666 118.30853009197996 58
1739451662671 117.54668229696594 59
1739451662675 116.78854764192191 60
1739451662678 116.03412425265212 61
1739451662680 115.28341023229527 62
1739451662683 114.53640366095934 63
1739451662687 113.79310259534921 64
1739451662691 113.0535050683866 65
1739451662694 112.31760908882299 66
1739451662696 111.58541264084431 67
1739451662699 110.8569136836681 68
1739451662703 110.1321101511324 69
1739451662707 109.41099995127662 70
1739451662710 108.69358096591367 71
1739451662712 107.97985105019369 72
1739451662714 107.26980803215878 73
1739451662717 106.56344971228884 74
1739451662722 105.860773863038 75
1739451662725 105.16177822836178 76
1739451662728 104.46646052323425 77
1739451662730 103.7748184331556 78
1739451662733 103.08684961364942 79
1739451662737 102.40255168974943 80
1739451662741 101.72192225547595 81
1739451662745 101.04495887330107 82
1739451662747 100.37165907360304 83
1739451662750 99.70202035410892 84
1739451662755 99.03604017932591 85
1739451662758 98.37371597996038 86
1739451662761 97.71504515232492 87
1739451662763 97.06002505773272 88
1739451662766 96.40865302187915 89
1739451662770 95.76092633421035 90
1739451662773 95.11684224727809 91
1739451662776 94.4763979760811 92
1739451662778 93.83959069739224 93
1739451662781 93.20641754907119 94
1739451662783 92.5768756293624 95
1739451662788 91.95096199617788 96
1739451662791 91.32867366636458 97
1739451662794 90.71000761495567 98
1739451662796 90.09496077440588 99
