1739451214034 44.87695180731185 0
1739451214040 0.1476683823806596 1
1739451214046 0.09211173596301782 2
1739451214054 0.08802279542951338 3
1739451214060 0.3161849744713549 4
1739451214068 0.17867790671781722 5
1739451214073 0.21030143280480426 6
1739451214079 0.17790054096586735 7
1739451214086 0.11911154603634018 8
1739451214091 0.04613738824722173 9
1739451214098 0.05873825382654222 10
1739451214105 0.1442264329086524 11
1739451214112 0.09664285659674925 12
1739451214118 0.11093338284829365 13
1739451214123 0.11336055825660786 14
1739451214131 0.25195426195572984 15
1739451214137 0.1630133471131319 16
1739451214143 0.13642285421258182 17
1739451214150 0.28408352600824405 18
1739451214155 0.11722036020007384 19
1739451214160 0.07744211359084506 20
1739451214166 0.20281261676713797 21
1739451214171 0.06751024032350104 22
1739451214177 0.10230818389096837 23
1739451214183 0.1488997765997102 24
1739451214188 0.07104127450609732 25
1739451214194 0.10078383766776018 26
1739451214201 0.1115175387269259 27
1739451214206 0.08523359681038462 28
1739451214211 0.11862496958987265 29
1739451214218 0.1343964092073116 30
1739451214223 0.0689236763158695 31
1739451214228 0.10356274493587649 32
1739451214235 0.08548808399224622 33
1739451214239 0.0805444789890062 34
1739451214248 0.13099967147132474 35
1739451214254 0.16079215789800788 36
1739451214259 0.04900280059613929 37
1739451214265 0.2998579361742362 38
1739451214270 0.10455079162352236 39
1739451214273 0.044099937486118256 40
1739451214280 0.0732127389437981 41
1739451214285 0.17288237048256563 42
1739451214289 0.1805042802498942 43
1739451214297 0.19253372942294683 44
1739451214304 0.156357099712047 45
1739451214310 0.0939355131724794 46
1739451214316 0.1723900584579573 47
1739451214320 0.10212230775858695 48
1739451214324 0.11385215244632321 49
1739451214330 0.10978773311849481 50
1739451214334 0.152874439849294 51
1739451214338 0.19505389303988302 52
1739451214342 0.09040748596054062 53
1739451214349 0.12719780476006742 54
1739451214353 0.13201956525280978 55
1739451214357 0.18087709058731308 56
1739451214363 0.21726381825305602 57
1739451214368 0.10708890109125647 58
1739451214372 0.23575493142390103 59
1739451214378 0.1811005468547255 60
1739451214384 0.0732587558861601 61
1739451214387 0.15901921553354287 62
1739451214392 0.1422729066902694 63
1739451214398 0.12010083735129524 64
1739451214403 0.11536216059934287 65
1739451214407 0.06879717208179251 66
1739451214413 0.1984639017082334 67
1739451214418 0.25189697430561303 68
1739451214421 0.13914863495538773 69
1739451214426 0.08911735280711632 70
1739451214433 0.06476147988585645 71
1739451214437 0.11850222031120121 72
1739451214441 0.07866337280649185 73
1739451214447 0.22341940306312935 74
1739451214451 0.12903848484070624 75
1739451214455 0.12350607663119684 76
1739451214460 0.1315264429708717 77
1739451214466 0.2888044427753905 78
1739451214470 0.1348429464025324 79
1739451214474 0.1743939607018672 80
1739451214481 0.12987285545356628 81
1739451214487 0.31620395836631643 82
1739451214491 0.14147775901063564 83
1739451214498 0.2981107225265273 84
1739451214504 0.1333522408520681 85
