1739449385785 72.88027051382043 0
1739449385789 20.9024447719033 1
1739449385793 0.7250437641362896 2
1739449385798 0.1939104375229675 3
1739449385801 0.5330014985370612 4
1739449385804 0.7861325954270378 5
1739449385807 0.6528167203553771 6
1739449385811 0.3434195694046051 7
1739449385814 0.16796723907698605 8
1739449385817 0.06639991102805333 9
1739449385820 0.13724465760885385 10
1739449385823 0.1210872281948378 11
1739449385828 0.035765176017670895 12
1739449385832 0.041890103347446625 13
1739449385836 0.12626801494630166 14
1739449385839 0.486107059607244 15
1739449385842 0.026673636339691335 16
1739449385847 0.09379693344941878 17
1739449385850 0.4089037836542529 18
1739449385853 0.10169534773221522 19
1739449385856 0.07945938765263365 20
1739449385860 0.14370517024161691 21
1739449385865 0.1114807152603439 22
1739449385869 0.4703639056844153 23
1739449385872 0.046421945464169445 24
1739449385876 0.029123238085803582 25
1739449385880 0.10900399600312038 26
1739449385884 0.05975984842797021 27
1739449385887 0.027885354552413533 28
1739449385890 0.02298463376442272 29
1739449385893 0.07424847276767858 30
1739449385898 0.16871266705515015 31
1739449385902 0.1741423664827603 32
1739449385905 0.06225076296135118 33
1739449385909 0.03187742180723978 34
1739449385914 0.5798420439388831 35
1739449385919 0.14752017883096938 36
1739449385922 0.06875702976137868 37
1739449385925 0.12370666919875382 38
1739449385929 0.4076838822773542 39
1739449385933 0.04052264921798369 40
1739449385937 0.049961113809276744 41
1739449385940 0.04511269660524406 42
1739449385944 0.4256516025282224 43
1739449385948 0.10188312967424157 44
1739449385952 0.6701218625471019 45
1739449385955 0.07619311309311802 46
1739449385959 0.01819011040980225 47
1739449385963 0.10012325082512588 48
1739449385967 0.11800523770013967 49
1739449385970 0.06305682589390385 50
1739449385973 0.07061865894360336 51
1739449385977 0.029134081576462197 52
1739449385982 0.06900158699176441 53
1739449385986 0.06254592986735547 54
1739449385988 0.08358567214071624 55
1739449385993 0.6927419043010713 56
1739449385998 0.10764549370969645 57
1739449386003 0.13194378656031194 58
1739449386006 0.03352900229797593 59
1739449386009 0.14931920673649013 60
1739449386014 0.05153926598695169 61
1739449386018 0.13576253092527743 62
1739449386021 0.058426700268807794 63
1739449386025 0.18439307074848058 64
1739449386030 0.43212964432085477 65
1739449386034 0.029679509123932756 66
1739449386037 0.05209298702636199 67
1739449386041 0.09364623120341778 68
1739449386045 0.36777613781908913 69
1739449386049 0.1351968943291352 70
1739449386053 0.4121484764319997 71
1739449386056 0.11066170837369824 72
1739449386061 0.0764771765337571 73
1739449386066 0.26598517114621534 74
1739449386070 0.04470183975562538 75
1739449386072 0.3942070779841505 76
1739449386078 0.04596642843678209 77
1739449386083 0.31268505307308864 78
1739449386086 0.3955428800051613 79
1739449386089 0.299523192859638 80
