1739450742675 136.47985043722116 0
1739450742682 110.90129029156445 1
1739450742692 83.31722389844589 2
1739450742702 60.92698373396328 3
1739450742711 44.65635667022933 4
1739450742715 28.260884955751955 5
1739450742723 16.221483267980386 6
1739450742728 8.258211228318451 7
1739450742734 2.4587179972723567 8
1739450742742 0.4005822568278614 9
1739450742748 0.34831791715838445 10
1739450742755 0.1817381856112843 11
1739450742763 0.05938209614418244 12
1739450742769 0.1740140337508766 13
1739450742777 0.19608913054273475 14
1739450742782 0.24300750293113169 15
1739450742792 0.08669249790768532 16
1739450742798 0.15483935434674953 17
1739450742810 0.18782006810618992 18
1739450742819 0.13142557531176605 19
1739450742830 0.1576442924836034 20
1739450742842 0.15145982672977845 21
1739450742858 0.1183397568437637 22
1739450742870 0.09406202091463793 23
1739450742879 0.128423436859239 24
1739450742891 0.17816253755183498 25
1739450742898 0.12056077716135 26
1739450742908 0.12722886128936348 27
1739450742921 0.20366375405729106 28
1739450742932 0.136197605674791 29
1739450742937 0.3068069310753333 30
1739450742942 0.0909139614094596 31
1739450742946 0.1534219383240858 32
1739450742950 0.17695967988532166 33
1739450742956 0.279305250087343 34
1739450742960 0.13787784221480434 35
1739450742963 0.09979560111385555 36
