1739449386104 68.31116297730244 0
1739449386111 26.752681432706588 1
1739449386116 0.5886130256249222 2
1739449386120 0.19899595411397586 3
1739449386123 0.16468264964793433 4
1739449386127 0.14562095192877994 5
1739449386131 0.3330430331045249 6
1739449386135 0.12289501228105672 7
1739449386138 0.004992713939948738 8
1739449386142 0.05977259175608593 9
1739449386146 0.12341803635209464 10
1739449386151 0.11123002702085165 11
1739449386154 0.07365901046204659 12
1739449386157 0.3499748046151296 13
1739449386164 0.014819690832793518 14
1739449386171 0.14182891788760174 15
1739449386179 0.1585661683150395 16
1739449386183 0.03926856844178585 17
1739449386187 0.03114689587604328 18
1739449386190 0.1786905019397894 19
1739449386194 0.24566021012909178 20
1739449386200 0.11743013320205259 21
1739449386204 0.17691232902436188 22
1739449386208 0.37999152103426864 23
1739449386213 0.4271294238903909 24
1739449386217 0.4071800125902959 25
1739449386221 0.0452828696883691 26
1739449386224 0.023873894123584257 27
1739449386228 0.01710859529099757 28
1739449386233 0.03675401691379774 29
1739449386236 0.026338804795929215 30
1739449386239 0.096308496170357 31
1739449386243 0.04565687856416812 32
1739449386247 0.050873790230129445 33
1739449386250 0.2755717226341753 34
1739449386253 0.09841383039193671 35
1739449386256 0.35166160923416556 36
1739449386260 0.04071689517622379 37
1739449386264 0.07431173948975842 38
1739449386267 0.1578897585198217 39
1739449386270 0.10727313923487924 40
1739449386273 0.03662648844294334 41
1739449386278 0.31227215074065606 42
1739449386281 0.31660819735761414 43
1739449386284 0.14046335573861554 44
1739449386287 0.0887884809097952 45
1739449386290 0.10116355758828582 46
1739449386295 0.15381074429706046 47
1739449386298 0.09116673395112446 48
1739449386301 0.155590390684671 49
1739449386304 0.0027488904697191958 50
1739449386308 0.13408972429810376 51
1739449386312 0.08246873538155902 52
1739449386316 0.1326067234961151 53
1739449386318 0.03710405394664554 54
1739449386321 0.10976390808777622 55
1739449386324 0.014348950037884096 56
1739449386329 0.2242063872003937 57
1739449386333 0.11090786605837807 58
1739449386336 0.2030088006956246 59
1739449386338 0.2257501634098517 60
1739449386341 0.06849228776681406 61
1739449386345 0.010956990025748833 62
1739449386348 0.20009911836832867 63
1739449386351 0.02962973491827216 64
1739449386354 0.12336146661235953 65
1739449386357 0.31890038704695 66
1739449386361 0.026223258690619637 67
1739449386364 0.14391124499146288 68
1739449386367 0.0784397106024979 69
1739449386370 0.05496214257566217 70
1739449386372 0.2661475317358792 71
1739449386375 0.055105384059679616 72
1739449386380 0.03809896205261308 73
1739449386382 0.17392586519005615 74
1739449386385 0.24828113399148016 75
