1739449982590 168.91407275456154 0
1739449982593 168.19174980738697 1
1739449982597 167.4714239477951 2
1739449982599 166.75314757120037 3
1739449982601 166.036922872023 4
1739449982603 165.32274958417287 5
1739449982605 164.610627318451 6
1739449982606 163.90055567690837 7
1739449982610 163.19253425841262 8
1739449982614 162.48656265889292 9
1739449982616 161.78264047132475 10
1739449982618 161.080767285701 11
1739449982619 160.38094268900244 12
1739449982621 159.68316626516787 13
1739449982623 158.98743759506354 14
1739449982625 158.29375625645264 15
1739449982629 157.60212182396398 16
1739449982631 156.91253386906058 17
1739449982633 156.2249919600077 18
1739449982635 155.53949566184065 19
1739449982637 154.8560445363319 20
1739449982638 154.174638141958 21
1739449982640 153.49527603386622 22
1739449982644 152.81795776384024 23
1739449982647 152.142682880266 24
1739449982650 151.46945092809685 25
1739449982652 150.79826144881804 26
1739449982654 150.12911398041126 27
1739449982655 149.46200805731817 28
1739449982657 148.796943210404 29
1739449982661 148.13391896692022 30
1739449982664 147.47293485046694 31
1739449982666 146.81399038095498 32
1739449982668 146.15708507456694 33
1739449982670 145.50221844371848 34
1739449982671 144.84938999701842 35
1739449982673 144.1985992392288 36
1739449982678 143.5498456712241 37
1739449982682 142.9031287899501 38
1739449982686 142.2584480883821 39
1739449982689 141.61580305548281 40
1739449982692 140.9751931761593 41
1739449982698 140.3366179312197 42
1739449982701 139.70007679732922 43
1739449982706 139.0655692469656 44
1739449982710 138.4330947483738 45
1739449982716 137.80265276552055 46
1739449982719 137.17424275804748 47
1739449982721 136.5478641812247 48
1739449982722 135.92351648590272 49
1739449982726 135.30119911846433 50
1739449982730 134.6809115207757 51
1739449982733 134.06265313013677 52
1739449982736 133.44642337923082 53
1739449982737 132.8322216960739 54
1739449982740 132.2200475039627 55
1739449982743 131.60990022142252 56
1739449982748 131.00177926215426 57
1739449982751 130.3956840349802 58
1739449982753 129.7916139437899 59
1739449982755 129.18956838748468 60
1739449982757 128.58954675992155 61
1739449982761 127.99154844985648 62
1739449982765 127.39557284088663 63
1739449982767 126.80161931139209 64
1739449982769 126.20968723447639 65
1739449982771 125.61977597790667 66
1739449982773 125.03188490405253 67
1739449982777 124.44601336982441 68
1739449982782 123.86216072661088 69
1739449982785 123.28032632021501 70
1739449982787 122.70050949079011 71
1739449982789 122.1227095727742 72
1739449982790 121.54692589482376 73
1739449982797 120.97315777974667 74
1739449982803 120.40140454443372 75
1739449982805 119.83166549978962 76
1739449982808 119.2639399506629 77
1739449982816 118.69822719577455 78
1739449982822 118.13452652764589 79
1739449982829 117.57283723252537 80
1739449982834 117.0131585903142 81
1739449982838 116.45548987449104 82
1739449982840 115.89983035203525 83
1739449982843 115.34617928334977 84
1739449982846 114.79453592218185 85
1739449982848 114.24489951554347 86
1739449982850 113.69726930363022 87
1739449982852 113.15164451973892 88
1739449982854 112.60802439018434 89
1739449982855 112.0664081342142 90
1739449982857 111.52679496392346 91
1739449982860 110.98918408416695 92
1739449982865 110.45357469247081 93
1739449982867 109.91996597894261 94
1739449982869 109.38835712618018 95
1739449982870 108.85874730917901 96
1739449982872 108.33113569523819 97
1739449982874 107.80552144386515 98
1739449982877 107.28190370667862 99
