1739453073262 47.044600475341795 0
1739453073267 24.381379555159224 1
1739453073272 12.82724964578861 2
1739453073276 18.219310828149986 3
1739453073281 5.12460879755818 4
1739453073286 4.683549427656282 5
1739453073290 2.062101159862704 6
1739453073296 0.7755502835747137 7
1739453073301 0.41983081963387014 8
1739453073305 0.1756084589142301 9
1739453073311 0.2890872891675962 10
1739453073316 0.07684304975485344 11
1739453073320 0.14889050361489128 12
1739453073325 0.07348653103023314 13
1739453073330 0.06835567169184362 14
1739453073334 0.11626184843052852 15
