1739448918852 90.21991855102996 0
1739448918858 26.06524963689211 1
1739448918860 0.5370559178695936 2
1739448918864 0.5267532319803564 3
1739448918867 0.14976963787497255 4
1739448918872 0.03149720704348642 5
1739448918875 0.3903388515427711 6
1739448918878 0.03550401949222028 7
1739448918881 0.07247552030489365 8
1739448918886 0.11189018358373976 9
1739448918889 0.1386387406327745 10
1739448918893 0.09464032693314936 11
1739448918896 0.15137428853709875 12
1739448918899 0.23624683563976148 13
1739448918903 0.06792575183965723 14
1739448918908 0.017381180312877546 15
1739448918911 0.07133387507958393 16
1739448918915 0.09070860569358004 17
1739448918918 0.1115619779133955 18
1739448918923 0.0041698550040570725 19
1739448918927 0.06382527898905929 20
1739448918930 0.07923175680723797 21
1739448918933 0.5758675957976646 22
1739448918937 0.07996374375521925 23
1739448918941 0.05537951894037424 24
1739448918944 0.04854015616082831 25
1739448918947 0.15358175309098238 26
1739448918950 0.19490876028979398 27
1739448918955 0.02159167659411964 28
1739448918958 0.20189163754210027 29
1739448918961 0.021679071645250955 30
1739448918964 0.1212238099818447 31
1739448918967 0.14945953030834372 32
1739448918972 0.15812366724611998 33
1739448918975 0.07892732872990564 34
1739448918977 0.05267155406288154 35
1739448918980 0.037594954699316244 36
1739448918983 0.11812583734773671 37
1739448918987 0.008116243815722008 38
1739448918990 0.12845203600013225 39
1739448918993 0.4714520821678922 40
1739448918996 0.18926257480110054 41
1739448918999 0.16536787306845835 42
1739448919003 0.08757000573142575 43
1739448919007 0.27792641038321064 44
1739448919009 0.27284318075603664 45
1739448919012 0.1581917999844652 46
1739448919015 0.059574916175291384 47
1739448919018 0.06246368551409891 48
1739448919022 0.030501332843572787 49
1739448919024 0.14602169844850366 50
1739448919027 0.005005144636365149 51
1739448919030 0.14619498036513243 52
1739448919033 0.06192168255195311 53
1739448919036 0.3732933393172307 54
1739448919039 0.21289267074090581 55
1739448919042 0.11997252285414886 56
1739448919045 0.056742338522406344 57
1739448919048 0.21667308793065196 58
1739448919052 0.05313122912363964 59
1739448919056 0.18006718679662284 60
1739448919060 0.11553753632245065 61
1739448919063 0.09622556722243239 62
1739448919066 0.02601405372734445 63
1739448919071 0.06920151354960616 64
1739448919075 0.19468391908760138 65
1739448919078 0.0753801899873227 66
1739448919081 0.1504662092031248 67
