1739453042028 168.92543757006746 0
1739453042031 166.33689392732916 1
1739453042033 163.76799492502246 2
1739453042035 161.21878362797992 3
1739453042038 158.68930077678172 4
1739453042040 156.17958453909515 5
1739453042042 153.6896703754423 6
1739453042044 151.21959099222957 7
1739453042047 148.76937636028518 8
1739453042049 146.3390537815656 9
1739453042052 143.92864799028564 10
1739453042054 141.53818127764217 11
1739453042056 139.16767363166744 12
1739453042058 136.81714288565436 13
1739453042061 134.4866048701338 14
1739453042064 132.17607356461582 15
1739453042066 129.88556124629102 16
1739453042068 127.6150786336693 17
1739453042070 125.36463502375078 18
1739453042072 123.1342384218076 19
1739453042074 120.92389566323128 20
1739453042077 118.73361252718853 21
1739453042080 116.56339384204927 22
1739453042082 114.41324358271228 23
1739453042084 112.28316496007389 24
1739453042086 110.17316050296827 25
1739453042088 108.08323213296447 26
1739453042091 106.01338123243877 27
1739453042093 103.96360870636039 28
1739453042096 101.93391503823158 29
1739453042099 99.92430034062099 30
1739453042101 97.93476440071586 31
1739453042103 95.9653067213035 32
1739453042105 94.01592655757214 33
1739453042107 92.08662295009947 34
1739453042110 90.1773947543739 35
1739453042113 88.28824066717038 36
1739453042115 86.41915925007844 37
1739453042117 84.57014895045768 38
1739453042120 82.74120812007337 39
1739453042122 80.93233503164373 40
1739453042124 79.14352789351024 41
1739453042126 77.37478486262366 42
1739453042129 75.62610405602061 43
1739453042132 73.89748356094911 44
1739453042134 72.18892144378675 45
1739453042136 70.50041575788082 46
1739453042138 68.83196455042679 47
1739453042141 67.18356586849075 48
1739453042143 65.5552177642694 49
1739453042146 63.946918299672525 50
1739453042148 62.358665550303904 51
1739453042150 60.79045760890775 52
1739453042152 59.242292588342075 53
1739453042155 57.7141686241323 54
1739453042157 56.206083876653736 55
1739453042159 54.71803653298562 56
1739453042162 53.25002480847478 57
1739453042164 51.802046948042765 58
1739453042166 50.37410122726685 59
1739453042168 48.9661859532608 60
1739453042170 47.57829946537976 61
1739453042173 46.21044013576939 62
1739453042175 44.86260636977811 63
1739453042177 43.534796606248264 64
1739453042180 42.227009317700755 65
1739453042182 40.93924301042541 66
1739453042184 39.671496224488095 67
1739453042187 38.423767533664396 68
1739453042189 37.19605554530772 69
1739453042191 35.98835890015971 70
1739453042193 34.800676272108596 71
1739453042196 33.63300636790154 72
1739453042198 32.48534792681506 73
1739453042201 31.357699720287897 74
1739453042203 30.25006055151943 75
1739453042205 29.16242925503635 76
1739453042207 28.094804696230092 77
1739453042209 27.047185770866513 78
1739453042212 26.019571404569373 79
1739453042214 25.011960552278506 80
1739453042217 24.024352197683232 81
1739453042219 23.05674535263134 82
1739453042222 22.10913905651347 83
1739453042224 21.181532375622492 84
1739453042226 20.273924402487005 85
1739453042232 19.386314255178025 86
1739453042236 18.518701076587206 87
1739453042239 17.67108403367486 88
1739453042242 16.84346231668544 89
1739453042244 16.03583513832786 90
1739453042247 15.248201732917304 91
1739453042250 14.48056135547484 92
1739453042252 13.732913280780474 93
1739453042254 13.005256802374172 94
1739453042256 12.297591231499116 95
1739453042258 11.609915895979805 96
1739453042261 10.94223013902681 97
1739453042264 10.294533317958216 98
1739453042266 9.666824802826149 99
