1739449981798 168.90082104802957 0
1739449981801 168.17861924461477 1
1739449981802 167.45838947048452 2
1739449981804 166.74021414763607 3
1739449981807 166.02409694156646 4
1739449981810 165.31003764561055 5
1739449981814 164.59803586012737 6
1739449981816 163.88809117317325 7
1739449981818 163.18020316934442 8
1739449981819 162.4743714301828 9
1739449981821 161.7705955341676 10
1739449981823 161.06887505668584 11
1739449981825 160.3692095700018 12
1739449981828 159.67159864322568 13
1739449981831 158.9760418422824 14
1739449981832 158.2825387298795 15
1739449981834 157.59108886547492 16
1739449981836 156.90169180524433 17
1739449981837 156.21434710204798 18
1739449981839 155.52905430539727 19
1739449981840 154.84581296142068 20
1739449981844 154.16462261282953 21
1739449981847 153.485482798883 22
1739449981849 152.80839305535324 23
1739449981851 152.13335291448917 24
1739449981853 151.46036190498086 25
1739449981855 150.7894195519225 26
1739449981857 150.1205253767756 27
1739449981860 149.45367889733132 28
1739449981865 148.78887962767246 29
1739449981867 148.1261270781349 30
1739449981869 147.46542075526872 31
1739449981871 146.80676016179842 32
1739449981872 146.15014479658325 33
1739449981874 145.4955741545762 34
1739449981879 144.84304772678337 35
1739449981881 144.19256500022195 36
1739449981883 143.54412545787844 37
1739449981885 142.89772857866555 38
1739449981886 142.25337383737917 39
1739449981888 141.61106070465453 40
1739449981890 140.97078864692153 41
1739449981894 140.33255712635994 42
1739449981897 139.69636560085382 43
1739449981899 139.06221352394508 44
1739449981901 138.4301003447868 45
1739449981903 137.80002550809573 46
1739449981905 137.17198845410417 47
1739449981907 136.5459886185113 48
1739449981910 135.9220254324337 49
1739449981913 135.3000983223552 50
1739449981915 134.68020671007645 51
1739449981918 134.06235001266307 52
1739449981920 133.44652764239393 53
1739449981922 132.83273900670793 54
1739449981924 132.2209835081507 55
1739449981930 131.61126054432032 56
1739449981932 131.00356950781205 57
1739449981935 130.39790978616278 58
1739449981937 129.7942807617944 59
1739449981939 129.1926818119563 60
1739449981943 128.5931123086676 61
1739449981947 127.99557161865782 62
1739449981950 127.4000591033073 63
1739449981953 126.80657411858675 64
1739449981955 126.21511601499552 65
1739449981957 125.62568413749958 66
1739449981961 125.0382778254681 67
1739449981965 124.45289641260969 68
1739449981968 123.86953922690716 69
1739449981971 123.28820559055185 70
1739449981973 122.70889481987673 71
1739449981975 122.13160622528868 72
1739449981980 121.55633911119972 73
1739449981982 120.9830927759574 74
1739449981985 120.41186651177408 75
1739449981987 119.8426596046552 76
1739449981989 119.27547133432661 77
1739449981991 118.71030097416072 78
1739449981996 118.14714779110169 79
1739449981998 117.58601104558966 80
1739449982000 117.02688999148344 81
1739449982003 116.46978387598264 82
1739449982007 115.91469193954828 83
1739449982014 115.36161341582239 84
1739449982018 114.8105475315464 85
1739449982021 114.26149350647842 86
1739449982024 113.71445055330915 87
1739449982030 113.16941787757662 88
1739449982034 112.6263946775798 89
1739449982036 112.08538014429072 90
1739449982038 111.54637346126552 91
1739449982040 111.00937380455393 92
1739449982042 110.4743803426076 93
1739449982046 109.94139223618696 94
1739449982049 109.4104086382668 95
1739449982051 108.88142869394026 96
1739449982053 108.3544515403216 97
1739449982054 107.82947630644726 98
1739449982056 107.30650211317574 99
