1739297731082 101.83732718414412 0
1739297731084 94.44100348229358 1
1739297731087 70.13024331129562 2
1739297731089 44.19967370091548 3
1739297731092 27.443283023621568 4
1739297731096 11.158363620216978 5
1739297731099 6.323649448878653 6
1739297731101 0.5762630421056323 7
1739297731103 0.10636508558212163 8
1739297731106 0.17761351681069784 9
1739297731108 0.06980324509589149 10
1739297731112 0.05898989187208223 11
1739297731115 0.5391218543096524 12
1739297731117 0.05163788250731825 13
1739297731119 0.11073323723498654 14
1739297731122 1.2505997526529071 15
1739297731124 0.04159665465394463 16
1739297731127 0.06349457433155128 17
1739297731130 0.056643146579178016 18
1739297731133 0.08209954183254274 19
1739297731135 0.362277981694901 20
1739297731137 0.05405770027462208 21
1739297731139 0.0392716369898713 22
1739297731142 0.011636773833749382 23
1739297731146 0.4055392072973225 24
1739297731148 0.2120096831436885 25
1739297731150 0.04704836542320008 26
1739297731152 0.3674152260927879 27
1739297731155 0.009039427166619018 28
1739297731157 0.028214855805635396 29
1739297731160 0.03810393603833716 30
1739297731163 0.04463987683061057 31
1739297731166 0.045217262660464025 32
1739297731168 0.21632286814335494 33
1739297731170 0.16389996427982045 34
1739297731173 0.0443600223937719 35
1739297731176 0.4878917272128629 36
1739297731179 0.0713425522766294 37
1739297731181 0.07365143142392447 38
1739297731184 0.13100420811882046 39
1739297731186 0.21186825816306448 40
1739297731188 0.12926364850894717 41
1739297731191 0.08275668043233855 42
1739297731194 0.3610264965710653 43
1739297731197 0.015505806676492335 44
1739297731199 0.05928879269778806 45
1739297731202 0.03296156190323503 46
1739297731204 0.056382037428138916 47
1739297731206 0.29571886893571575 48
1739297731209 0.06172338628910347 49
1739297731213 0.04365380758053701 50
1739297731215 0.048921055525446795 51
1739297731218 0.4302058662540189 52
1739297731220 0.009922112781993314 53
1739297731222 0.10107796342285177 54
1739297731225 0.04030068091893761 55
1739297731229 0.04232907914957886 56
1739297731231 0.12710104113039578 57
1739297731233 0.0714884668625339 58
1739297731236 0.0891193160080336 59
1739297731238 0.19389853624801778 60
1739297731240 0.03190758743577208 61
1739297731244 0.21807275136052853 62
1739297731247 0.08717917083576557 63
1739297731249 0.2120109759305298 64
1739297731251 0.06706178335496926 65
1739297731254 0.06931264861748852 66
1739297731256 0.046841407353834186 67
1739297731259 0.06231505918754282 68
1739297731263 0.028700854055605542 69
1739297731265 0.0021223197033622904 70
1739297731267 0.13556470432167222 71
1739297731270 0.19549857498376247 72
1739297731272 0.06795758566085401 73
1739297731276 0.020247431516417017 74
1739297731279 0.09788652749108087 75
1739297731282 0.11005835187831697 76
1739297731284 0.13343290342028719 77
1739297731287 0.06971671423574836 78
1739297731289 0.1327031305399873 79
1739297731292 0.25621687302938656 80
1739297731296 0.21383039027735296 81
1739297731299 0.09604072105252488 82
1739297731301 0.3793871055144731 83
1739297731303 0.020513770618535748 84
1739297731305 0.1777526424450428 85
1739297731308 0.1263146323720954 86
1739297731312 0.5005926731533693 87
1739297731314 0.01594610589852256 88
1739297731316 0.06806592454400676 89
1739297731319 0.058431454064085654 90
1739297731321 0.061618908118152446 91
1739297731323 0.08629232659004984 92
1739297731327 0.06462777805291557 93
1739297731330 0.19234090492558673 94
1739297731333 0.08975962199540943 95
1739297731335 0.059478621294344676 96
1739297731337 0.1721979084173747 97
1739297731340 0.11466338180684575 98
1739297731343 0.039384382310874586 99
