1739450336430 85.00445148401164 0
1739450336434 65.23660421351185 1
1739450336438 32.52360965189333 2
1739450336445 17.38120321479702 3
1739450336450 13.742916933291134 4
1739450336454 11.214434404259618 5
1739450336461 19.571962639629156 6
1739450336466 15.315070026096592 7
1739450336469 10.857949613024303 8
1739450336475 12.65041493244695 9
1739450336481 10.738159042506203 10
1739450336484 5.426652611247396 11
1739450336487 4.560069332823932 12
1739450336494 2.7824537650407857 13
1739450336499 2.48285470665932 14
1739450336503 1.9227290151738028 15
1739450336510 0.9172467987368401 16
1739450336515 0.9754048184393976 17
1739450336518 0.6848414455623886 18
1739450336521 0.2703391143659569 19
1739450336529 0.436281671905874 20
1739450336533 0.2882298518997847 21
1739450336537 0.23927673090774598 22
1739450336544 0.26485582477579933 23
1739450336549 0.21910583380912557 24
1739450336554 0.23025833655994127 25
1739450336560 0.24378050832555923 26
1739450336566 0.24418756566122118 27
1739450336571 0.22773963839498457 28
1739450336577 0.17029144356713577 29
1739450336582 0.1151246083692359 30
1739450336587 0.22021463471366176 31
1739450336591 0.11303299247004422 32
1739450336598 0.21881671321421645 33
1739450336603 0.13286723827933727 34
1739450336608 0.08690761578732127 35
1739450336617 0.20260927456812924 36
