1739449977902 168.92543757006746 0
1739449977904 168.65164226628448 1
1739449977906 168.3780635562562 2
1739449977908 168.10470758841655 3
1739449977912 167.83157466607693 4
1739449977915 167.55866480158673 5
1739449977918 167.28597799281584 6
1739449977920 167.0135142369164 7
1739449977921 166.74127353100755 8
1739449977923 166.4692558722097 9
1739449977926 166.19746125764595 10
1739449977930 165.92588968444255 11
1739449977932 165.65454114972863 12
1739449977934 165.38341565063624 13
1739449977935 165.11251318430044 14
1739449977937 164.84183374785917 15
1739449977939 164.57137733845343 16
1739449977941 164.30114395322707 17
1739449977945 164.031133589327 18
1739449977948 163.761346243903 19
1739449977950 163.49178191410783 20
1739449977953 163.22244059709726 21
1739449977955 162.95332229002986 22
1739449977956 162.68442699006738 23
1739449977959 162.41575469437433 24
1739449977962 162.14730540011826 25
1739449977967 161.8790791044696 26
1739449977970 161.61107580460188 27
1739449977972 161.34329549769143 28
1739449977976 161.07573818091765 29
1739449977981 160.8084038514628 30
1739449977984 160.54129250651212 31
1739449977987 160.2744041432538 32
1739449977989 160.00773875887907 33
1739449977991 159.74129635058193 34
1739449977996 159.4750769155595 35
1739449978002 159.20908045101172 36
1739449978006 158.9433069541416 37
1739449978010 158.67775642215503 38
1739449978015 158.41242885226083 39
1739449978018 158.14732424167087 40
1739449978021 157.88244258759985 41
1739449978023 157.6177838872655 42
1739449978027 157.35334813788842 43
1739449978033 157.08913533669224 44
1739449978036 156.8251454809035 45
1739449978039 156.56137856775175 46
1739449978042 156.29783459446935 47
1739449978048 156.0345135582917 48
1739449978052 155.77141545645716 49
1739449978054 155.50854028620705 50
1739449978056 155.24588804478554 51
1739449978059 154.98345872943983 52
1739449978063 154.72125233742008 53
1739449978067 154.45926886597925 54
1739449978069 154.1975083123735 55
1739449978071 153.93597067386168 56
1739449978074 153.67465594770573 57
1739449978078 153.41356413117046 58
1739449978083 153.15269522152377 59
1739449978085 152.8920492160363 60
1739449978087 152.63162611198175 61
1739449978089 152.37142590663677 62
1739449978094 152.11144859728094 63
1739449978099 151.85169418119676 64
1739449978101 151.59216265566965 65
1739449978104 151.33285401798804 66
1739449978107 151.07376826544328 67
1739449978110 150.81490539532965 68
1739449978115 150.55626540494436 69
1739449978118 150.29784829158757 70
1739449978120 150.03965405256238 71
1739449978122 149.78168268517493 72
1739449978125 149.5239341867341 73
1739449978128 149.26640855455187 74
1739449978132 149.0091057859431 75
1739449978135 148.75202587822557 76
1739449978137 148.4951688287201 77
1739449978139 148.23853463475032 78
1739449978141 147.98212329364287 79
1739449978145 147.72593480272732 80
1739449978149 147.46996915933622 81
1739449978152 147.21422636080493 82
1739449978154 146.95870640447188 83
1739449978156 146.7034092876784 84
1739449978157 146.44833500776875 85
1739449978163 146.1934835620901 86
1739449978166 145.93885494799255 87
1739449978170 145.68444916282922 88
1739449978172 145.43026620395608 89
1739449978174 145.1763060687321 90
1739449978178 144.92256875451915 91
1739449978182 144.669054258682 92
1739449978185 144.41576257858844 93
1739449978187 144.16269371160914 94
1739449978189 143.9098476551177 95
1739449978190 143.65722440649063 96
1739449978194 143.40482396310753 97
1739449978199 143.1526463223507 98
1739449978201 142.90069148160555 99
