1739453017381 168.91407275456154 0
1739453017383 168.54281254243878 1
1739453017385 168.17192738684233 2
1739453017388 167.8014413054724 3
1739453017391 167.43136149792517 4
1739453017393 167.06169011952232 5
1739453017397 166.69242781446243 6
1739453017400 166.32357477441872 7
1739453017402 165.95513105556515 8
1739453017404 165.58709667350524 9
1739453017406 165.21947163169506 10
1739453017409 164.8522559299539 11
1739453017411 164.4854495670124 12
1739453017414 164.1190525412754 13
1739453017417 163.75306485105045 14
1739453017419 163.38748649461616 15
1739453017421 163.02231747024268 16
1739453017423 162.65755777619788 17
1739453017426 162.29320741074906 18
1739453017440 161.92926637216365 19
1739453017442 161.56573465870935 20
1739453017444 161.20261226865398 21
1739453017447 160.83989920026588 22
1739453017449 160.47759545181347 23
1739453017451 160.1157010215656 24
1739453017454 159.75421590779135 25
1739453017456 159.39314010876018 26
1739453017458 159.03247362274178 27
1739453017460 158.67221644800614 28
1739453017463 158.3123685828235 29
1739453017465 157.95293002546455 30
1739453017468 157.5939007742002 31
1739453017470 157.23528082730152 32
1739453017472 156.87707018304008 33
1739453017474 156.51926883968764 34
1739453017476 156.1618767955163 35
1739453017479 155.80489404879842 36
1739453017482 155.44832059780666 37
1739453017484 155.092156440814 38
1739453017486 154.73640157609367 39
1739453017489 154.38105600191926 40
1739453017491 154.02611971656455 41
1739453017493 153.6715927183038 42
1739453017496 153.3174750054113 43
1739453017499 152.9637665761619 44
1739453017501 152.61046742883053 45
1739453017503 152.25757756169256 46
1739453017505 151.90509697302357 47
1739453017507 151.55302566109947 48
1739453017509 151.2013636241965 49
1739453017512 150.850110860591 50
1739453017516 150.49926736855988 51
1739453017518 150.14883314638016 52
1739453017520 149.7988081923292 53
1739453017523 149.44919250468467 54
1739453017525 149.09998608172444 55
1739453017527 148.7511889217268 56
1739453017530 148.4028010229702 57
1739453017533 148.05482238373352 58
1739453017535 147.7072530022959 59
1739453017538 147.36009287693653 60
1739453017540 147.01334200593527 61
1739453017542 146.66700038757205 62
1739453017545 146.32106802012703 63
1739453017548 145.97554490188082 64
1739453017550 145.63043103111426 65
1739453017553 145.2857264061084 66
1739453017555 144.9414310251447 67
1739453017557 144.59754488650483 68
1739453017559 144.25406798847075 69
1739453017562 143.91100032932468 70
1739453017565 143.5683419073492 71
1739453017567 143.2260927208272 72
1739453017570 142.8842527680417 73
1739453017572 142.54282204727616 74
1739453017574 142.20180055681422 75
1739453017577 141.8611882949399 76
1739453017580 141.52098525993736 77
1739453017583 141.18119145009123 78
1739453017586 140.84180686368632 79
1739453017588 140.50283149900767 80
1739453017591 140.1642653543407 81
1739453017593 139.8261084279711 82
1739453017596 139.48836071818474 83
1739453017599 139.15102222326792 84
1739453017602 138.8140929415071 85
1739453017604 138.47757287118912 86
1739453017606 138.14146201060103 87
1739453017608 137.80576035803017 88
1739453017610 137.4704679117642 89
1739453017613 137.13558467009096 90
1739453017616 136.8011106312987 91
1739453017618 136.46704579367588 92
1739453017620 136.13339015551122 93
1739453017622 135.8001437150938 94
1739453017624 135.46730647071286 95
1739453017627 135.13487842065803 96
1739453017630 134.8028595632191 97
1739453017633 134.47124989668626 98
1739453017635 134.14004941934994 99
