1739449871137 30.76261059394177 0
1739449871140 16.976329298523517 1
1739449871144 10.465497675789717 2
1739449871147 2.972084738891702 3
1739449871153 0.9382673367555706 4
1739449871157 0.29238636655278066 5
1739449871160 0.28326206368782025 6
1739449871165 0.2990247650586207 7
1739449871170 0.05805207185778099 8
1739449871174 0.12105153865020693 9
1739449871178 0.19697978039057146 10
1739449871182 0.15219274721346987 11
1739449871187 0.05650216508098854 12
1739449871191 0.2901673895522189 13
1739449871196 0.1393516354245466 14
1739449871203 0.11034156533619056 15
1739449871208 0.22677637439864182 16
1739449871211 0.1436749583561959 17
1739449871215 0.09255997270885671 18
1739449871220 0.12646738094889876 19
1739449871224 0.13283148518872787 20
1739449871227 0.1953250581602875 21
1739449871230 0.25180577554417444 22
1739449871236 0.11605120819609031 23
1739449871240 0.13930775150304214 24
1739449871243 0.14124360521874907 25
1739449871247 0.12137379150237708 26
1739449871253 0.2954281323002841 27
1739449871257 0.2049375936188952 28
1739449871261 0.11597906455641305 29
1739449871265 0.16010231132216443 30
1739449871270 0.19488730459813927 31
1739449871274 0.3894195422555312 32
1739449871277 0.25307654785893263 33
1739449871281 0.1283867104558579 34
1739449871286 0.12871944807881833 35
1739449871290 0.1880357144147914 36
1739449871293 0.09472107710115171 37
1739449871299 0.20006597123330186 38
1739449871305 0.2171393824632311 39
1739449871309 0.09818415325421011 40
1739449871312 0.15178825875918112 41
1739449871316 0.20895573613865817 42
1739449871321 0.07971782596095088 43
1739449871324 0.12435755900334224 44
1739449871328 0.13519024279377684 45
1739449871333 0.2699382623447472 46
1739449871339 0.13928310097358537 47
1739449871343 0.2004065328521069 48
1739449871347 0.1539946075324697 49
1739449871353 0.15218581464618203 50
1739449871358 0.15827615229181455 51
1739449871361 0.11265607749412873 52
1739449871365 0.18203473177918802 53
1739449871371 0.18009231711206958 54
1739449871374 0.10045457593227611 55
1739449871377 0.2641586857718506 56
1739449871380 0.18356811338245732 57
1739449871386 0.1638229686782922 58
1739449871390 0.2555531251650035 59
1739449871393 0.09613130342020526 60
1739449871398 0.19627393237250942 61
1739449871405 0.14587452631576728 62
1739449871408 0.23000239165766057 63
1739449871412 0.2260772654186724 64
1739449871416 0.19435750876752783 65
1739449871421 0.1440164971311312 66
1739449871425 0.11437990843261388 67
1739449871429 0.1959805594883891 68
1739449871433 0.24189387824826372 69
1739449871439 0.2513445905634257 70
1739449871442 0.07518429034300553 71
1739449871445 0.18521475784323937 72
1739449871449 0.1329758707167874 73
1739449871455 0.17158319767640762 74
1739449871458 0.08707007905564115 75
1739449871461 0.13907988095568652 76
1739449871466 0.12753548584461186 77
1739449871471 0.2459501146029857 78
1739449871474 0.09860975732635373 79
1739449871477 0.09565782336585442 80
1739449871481 0.12631474590149325 81
1739449871486 0.11335807654162859 82
1739449871490 0.10625489630843238 83
1739449871494 0.13727377430397847 84
1739449871499 0.1883999675783229 85
1739449871505 0.16737426403550876 86
1739449871509 0.3519369316700952 87
1739449871512 0.11098117953793005 88
1739449871517 0.1840722694112283 89
1739449871521 0.08777326381089394 90
1739449871525 0.19878318279938773 91
1739449871529 0.18755943656685728 92
1739449871534 0.21896635360824246 93
1739449871539 0.2742440759223744 94
1739449871543 0.14512215122232086 95
1739449871546 0.13025604956731204 96
1739449871552 0.07340502760781889 97
1739449871556 0.09913473712976557 98
1739449871559 0.12876353641080276 99
