1739297730686 132.43543888678224 0
1739297730688 107.69958055120391 1
1739297730691 74.47762108134023 2
1739297730695 44.90861261697495 3
1739297730698 28.449168972294046 4
1739297730700 14.293551537557208 5
1739297730702 5.864012267720259 6
1739297730705 0.584045335735859 7
1739297730708 0.031948489292383656 8
1739297730711 0.02408674323966993 9
1739297730714 0.0748103018463338 10
1739297730716 0.09092133410687629 11
1739297730718 0.5562071332230953 12
1739297730721 0.044707232316633205 13
1739297730723 0.12023236892306567 14
1739297730726 0.059523181916416514 15
1739297730729 0.03247781658720372 16
1739297730732 0.14687866713135228 17
1739297730734 0.3569914026054237 18
1739297730736 0.01961346526425159 19
1739297730739 0.10388674995839384 20
1739297730742 0.05341203495277248 21
1739297730745 0.00923106366090907 22
1739297730748 0.022650832413895025 23
1739297730750 0.07232306239466732 24
1739297730752 0.1748177824450766 25
1739297730754 0.01850923216794112 26
1739297730756 0.3102660303832922 27
1739297730760 0.13825934371267704 28
1739297730764 0.04094074599006093 29
1739297730767 0.12866560814511277 30
1739297730769 0.05833286598211265 31
1739297730772 0.0881937468496517 32
1739297730774 0.06585400001794933 33
