1739449677988 105.69979949184108 0
1739449677994 51.473558602033954 1
1739449677998 18.059058470564025 2
1739449678002 0.8410736697340753 3
1739449678005 0.21681820411092342 4
1739449678008 0.22545207912241172 5
1739449678014 0.20848555079246947 6
1739449678019 0.19529778504539624 7
1739449678022 0.08776611353613033 8
1739449678025 0.10318494849261678 9
1739449678030 0.15669998129981805 10
1739449678033 0.27299411348640534 11
1739449678035 0.12514071619288983 12
1739449678038 0.08488280169927889 13
1739449678042 0.09936508250630162 14
1739449678049 0.20174515783019378 15
1739449678056 0.07712777371022803 16
1739449678064 0.19588031965426952 17
1739449678070 0.19194659122222832 18
1739449678076 0.054792166812103985 19
1739449678084 0.21121272355836376 20
1739449678090 0.10117912488869617 21
1739449678097 0.13963277485397346 22
1739449678103 0.17149846842096328 23
1739449678111 0.1845479996355875 24
1739449678117 0.10558402720311488 25
1739449678120 0.19433804491866033 26
1739449678124 0.3653286951580312 27
1739449678127 0.16267865882026888 28
1739449678131 0.16475839802073428 29
1739449678134 0.1861113540495549 30
1739449678136 0.04906562975262982 31
1739449678139 0.1205806055563579 32
1739449678142 0.24528185810896547 33
1739449678146 0.0628621671807943 34
1739449678149 0.24566951959959127 35
1739449678152 0.12925379600408415 36
1739449678155 0.21432520166785815 37
1739449678158 0.08786232138904097 38
1739449678164 0.11322636311080589 39
1739449678169 0.136853924802686 40
1739449678173 0.13233859423253733 41
1739449678180 0.3290229581743691 42
1739449678183 0.08088716994473837 43
