1739450765762 111.01886030084586 0
1739450765767 60.9934169103554 1
1739450765773 29.104613148647942 2
1739450765777 8.233937382865196 3
1739450765780 0.2938919883590526 4
1739450765785 0.18509486525945754 5
1739450765790 0.17572676257372843 6
1739450765794 0.19369437412750376 7
1739450765798 0.04859300090326048 8
1739450765804 0.11580395106593903 9
1739450765808 0.1762295417817578 10
1739450765812 0.08404337498573933 11
1739450765815 0.25601877624530767 12
1739450765821 0.2196866697989637 13
1739450765825 0.20052249392518245 14
1739450765828 0.09490815164713201 15
1739450765831 0.10153922723729128 16
1739450765836 0.07791210678106018 17
1739450765841 0.10074873417450998 18
1739450765844 0.20197189012556574 19
1739450765848 0.029503543983693932 20
1739450765852 0.1555710810209674 21
1739450765858 0.17366221634023174 22
1739450765862 0.16052439957122083 23
1739450765866 0.09877116085464313 24
1739450765871 0.15668262401164212 25
1739450765875 0.10553450808854692 26
1739450765878 0.1519938139402842 27
1739450765882 0.09286259384370021 28
1739450765887 0.15926627260887768 29
1739450765891 0.22663065207049574 30
1739450765894 0.06986843718291127 31
1739450765898 0.16423052513103112 32
1739450765903 0.17666047020032513 33
1739450765907 0.16240943924030063 34
1739450765911 0.14002806092729886 35
1739450765914 0.15187425715967764 36
1739450765919 0.15078442262887778 37
1739450765924 0.08783549137240274 38
1739450765928 0.12996318453731873 39
1739450765931 0.12370359583195834 40
1739450765937 0.09302183611685486 41
1739450765941 0.19367249457406 42
