1739453072357 59.23218220667718 0
1739453072363 19.144535964826115 1
1739453072367 16.93759149305577 2
1739453072371 9.335313922373995 3
1739453072376 11.669812992402926 4
1739453072381 5.050688840709972 5
1739453072385 2.1014048805219594 6
1739453072393 0.779151680367925 7
1739453072404 0.37342651542504857 8
1739453072413 0.1466989283177827 9
1739453072420 0.17930707332585508 10
1739453072425 0.24777474773815067 11
1739453072432 0.18401034260545446 12
1739453072439 0.14928171747347402 13
1739453072448 0.0955112206805881 14
1739453072454 0.11551206876763472 15
1739453072464 0.06103820702526026 16
1739453072471 0.1396419097476877 17
1739453072481 0.06775511854542955 18
1739453072487 0.10125173463187498 19
1739453072492 0.09671779760681071 20
1739453072498 0.06266224203269635 21
1739453072502 0.10415191409554744 22
1739453072506 0.1346808483120311 23
1739453072511 0.19192702979485726 24
1739453072516 0.11299026503769913 25
1739453072521 0.0601991286549066 26
1739453072525 0.07181326118702545 27
1739453072532 0.09045264594133622 28
1739453072536 0.2107793649025949 29
1739453072540 0.07232825097112316 30
1739453072546 0.04418033888969965 31
1739453072551 0.08731460287905737 32
1739453072555 0.1135913786443801 33
1739453072560 0.14816452620358664 34
1739453072566 0.06113271248740197 35
1739453072571 0.16218371863226264 36
1739453072576 0.1432009624720127 37
1739453072581 0.06477816505799362 38
