1739451673441 168.9111973065381 0
1739451673444 166.89381346900842 1
1739451673446 164.80938430147455 2
1739451673449 162.68466255100574 3
1739451673453 160.5383364391251 4
1739451673457 158.38341433710042 5
1739451673460 156.22892730804244 6
1739451673463 154.0811325388673 7
1739451673465 151.9443581764795 8
1739451673468 149.82159360168077 9
1739451673473 147.71490045780965 10
1739451673477 145.62569817474207 11
1739451673480 143.5549619624052 12
1739451673485 141.50335992894748 13
1739451673490 139.47134794698562 14
1739451673493 137.45923523718105 15
1739451673496 135.46722967970865 16
1739451673499 133.4954691031836 17
1739451673507 131.54404288019654 18
1739451673512 129.61300682548915 19
1739451673514 127.70239346870142 20
1739451673517 125.81221913373075 21
1739451673523 123.94248881401373 22
1739451673527 122.09319952691325 23
1739451673529 120.26434261882846 24
1739451673532 118.45590534649271 25
1739451673536 116.66787195899262 26
1739451673541 114.90022443536596 27
1739451673544 113.1529429845437 28
1739451673546 111.4260063812217 29
1739451673548 109.7193921883568 30
1739451673553 108.03307690119661 31
1739451673557 106.36703603686576 32
1739451673561 104.7212441860288 33
1739451673564 103.09567503797525 34
1739451673566 101.4903013869081 35
1739451673572 99.9050951247595 36
1739451673576 98.34002722416326 37
1739451673578 96.7950677140454 38
1739451673581 95.27018564948851 39
1739451673584 93.76534907696843 40
1739451673590 92.2805249956762 41
1739451673594 90.8156793153707 42
1739451673596 89.37077681102046 43
1739451673599 87.94578107436153 44
1739451673604 86.54065446240534 45
1739451673608 85.15535804286195 46
1739451673611 83.78985153639516 47
1739451673614 82.44409325558686 48
1739451673619 81.11804004045825 49
1739451673625 79.8116471903705 50
1739451673629 78.52486839210552 51
1739451673632 77.25765564390845 52
1739451673636 76.0099591752545 53
1739451673642 74.78172736208582 54
1739451673645 73.57290663724608 55
1739451673648 72.38344139582341 56
1739451673651 71.2132738950946 57
1739451673656 70.06234414874604 58
1739451673660 68.93058981502905 59
1739451673662 67.81794607848924 60
1739451673665 66.72434552489257 61
1739451673669 65.6497180089527 62
1739451673674 64.5939905144485 63
1739451673677 63.55708700630471 64
1739451673680 62.538928274195335 65
1739451673682 61.539431767217586 66
1739451673687 60.55851141917607 67
1739451673691 59.596077464012474 68
1739451673694 58.65203624091649 69
1739451673696 57.72628998866155 70
1739451673699 56.81873662872408 71
1739451673704 55.92926953677083 72
1739451673708 55.057777302137524 73
1739451673710 54.20414347497476 74
1739451673713 53.36824630081037 75
1739451673715 52.54995844237105 76
1739451673718 51.749146688627576 77
1739451673723 50.96567165118039 78
1739451673726 50.19938744829297 79
1739451673728 49.450141377113376 80
1739451673730 48.71777357490929 81
1739451673732 48.00211667048445 82
1739451673738 47.30299542735384 83
1739451673742 46.62022638073929 84
1739451673744 45.953617471014944 85
1739451673747 45.3029676768921 86
1739451673749 44.66806665239044 87
1739451673754 44.048694372504784 88
1739451673757 43.44462079344291 89
1739451673760 42.855605534379876 90
1739451673762 42.281397588836654 91
1739451673764 41.721735075029336 92
1739451673766 41.17634503582065 93
1739451673772 40.644943300195656 94
1739451673776 40.12723441942007 95
1739451673778 39.62291169214653 96
1739451673781 39.1316572936134 97
1739451673783 38.653142524616975 98
1739451673788 38.18702819599478 99
