1739452056614 36.67189310034507 0
1739452056621 0.10705110985114583 1
1739452056628 0.15123877943377598 2
1739452056638 0.09986389188720861 3
1739452056644 0.09745536850492928 4
1739452056652 0.09305742548295616 5
1739452056661 0.13719654931915243 6
1739452056668 0.0812991785202449 7
1739452056675 0.08352972599827069 8
1739452056682 0.2552424856011437 9
1739452056689 0.23556949454402978 10
1739452056695 0.16367775080577468 11
1739452056704 0.283447455288826 12
1739452056710 0.0914590500937071 13
1739452056718 0.08506063103010009 14
1739452056727 0.09231907652707351 15
1739452056737 0.2365431577944981 16
1739452056744 0.19899016590636143 17
1739452056752 0.12369399055394423 18
1739452056759 0.11436694019814157 19
1739452056767 0.3640363477097177 20
1739452056774 0.17723114907168863 21
1739452056778 0.06362847123354623 22
1739452056785 0.09374359732928882 23
1739452056790 0.29033408030169894 24
1739452056795 0.20386958282450976 25
1739452056804 0.19294423578526657 26
1739452056812 0.2540050371357236 27
1739452056824 0.30421257026712645 28
