1739450180696 112.25175859738548 0
1739450180702 60.97524981078094 1
1739450180706 28.561840011510142 2
1739450180709 8.031861250948342 3
1739450180713 0.2376425397185814 4
1739450180719 0.2589854074627921 5
1739450180725 0.3896456620629799 6
1739450180729 0.11583367974938218 7
1739450180735 0.13206946979909345 8
1739450180739 0.12770350227876706 9
1739450180742 0.10441554576929372 10
1739450180745 0.18191339483361318 11
1739450180750 0.08305779093507673 12
1739450180755 0.15658317432969598 13
1739450180758 0.08251361635587558 14
1739450180761 0.1248047460718842 15
1739450180765 0.10955110266054278 16
1739450180772 0.11240749410238045 17
1739450180776 0.05803128631556041 18
1739450180779 0.1043864694263998 19
1739450180784 0.1702490831291526 20
