1739448918596 59.991286448811664 0
1739448918603 18.830353860530437 1
1739448918609 0.3002769086864069 2
1739448918612 0.027266082348566298 3
1739448918616 0.03669673524613504 4
1739448918619 0.12140182880122846 5
1739448918624 0.1696875372620038 6
1739448918629 0.41885549435042974 7
1739448918632 0.06720872028229369 8
1739448918637 0.11790161197818584 9
1739448918641 0.06770534052206284 10
1739448918644 0.1011585915388577 11
1739448918647 0.20647938220665035 12
1739448918651 0.22028181143166406 13
1739448918656 0.2744028933271608 14
1739448918659 0.07530018263179986 15
1739448918662 0.06127441669017123 16
1739448918666 0.8127384434747339 17
1739448918670 0.11325337348142371 18
1739448918674 0.5377048490219538 19
1739448918677 0.09902305551223155 20
1739448918680 0.19480921472435825 21
1739448918683 0.09445468048929155 22
1739448918688 0.0170401652578507 23
1739448918693 0.030677851795894613 24
1739448918696 0.008868513387590465 25
1739448918699 0.18087194388811748 26
1739448918703 0.05438549794670876 27
1739448918708 0.16360415965699665 28
1739448918711 0.05753550620972637 29
1739448918714 0.0188394628040668 30
1739448918717 0.07605940492230454 31
1739448918722 0.029143854415681528 32
1739448918726 0.506176191476204 33
1739448918730 0.13042806898572015 34
1739448918733 0.08213080367211079 35
1739448918737 0.007160501384448965 36
1739448918741 0.017601183502332748 37
1739448918744 0.02688466120740474 38
1739448918747 0.03291276983665202 39
1739448918751 0.4903787485243362 40
1739448918755 0.12912578664725302 41
1739448918759 0.03376542045956659 42
1739448918762 0.24015502048992032 43
1739448918766 0.11115402995300067 44
1739448918770 0.17315643932219177 45
1739448918774 0.0480954788989955 46
1739448918777 0.04877270445589922 47
1739448918780 0.05091235568404603 48
1739448918784 0.10007789772389875 49
1739448918789 0.062417075777961066 50
1739448918794 0.12583579968213154 51
1739448918797 0.033593301748525435 52
1739448918802 0.1667694594511607 53
1739448918808 0.17307352415805144 54
1739448918811 0.1978552309859674 55
1739448918814 0.15716836464423545 56
1739448918819 0.043851926431508884 57
1739448918823 0.06423472197371033 58
1739448918826 0.356401447556949 59
1739448918830 0.1317335779855841 60
1739448918832 0.4567953962604676 61
1739448918837 0.027701257665376438 62
1739448918841 0.10945368482296083 63
