1739449379948 82.55021083223723 0
1739449379951 28.57624484385093 1
1739449379955 1.230529597331973 2
1739449379958 0.06978267362908955 3
1739449379962 0.06639966851352831 4
1739449379965 0.02201889411053757 5
1739449379968 0.20406403321504277 6
1739449379971 0.07961269404696623 7
1739449379973 0.07047875881472801 8
1739449379978 0.08323635164938288 9
1739449379981 0.0806591925376661 10
1739449379985 0.07601972642058631 11
1739449379991 0.05854707442681312 12
1739449379998 0.15736578463904183 13
1739449380001 0.018297600051626128 14
1739449380004 0.09981473215520353 15
1739449380007 0.5817409297051163 16
1739449380011 0.13053424062972974 17
1739449380015 0.03282564117755728 18
1739449380018 0.058059764556986054 19
1739449380020 0.05093267842858486 20
1739449380023 0.25468963498781866 21
1739449380027 0.06128366874745975 22
1739449380031 0.031588045786459455 23
1739449380033 0.048612286320914244 24
1739449380036 0.041137622446744994 25
1739449380039 0.03769067257498183 26
1739449380043 0.11284591879845232 27
1739449380047 0.1466783875601277 28
1739449380050 0.017675997127729517 29
1739449380053 0.0922218598985392 30
1739449380056 0.049269804067836466 31
1739449380059 0.13057495451413884 32
1739449380063 0.1127510864032558 33
1739449380065 0.0343472957899738 34
1739449380068 0.015018113270438237 35
1739449380071 0.06177054754414861 36
1739449380074 0.4483148900502206 37
1739449380078 0.24729156822273862 38
1739449380081 0.043765941506285246 39
1739449380083 0.10511276183509778 40
1739449380086 0.4061303916596284 41
1739449380089 0.17178581022887185 42
1739449380092 0.06415851018248364 43
1739449380096 0.35802323469244873 44
1739449380099 0.17131242990656986 45
1739449380102 0.09205529014544798 46
