1739453110402 7.264968079494981e-05 0
1739453110496 0.47146845377078145 1
1739453110590 0.009593491038754105 2
1739453110687 0.18901465542185597 3
1739453110787 0.00017409259407739412 4
1739453110882 0.01954985177041331 5
1739453110976 0.010471668431021628 6
1739453111069 0.06893134655145135 7
1739453111166 0.013829563010969137 8
1739453111262 0.0004217741159776495 9
1739453111356 0.016619902576334222 10
1739453111450 0.5669353386673747 11
1739453111560 0.007662138756941384 12
1739453111659 0.027626673445046192 13
1739453111759 0.0007889291668689259 14
1739453111854 0.46659977358608246 15
1739453111948 0.442470773875064 16
1739453112042 0.059556843926918714 17
1739453112134 0.029277319306754927 18
1739453112227 0.534300135330997 19
1739453112321 0.19728387123850405 20
1739453112428 0.0028622387199477386 21
1739453112523 0.021530818410417187 22
1739453112619 0.005128479781422703 23
1739453112713 1.6114416054681302 24
1739453112810 0.1863257259064003 25
1739453112905 0.15864513230640168 26
1739453113001 0.03532096243541322 27
1739453113096 0.003325549674108912 28
1739453113192 0.008947733115739284 29
1739453113287 0.012577866219740066 30
1739453113399 0.8773377658835791 31
1739453113501 0.007033584772337545 32
1739453113594 0.12305163560033543 33
1739453113689 0.03603435303962075 34
1739453113788 0.33338836073106515 35
1739453113886 0.0013616198790023081 36
1739453113983 0.30447484557431226 37
1739453114086 0.7586139252514291 38
1739453114184 0.17548206192394677 39
1739453114281 0.07570091064990601 40
1739453114379 0.10811423132467071 41
