1739451667561 168.90082104802957 0
1739451667564 168.03470853230382 1
1739451667566 167.17075921250418 2
1739451667572 166.30899512812994 3
1739451667575 165.44943170744207 4
1739451667578 164.59207969026062 5
1739451667580 163.73694651942287 6
1739451667583 162.88403733287527 7
1739451667588 162.0333556639614 8
1739451667593 161.18490393231727 9
1739451667596 160.3386837863083 10
1739451667600 159.4946963410722 11
1739451667607 158.65294234357262 12
1739451667611 157.81342228683013 13
1739451667614 156.97613648886798 14
1739451667619 156.14108514721238 15
1739451667625 155.30826837648536 16
1739451667629 154.47768623431693 17
1739451667632 153.64933873919534 18
1739451667637 152.8232258827576 19
1739451667642 151.9993476382483 20
1739451667645 151.17770396633824 21
1739451667648 150.35829481912592 22
1739451667654 149.54112014288788 23
1739451667659 148.72617987996847 24
1739451667662 147.91347397007794 25
1739451667665 147.10300235118333 26
1739451667671 146.29476496012023 27
1739451667676 145.48876173301198 28
1739451667679 144.68499260555745 29
1739451667682 143.8834575132279 30
1739451667687 143.0841563914021 31
1739451667693 142.2870891754585 32
1739451667696 141.49225580083842 33
1739451667699 140.69965620308918 34
1739451667706 139.90929031789358 35
1739451667710 139.12115808108976 36
1739451667714 138.33525942868502 37
1739451667720 137.5515942968649 38
1739451667726 136.77016262199945 39
1739451667730 135.99096434064745 40
1739451667732 135.213999389559 41
1739451667737 134.4392677056777 42
1739451667742 133.6667692261414 43
1739451667746 132.89650388828318 44
1739451667750 132.12847162963175 45
1739451667756 131.36267238791152 46
1739451667760 130.59910610104285 47
1739451667764 129.837772707142 48
1739451667768 129.07867214452085 49
1739451667774 128.32180435168706 50
1739451667778 127.56716926734379 51
1739451667782 126.81476683038932 52
1739451667791 126.0645969799172 53
1739451667795 125.31665965521586 54
1739451667798 124.57095479576843 55
1739451667804 123.82748234125245 56
1739451667808 123.08624223153974 57
1739451667811 122.34723440669623 58
1739451667814 121.6104588069816 59
1739451667817 120.87591537284914 60
1739451667822 120.14360404494546 61
1739451667826 119.41352476411045 62
1739451667829 118.68567747137675 63
1739451667831 117.96006210796975 64
1739451667833 117.23667861530727 65
1739451667839 116.51552693499946 66
1739451667843 115.79660700884828 67
1739451667845 115.0799187788476 68
1739451667847 114.36546218718274 69
1739451667849 113.6532371762304 70
1739451667853 112.94324368855828 71
1739451667857 112.23548166692491 72
1739451667860 111.52995105427941 73
1739451667862 110.82665179376131 74
1739451667864 110.12558382870021 75
1739451667866 109.42674710261561 76
1739451667872 108.73014155921673 77
1739451667875 108.0357671424021 78
1739451667878 107.34362379625944 79
1739451667880 106.65371146506546 80
1739451667882 105.96603009328555 81
1739451667886 105.2805796255735 82
1739451667891 104.59736000677132 83
1739451667894 103.91637118190906 84
1739451667896 103.23761309620441 85
1739451667898 102.56108569506259 86
1739451667901 101.88678892407604 87
1739451667906 101.21472272902419 88
1739451667909 100.54488705587318 89
1739451667911 99.87728185077572 90
1739451667913 99.21190706007073 91
1739451667915 98.5487626302831 92
1739451667919 97.88784850812351 93
1739451667923 97.22916464048815 94
1739451667926 96.57271097445843 95
1739451667928 95.91848745730077 96
1739451667931 95.26649403646637 97
1739451667933 94.61673065959086 98
1739451667937 93.96919727449416 99
