1739453054980 134.26949156001754 0
1739453054988 120.63249202294746 1
1739453054996 105.05666071013373 2
1739453055003 84.00174253031426 3
1739453055007 66.21990150681401 4
1739453055014 51.94971380348333 5
1739453055021 40.112954753393396 6
1739453055025 28.333313880214575 7
1739453055033 17.961388727493134 8
1739453055038 11.60631557376914 9
1739453055042 6.396053788174565 10
1739453055048 1.8434489247819303 11
1739453055052 0.30900001818454603 12
1739453055056 0.1817314489690256 13
1739453055060 0.10309494737263498 14
1739453055065 0.17573670516215792 15
1739453055069 0.13070556854099524 16
1739453055073 0.17224185058013491 17
1739453055078 0.07217840382528824 18
