1739451122803 39.37534578922548 0
1739451122811 0.1703964763755445 1
1739451122820 0.2246645429044512 2
1739451122825 0.1603088043346152 3
1739451122832 0.15953466069749075 4
1739451122838 0.12073043442105935 5
1739451122842 0.2059789811301272 6
1739451122846 0.18278953444014084 7
1739451122851 0.3263526169923635 8
1739451122855 0.16143532061246152 9
1739451122859 0.10302027632376771 10
1739451122864 0.09983067345234732 11
1739451122869 0.0782419577878992 12
1739451122873 0.1401720832058691 13
1739451122879 0.1249777702616969 14
1739451122886 0.2428114966970369 15
1739451122892 0.22970877397556433 16
1739451122899 0.2481719519437339 17
1739451122905 0.13002432674941594 18
1739451122910 0.15306978972497604 19
1739451122916 0.16755926749953942 20
1739451122922 0.06948671005018689 21
1739451122927 0.2047104993561443 22
1739451122933 0.04838997329324782 23
1739451122939 0.16219793927487114 24
1739451122942 0.2902117154707372 25
1739451122946 0.16202981335388264 26
1739451122952 0.12219477098052434 27
1739451122957 0.1763225778714977 28
1739451122960 0.07876975498015377 29
1739451122965 0.21900067435869291 30
1739451122972 0.10343574532760731 31
1739451122976 0.12403637362850706 32
1739451122980 0.46235712011753805 33
1739451122987 0.1674908128011345 34
1739451122992 0.1664105973469347 35
1739451122996 0.2726066346772131 36
1739451123003 0.09240047593196038 37
1739451123008 0.1263123110965712 38
1739451123012 0.1264827596146537 39
1739451123019 0.17768984871951948 40
1739451123025 0.20547515530038124 41
1739451123029 0.13723891934128502 42
1739451123035 0.109772641028218 43
1739451123040 0.044242590302727765 44
1739451123044 0.08272856079101647 45
1739451123049 0.15012210456584082 46
1739451123054 0.18260080159143563 47
1739451123059 0.2865917997338115 48
1739451123062 0.17737172420307507 49
1739451123068 0.14483847597731392 50
