1739448865711 168.1591033907739 0
1739448865714 115.23619045537635 1
1739448865717 104.08971510833409 2
1739448865720 77.70608953610436 3
1739448865724 65.2979612805724 4
1739448865727 46.39960842726803 5
1739448865729 39.33706815556167 6
1739448865732 22.236609028191065 7
1739448865735 15.21146898698833 8
1739448865738 7.518001305977486 9
1739448865742 3.7686212871036147 10
1739448865744 0.4248849126014854 11
1739448865747 0.8622052945221851 12
1739448865750 0.17129947832404344 13
1739448865753 0.07969745594778843 14
1739448865756 0.08426398268184965 15
1739448865759 0.11804281881297916 16
