1739450300388 139.85400909228252 0
1739450300392 114.82244251651169 1
1739450300397 97.38502842538993 2
1739450300400 77.61495752431357 3
1739450300403 57.37412690880917 4
1739450300406 42.94606534870221 5
1739450300412 29.27188729258202 6
1739450300416 17.56643252476285 7
1739450300419 11.181426441653965 8
1739450300422 3.796344042439265 9
1739450300426 1.0655888353955352 10
1739450300432 0.3303608858099466 11
1739450300435 0.15158415200412798 12
1739450300439 0.06920574561511904 13
1739450300444 0.05390338014553736 14
1739450300448 0.19602656904228327 15
1739450300452 0.24439772034503546 16
1739450300455 0.08552409252502904 17
1739450300459 0.1191784763198912 18
1739450300465 0.1404494429189135 19
1739450300469 0.12382866571238786 20
1739450300472 0.10459336505397555 21
1739450300478 0.09745068686091604 22
1739450300482 0.059176027878846724 23
1739450300485 0.11570853146409713 24
1739450300489 0.2759569967769642 25
1739450300493 0.09827755835485531 26
1739450300499 0.19740008454004124 27
1739450300505 0.11754769708877227 28
1739450300510 0.11666046453212928 29
1739450300516 0.06270765785179384 30
1739450300521 0.15703415667649873 31
1739450300526 0.12898375066734916 32
1739450300532 0.07230477473365288 33
1739450300538 0.19695500708227198 34
1739450300548 0.15062321975932869 35
1739450300553 0.23175021452787595 36
1739450300559 0.06803314671833542 37
1739450300567 0.0861390186805129 38
1739450300574 0.09364395982626295 39
