1739450655606 139.32370597142494 0
1739450655611 119.63667548837599 1
1739450655615 89.60265943649763 2
1739450655619 71.53679106154367 3
1739450655624 57.47179368607484 4
1739450655630 39.999307160442854 5
1739450655633 26.83909940971933 6
1739450655636 16.59141442239448 7
1739450655640 10.126866408376136 8
1739450655647 3.368928076448863 9
1739450655651 0.7683527621945606 10
1739450655655 0.1884727225084355 11
1739450655661 0.1551561135706329 12
1739450655665 0.18376802437063214 13
1739450655668 0.11700156050912353 14
1739450655670 0.07521444284302715 15
