1739451580085 35.71222622502416 0
1739451580091 0.08346670740953564 1
1739451580097 0.16900460819301616 2
1739451580101 0.18618139924933072 3
1739451580106 0.12789718091934194 4
1739451580114 0.09447400212516256 5
1739451580119 0.09442679673329557 6
1739451580125 0.2765390910256964 7
1739451580132 0.22390461409833828 8
1739451580138 0.3073584289514993 9
1739451580145 0.16790796820766202 10
1739451580151 0.2609711203405157 11
1739451580156 0.10497887239662809 12
1739451580165 0.1849677013613118 13
1739451580170 0.26455584629518497 14
1739451580176 0.24797851792658054 15
1739451580182 0.117148496543074 16
