1739453045237 169.01961904378464 0
1739453045240 168.33176530618744 1
1739453045242 167.02995081610302 2
1739453045249 165.18473128282577 3
1739453045253 162.8627356882908 4
1739453045257 160.12632502916003 5
1739453045263 157.0334371299092 6
1739453045267 153.6375687985824 7
1739453045270 149.98785728568478 8
1739453045272 146.12923151717797 9
1739453045274 142.10261033164247 10
1739453045278 137.9451303046344 11
1739453045283 133.69038996893767 12
1739453045285 129.36870056274998 13
1739453045288 125.00733604009866 14
1739453045291 120.63077710483219 15
1739453045295 116.26094559860329 16
1739453045300 111.91742677843268 17
1739453045302 107.61767793606893 18
1739453045305 103.37722249967109 19
1739453045307 99.2098292663324 20
1739453045309 95.12767677973659 21
1739453045315 91.14150312087041 22
1739453045318 87.26074154475782 23
1739453045320 83.49364249083797 24
1739453045323 79.84738253266748 25
1739453045325 76.32816082416905 26
1739453045329 72.94128355157466 27
1739453045334 69.69123681663257 28
1739453045337 66.58174825915363 29
1739453045339 63.61583757484728 30
1739453045341 60.795855894867444 31
1739453045345 58.12351376218096 32
1739453045348 55.599897161816365 33
1739453045351 53.225470733894866 34
1739453045353 51.00006692299444 35
1739453045355 48.92285941337434 36
1739453045357 46.99231881904262 37
1739453045361 45.20614835937773 38
1739453045364 43.56119739711536 39
1739453045366 42.0533516987309 40
1739453045369 40.67740186946222 41
1739453045371 39.42689676991672 42
1739453045373 38.29399818567262 43
1739453045376 37.26936728011453 44
1739453045379 36.34213044445799 45
1739453045382 35.49998472949872 46
1739453045384 34.72949793310721 47
1739453045386 34.01662356569183 48
1739453045389 33.34738964848879 49
1739453045391 32.70865895891864 50
1739453045394 32.08883103430663 51
1739453045397 31.47837677822818 52
1739453045400 30.87014859789673 53
1739453045402 30.259463742956918 54
1739453045404 29.643996063610288 55
1739453045406 29.02352744509015 56
1739453045409 28.399610065337054 57
1739453045413 27.775181908405067 58
1739453045415 27.154166469030155 59
1739453045417 26.541076677269018 60
1739453045420 25.940634340535066 61
1739453045423 25.35741052458656 62
1739453045425 24.795489750615705 63
1739453045429 24.258162353981767 64
1739453045432 23.747655690194506 65
1739453045435 23.26492624311747 66
1739453045438 22.809548367796477 67
1739453045441 22.379743119533014 68
1739453045444 21.972579476877748 69
1739453045447 21.584342443359073 70
1739453045450 21.211009324314478 71
1739453045452 20.84873657643327 72
1739453045454 20.494259043559218 73
1739453045456 20.145137959903728 74
1739453045458 19.799840285635604 75
1739453045462 19.457668434773144 76
1739453045465 19.118579103025116 77
1739453045467 18.782936335785905 78
1739453045469 18.451243766361 79
1739453045472 18.12389853227622 80
1739453045474 17.80100530523981 81
1739453045476 17.482280428635796 82
1739453045480 17.167060134679282 83
1739453045482 16.854403817732113 84
1739453045484 16.54326019796132 85
1739453045487 16.232650665970358 86
1739453045489 15.921825650886122 87
1739453045491 15.610363881195598 88
1739453045494 15.298203172403298 89
1739453045497 14.985607793833802 90
1739453045500 14.673088236219577 91
1739453045502 14.361294323617523 92
1739453045504 14.05090345741829 93
1739453045506 13.742523585008602 94
1739453045509 13.436625869531678 95
1739453045512 13.133515325816752 96
1739453045515 12.833339586345009 97
1739453045517 12.536127983045347 98
1739453045520 12.241847309009628 99
