1739449392064 83.98912418747224 0
1739449392070 22.699699906658537 1
1739449392073 1.1979741799861383 2
1739449392078 0.09121336926943767 3
1739449392081 0.11822948536147233 4
1739449392084 0.06343927128789238 5
1739449392087 0.23240375352671433 6
1739449392090 0.07860880927753514 7
1739449392094 0.16698824820760788 8
1739449392097 0.06913805499291001 9
1739449392100 0.07545487961121708 10
1739449392103 0.08577430057070086 11
1739449392105 0.1821556408584473 12
1739449392108 0.12854557559603713 13
1739449392111 0.08052206199300635 14
1739449392114 0.09453277592912503 15
1739449392117 0.04227346892359527 16
1739449392120 0.013434880513459136 17
1739449392123 0.23704478734816078 18
1739449392127 0.07251416047996109 19
1739449392132 0.08460210543001478 20
1739449392136 0.05103412548734907 21
1739449392139 0.15345698570180918 22
1739449392144 0.049599656297243916 23
1739449392149 0.04295033302218771 24
1739449392152 0.013736249554692995 25
1739449392155 0.08570983072472967 26
1739449392160 0.16481295427967402 27
1739449392167 0.04889983752548662 28
1739449392171 0.06124502351655745 29
1739449392175 0.021263139738721605 30
1739449392179 0.06974923959792173 31
1739449392182 0.06693141797582462 32
1739449392185 0.10659575567810206 33
1739449392188 0.08490337043367122 34
1739449392191 0.04642388264331102 35
1739449392195 0.059165095803184194 36
1739449392198 0.10626180208897106 37
1739449392201 0.4830604120019087 38
1739449392203 0.026754430626413753 39
1739449392206 0.09567631129136642 40
1739449392210 0.056353601882680085 41
1739449392214 0.14435403312683673 42
1739449392216 0.061291976349363536 43
1739449392219 0.1579891987126187 44
1739449392221 0.06689684399664826 45
1739449392225 0.3337750716707592 46
1739449392232 0.12253279900321526 47
1739449392236 0.07189919456036495 48
1739449392241 0.06073736750830136 49
1739449392245 0.1709696841716595 50
1739449392250 0.1595190718698175 51
1739449392256 0.44303883628830715 52
1739449392261 0.06143387109688885 53
1739449392267 0.022021358684026077 54
1739449392271 0.11768051938303054 55
1739449392275 0.4776237016570623 56
1739449392280 0.23762067755138247 57
1739449392285 0.2801017579990839 58
1739449392289 0.2504534282374857 59
1739449392292 0.07717898817727174 60
1739449392297 0.495606676772194 61
1739449392301 0.017018840273736333 62
1739449392304 0.10406728693089212 63
1739449392306 0.1674703916050304 64
1739449392311 0.04051430118862682 65
1739449392314 0.14890874005736937 66
1739449392317 0.06399167741785314 67
1739449392320 0.047875502544104616 68
1739449392323 0.18320149739928138 69
1739449392327 0.04237969934410733 70
1739449392332 0.1022240272689917 71
1739449392335 0.9201866881986214 72
1739449392338 0.11288671489821739 73
1739449392341 0.1095348057325323 74
1739449392345 0.025881902770812572 75
1739449392349 0.16169641259346426 76
1739449392352 0.06031640255052052 77
1739449392355 0.018946588490259497 78
1739449392358 0.0361655335991507 79
1739449392362 0.054219596277407175 80
1739449392365 0.0663222948984456 81
1739449392368 0.016402131420778475 82
1739449392371 0.5741470336771776 83
1739449392374 0.053467087905981724 84
1739449392379 0.2871330664449425 85
1739449392382 0.04241198453403783 86
1739449392385 0.1299257687226466 87
1739449392388 0.020382578102519578 88
1739449392391 0.027033651748218646 89
1739449392396 0.12795812323897066 90
1739449392399 0.2848116434686737 91
1739449392402 0.06405235862851008 92
1739449392405 0.651227172155268 93
1739449392408 0.06745954377796669 94
1739449392412 0.38096126874112674 95
1739449392415 0.258291821275209 96
1739449392419 0.05710482943113754 97
