1739449392519 86.91351001854368 0
1739449392522 23.867097387057054 1
1739449392525 0.5577827311735489 2
1739449392530 0.06112654710174629 3
1739449392533 0.08910112513510295 4
1739449392536 0.04673622146480527 5
1739449392539 0.13828896262427823 6
1739449392543 0.034695981661451075 7
1739449392547 0.12449390521918552 8
1739449392550 0.03640869745031782 9
1739449392552 0.1788787646004857 10
1739449392555 0.054635766771173495 11
1739449392558 0.055257245347598405 12
1739449392563 0.035293544969179455 13
1739449392566 0.10932463995483341 14
1739449392569 0.3324364758319427 15
1739449392571 0.055278529288614986 16
1739449392575 0.19370873348027667 17
1739449392579 0.288127156271988 18
1739449392582 0.2718468973849831 19
1739449392585 0.11957194935632899 20
1739449392588 0.46371244575689974 21
1739449392592 0.16531874376257222 22
1739449392596 0.03557725479964547 23
1739449392600 0.3855041460051831 24
1739449392602 0.058696297367365355 25
1739449392605 0.02957506575029458 26
1739449392608 0.022568189112468676 27
