1739451662815 168.91119730653813 0
1739451662820 167.92861055878413 1
1739451662827 166.94869879470602 2
1739451662831 165.9722638302557 3
1739451662836 164.99954161643404 4
1739451662841 164.0306010402709 5
1739451662844 163.06546170294223 6
1739451662847 162.10412866763622 7
1739451662849 161.1466027057544 8
1739451662856 160.19288331703837 9
1739451662860 159.24296961940013 10
1739451662862 158.29686061093753 11
1739451662865 157.3545552469882 12
1739451662870 156.41605246270873 13
1739451662875 155.4813511796145 14
1739451662878 154.55045030739723 15
1739451662880 153.62334874435146 16
1739451662883 152.70004537739013 17
1739451662888 151.7805390819375 18
1739451662891 150.86482872178388 19
1739451662894 149.95291314892773 20
1739451662897 149.04479120341114 21
1739451662899 148.14046171315235 22
1739451662903 147.2399234937743 23
1739451662907 146.3431753484308 24
1739451662910 145.45021606762896 25
1739451662912 144.56104442904888 26
1739451662914 143.67565919736018 27
1739451662917 142.79405912403493 28
1739451662922 141.91624294715754 29
1739451662926 141.04220939123104 30
1739451662928 140.17195716698023 31
1739451662930 139.3054849711506 32
1739451662933 138.44279148630457 33
1739451662938 137.58387538061308 34
1739451662942 136.72873530764403 35
1739451662945 135.8773699061467 36
1739451662947 135.02977779983198 37
1739451662949 134.18595759714898 38
1739451662953 133.3459078910572 39
1739451662958 132.5096272587946 40
1739451662961 131.67711426164132 41
1739451662964 130.84836744467927 42
1739451662966 130.02338533654665 43
1739451662971 129.20216644918864 44
1739451662975 128.38470927760272 45
1739451662978 127.57101229957968 46
1739451662981 126.7610739754394 47
1739451662984 125.9548927477619 48
1739451662989 125.15246704111297 49
1739451662992 124.35379526176496 50
1739451662995 123.55887579741182 51
1739451662997 122.7677070168789 52
1739451663001 121.98028726982726 53
1739451663007 121.19661488645185 54
1739451663010 120.41668817717435 55
1739451663015 119.64050543232979 56
1739451663021 118.86806492184688 57
1739451663026 118.09936489492254 58
1739451663028 117.3344035796896 59
1739451663030 116.5731791828782 60
1739451663033 115.8156898894704 61
1739451663038 115.0619338623481 62
1739451663042 114.31190924193375 63
1739451663045 113.56561414582407 64
1739451663047 112.82304666841631 65
1739451663050 112.08420488052708 66
1739451663054 111.34908682900367 67
1739451663058 110.61769053632715 68
1739451663061 109.89001400020769 69
1739451663064 109.16605519317179 70
1739451663066 108.44581206214075 71
1739451663071 107.72928252800072 72
1739451663075 107.01646448516404 73
1739451663078 106.30735580112136 74
1739451663080 105.60195431598456 75
1739451663082 104.90025784202038 76
1739451663086 104.2022641631742 77
1739451663091 103.50797103458397 78
1739451663093 102.81737618208392 79
1739451663096 102.13047730169808 80
1739451663099 101.44727205912298 81
1739451663103 100.7677580891995 82
1739451663108 100.09193299537357 83
1739451663111 99.4197943491455 84
1739451663114 98.75133968950749 85
1739451663116 98.08656652236938 86
1739451663122 97.4254723199718 87
1739451663125 96.76805452028707 88
1739451663128 96.11431052640702 89
1739451663130 95.46423770591777 90
1739451663133 94.81783339026076 91
1739451663138 94.17509487408027 92
1739451663142 93.5360194145565 93
1739451663144 92.90060423072427 94
1739451663147 92.26884650277667 95
1739451663149 91.64074337135374 96
1739451663153 91.01629193681522 97
1739451663157 90.39548925849756 98
1739451663160 89.77833235395433 99
