1739448865164 143.30292169698302 0
1739448865170 132.6955892139806 1
1739448865178 105.46147022173406 2
1739448865184 90.10250154344021 3
1739448865188 72.13834481579491 4
1739448865192 45.694585836444716 5
1739448865194 36.032605481787314 6
1739448865197 26.688314082838907 7
1739448865200 15.03677276817218 8
1739448865203 9.815601948702634 9
1739448865208 3.6681038857808588 10
1739448865211 0.8958730096837466 11
1739448865214 0.1483500497866269 12
1739448865217 0.04973026643281935 13
1739448865221 0.12562473878327354 14
1739448865225 0.1499365964104964 15
1739448865228 0.21834181530446495 16
1739448865232 0.16097444482452927 17
1739448865236 0.04707731200155564 18
1739448865240 0.05837543693458542 19
1739448865244 0.003639258721130497 20
1739448865247 0.15958333097140195 21
1739448865250 0.08643675551578822 22
1739448865255 0.13893755505160912 23
1739448865258 0.07514379228396305 24
