1739453058494 115.50434709436847 0
1739453058499 67.83824490169286 1
1739453058503 39.080798864620704 2
1739453058506 38.57601911876981 3
1739453058511 25.509761380946998 4
1739453058516 16.744654162698026 5
1739453058520 15.409838332022124 6
1739453058524 20.053141025743024 7
1739453058529 6.5470527159169 8
1739453058533 12.061968754024718 9
1739453058537 14.7848241737947 10
1739453058541 7.4447812486931655 11
1739453058547 5.086679353097389 12
1739453058551 6.449364854829622 13
1739453058555 3.5843869984574233 14
1739453058559 3.4999765410639 15
1739453058564 2.2708008132356436 16
1739453058568 2.732392381523608 17
1739453058572 1.0588629644913714 18
1739453058576 0.8692375944478421 19
1739453058581 0.5777108149109849 20
1739453058585 0.5418848225141556 21
1739453058589 0.465367497551575 22
1739453058593 0.47999899007779556 23
1739453058598 0.2106427037695056 24
1739453058602 0.21652177413359103 25
1739453058605 0.2734802878561887 26
1739453058609 0.17597597578360263 27
1739453058614 0.13861323108293475 28
1739453058618 0.10147541211160356 29
1739453058621 0.10960191040645592 30
1739453058625 0.2672167595663363 31
1739453058630 0.12559122820311713 32
1739453058635 0.10930110392756658 33
1739453058638 0.12449546961166395 34
1739453058643 0.17217167279392248 35
1739453058649 0.08437239682277407 36
1739453058653 0.08684033665050465 37
1739453058657 0.20694281081364388 38
1739453058662 0.099107046837828 39
1739453058667 0.09052940688163477 40
1739453058671 0.2631876981023352 41
1739453058675 0.10010358502957657 42
1739453058682 0.09878691378822606 43
1739453058686 0.04165976620980878 44
1739453058690 0.0701165765689448 45
1739453058694 0.10838111808025544 46
1739453058700 0.08027160589091778 47
1739453058704 0.07806905176017788 48
