1739452088513 43.591387869902896 0
1739452088521 0.15485115580607856 1
1739452088525 0.12406317230509997 2
1739452088532 0.17724505397224335 3
1739452088540 0.10255021501823752 4
1739452088546 0.152939599956124 5
1739452088552 0.1911657837596317 6
1739452088558 0.14136983856953658 7
1739452088563 0.13001305545455624 8
1739452088571 0.1802648527758864 9
1739452088575 0.18287339666112787 10
1739452088583 0.162844396748169 11
1739452088589 0.2730180148828366 12
1739452088593 0.19705204722551325 13
1739452088601 0.11560637648122443 14
1739452088607 0.12739371472538338 15
1739452088614 0.09698068889286608 16
1739452088621 0.23098444627017822 17
1739452088626 0.13155621911212106 18
1739452088633 0.06360003459471174 19
1739452088640 0.17171795936437095 20
1739452088645 0.12486019144231147 21
1739452088654 0.12468772035245523 22
1739452088659 0.11760103028474711 23
1739452088668 0.16561163837263382 24
1739452088674 0.07835620036679221 25
1739452088681 0.1702019297891731 26
1739452088688 0.139355953216281 27
1739452088693 0.17950951004979845 28
1739452088703 0.10490802197426326 29
1739452088708 0.19381491476637647 30
1739452088716 0.19582635056663805 31
1739452088723 0.11003943402895892 32
1739452088729 0.06006447415706653 33
1739452088737 0.14177783251987927 34
1739452088742 0.07409156286397592 35
1739452088750 0.18426965972994486 36
1739452088756 0.13247050138741667 37
1739452088760 0.14548115954268942 38
1739452088768 0.17960942000423774 39
1739452088774 0.09102161030717576 40
1739452088781 0.10300406412003828 41
1739452088788 0.12058515783839581 42
1739452088794 0.1922528714489678 43
1739452088803 0.11701034899396785 44
1739452088809 0.09558910271642869 45
1739452088816 0.039847890634763364 46
1739452088822 0.13313353131845304 47
1739452088826 0.21998217063632686 48
1739452088834 0.06191995517950864 49
1739452088839 0.12154696276248433 50
1739452088844 0.10542900103251043 51
1739452088852 0.0959869076613858 52
1739452088856 0.0929518190115018 53
1739452088861 0.15972651567664042 54
1739452088869 0.21262136962563602 55
1739452088875 0.08355982685561968 56
1739452088883 0.07507659004020094 57
1739452088892 0.2695267681790864 58
1739452088900 0.18594883321261782 59
1739452088907 0.07639116651213167 60
1739452088916 0.24422789302594414 61
1739452088922 0.06051092442076213 62
1739452088926 0.0673794208035251 63
1739452088935 0.1123458313695056 64
1739452088940 0.1579472812679148 65
1739452088946 0.17736435065148656 66
1739452088955 0.11928302176852892 67
1739452088960 0.12051952565186129 68
1739452088969 0.11256432163425797 69
1739452088975 0.18146490367268747 70
1739452088982 0.06981194249685663 71
1739452088989 0.15074583566233396 72
1739452088993 0.062489651722085954 73
1739452089003 0.20882569781241386 74
1739452089008 0.14112173907616277 75
1739452089014 0.14930508966064546 76
1739452089021 0.1456221418401854 77
1739452089026 0.24666568628256305 78
1739452089034 0.1808696013352361 79
1739452089039 0.12314682014352292 80
1739452089043 0.19312221766865112 81
1739452089051 0.16680646129632193 82
1739452089056 0.08082309764870758 83
1739452089061 0.15874952612653395 84
1739452089069 0.1930680807969205 85
1739452089074 0.26044766807147485 86
1739452089079 0.15902375293119947 87
1739452089087 0.24581994642021682 88
1739452089091 0.14569028372727028 89
1739452089098 0.14880831862685312 90
1739452089105 0.22544053434265088 91
1739452089109 0.26966321468041365 92
1739452089115 0.058964084447679144 93
1739452089121 0.18141192173610732 94
1739452089126 0.09868985242394712 95
1739452089133 0.07441943854568292 96
1739452089138 0.08256970979136129 97
1739452089143 0.20253435924088722 98
1739452089150 0.18997592523929652 99
