1739449765518 53.7957508930178 0
1739449765522 18.53454216122453 1
1739449765526 22.39850120474585 2
1739449765529 13.145476954042925 3
1739449765532 4.858147108679561 4
1739449765535 1.239788513209541 5
1739449765538 0.38469068420241437 6
1739449765543 0.32501054613314534 7
1739449765546 0.16635985138018652 8
1739449765549 0.183481505503617 9
1739449765552 0.13281018827112823 10
1739449765556 0.23923793045957653 11
1739449765560 0.14775148212175862 12
1739449765563 0.05702406276063802 13
1739449765565 0.16479230117762453 14
1739449765568 0.15594915197244907 15
1739449765572 0.07357406255260171 16
1739449765577 0.09919144519484581 17
1739449765579 0.13322711866682319 18
1739449765583 0.19518356459851458 19
1739449765585 0.08946317690086382 20
1739449765591 0.07141465123507505 21
1739449765594 0.11258090504730298 22
1739449765597 0.07536415101585917 23
1739449765600 0.14993642655740733 24
1739449765603 0.13180442937460043 25
1739449765608 0.1160997466585277 26
1739449765613 0.3226632403835817 27
1739449765616 0.13160381657817205 28
1739449765620 0.09699361522142973 29
1739449765626 0.20660554064649647 30
1739449765630 0.12476330121671687 31
1739449765633 0.15170272586072203 32
1739449765637 0.17094422095337072 33
1739449765643 0.17549871115291302 34
1739449765647 0.12438721334261107 35
1739449765650 0.14279251443583854 36
1739449765653 0.1726716178108989 37
