1739451178532 35.29374664825559 0
1739451178537 0.10213090662987344 1
1739451178541 0.09727198822642492 2
1739451178547 0.345405919592577 3
1739451178553 0.12357310111609959 4
1739451178557 0.15369316215770953 5
1739451178562 0.048755491858853126 6
1739451178568 0.11572633990830365 7
1739451178572 0.15669285138105962 8
1739451178576 0.12802221271302336 9
1739451178582 0.08378342073631667 10
1739451178587 0.1577636458558893 11
1739451178591 0.21559537746516644 12
1739451178601 0.11917527799806994 13
1739451178606 0.09661835567430928 14
1739451178610 0.1059037587634454 15
1739451178615 0.10640352173737008 16
1739451178620 0.10974453480483064 17
1739451178624 0.15311977456086942 18
1739451178628 0.062471243815344114 19
1739451178634 0.15144106356567502 20
1739451178638 0.10610124855839696 21
1739451178645 0.18054777530482613 22
1739451178652 0.12779720567746505 23
1739451178657 0.08518612360400614 24
1739451178663 0.14966658395144608 25
1739451178669 0.13099991407214528 26
1739451178673 0.12055393964128999 27
1739451178680 0.21633803671797042 28
1739451178687 0.1016045237445547 29
1739451178692 0.24962200782100855 30
1739451178699 0.09731334210521657 31
