1739453137774 14.516521263755862 0
1739453137862 0.014521006274127921 1
1739453137953 0.17305066631279029 2
1739453138040 0.044941240343697404 3
1739453138127 0.00015734791907860357 4
1739453138212 0.1421774954863132 5
1739453138298 0.04245030351664208 6
1739453138383 0.004175680008779223 7
1739453138469 0.011487229201091088 8
1739453138560 0.26809388224400255 9
1739453138653 0.007690212788738357 10
1739453138747 0.06368014643455386 11
1739453138844 0.11223702464805166 12
1739453138937 0.0055340572395682856 13
1739453139040 0.2239421984420521 14
1739453139198 0.05384889999223677 15
1739453139334 0.24563835263221984 16
1739453139438 1.1496892988399092 17
1739453139546 0.029334775458330006 18
1739453139650 0.05366079229814787 19
1739453139750 0.010423775578215512 20
1739453139872 0.0011754101753377133 21
1739453139995 0.015459989362816187 22
1739453140111 0.015734449379651662 23
1739453140219 6.288592955051707e-06 24
1739453140327 0.22491979512892585 25
1739453140445 0.0009209295044157489 26
1739453140551 0.03236833082696489 27
1739453140653 0.010608672882308566 28
1739453140757 0.018910490151507458 29
1739453140860 0.002124478989769434 30
1739453140965 0.0561815070983807 31
1739453141068 0.0077423439396119035 32
1739453141172 0.06693935051101259 33
1739453141279 0.14070139888669536 34
1739453141414 0.0032498476492092455 35
1739453141576 0.02366516313241326 36
1739453141678 0.23580872771184047 37
1739453141777 0.1345356912580373 38
1739453141878 0.008939515037050568 39
1739453141983 0.08792870950378304 40
1739453142085 0.023741245636205992 41
1739453142186 2.4085913546479154e-05 42
1739453142291 0.005958651586429904 43
1739453142392 0.20275153998265308 44
1739453142494 3.5248066080263594e-05 45
1739453142597 0.017268833787184013 46
1739453142696 0.0035568860532103484 47
1739453142797 0.017779194549918578 48
1739453142898 0.008288615275562579 49
1739453143001 0.9659409859626403 50
1739453143108 0.004669415291528638 51
1739453143215 0.3980842645724423 52
1739453143314 0.019580868390397865 53
1739453143414 0.003208731646861441 54
1739453143515 0.0026641230442060854 55
