1739452041306 41.88142192926216 0
1739452041314 0.16173207048423635 1
1739452041321 0.10373674672387999 2
1739452041327 0.13382220039057321 3
1739452041333 0.0878303705190349 4
1739452041339 0.208367620329094 5
1739452041345 0.18612207223733762 6
1739452041352 0.09585831876028698 7
1739452041358 0.10954234866482167 8
1739452041363 0.07318488533822211 9
1739452041370 0.3151037086275544 10
1739452041375 0.11973048574057846 11
1739452041380 0.10046369434914636 12
1739452041386 0.17112178845456927 13
1739452041392 0.24493574670047236 14
1739452041398 0.10048055939919259 15
1739452041404 0.1036276949503015 16
1739452041410 0.09398586619049129 17
1739452041415 0.12750155415723746 18
1739452041421 0.12599857889959143 19
1739452041426 0.1315243608398611 20
1739452041430 0.09768927457710307 21
1739452041436 0.11178729782819674 22
1739452041441 0.23412474774207398 23
1739452041445 0.070330827927039 24
1739452041452 0.04880779897674216 25
1739452041457 0.19908587257676988 26
1739452041461 0.11490204046029406 27
1739452041468 0.08087896823043968 28
1739452041475 0.1882025589910173 29
1739452041480 0.14917249100414431 30
1739452041488 0.12442158400718031 31
1739452041493 0.1796301960172343 32
1739452041497 0.20363258899372155 33
1739452041505 0.08150297052690483 34
1739452041511 0.17946318330553276 35
1739452041516 0.10727486460614997 36
1739452041524 0.1579240757118622 37
1739452041528 0.197775209428266 38
1739452041535 0.14905640183190116 39
1739452041541 0.09261305233172999 40
1739452041545 0.11412193358359342 41
1739452041553 0.11356247602277834 42
1739452041558 0.1430552245465567 43
1739452041562 0.2287201468568862 44
1739452041568 0.15103532515876786 45
1739452041575 0.11301729959389126 46
1739452041580 0.14221837573972254 47
1739452041587 0.2963014421696647 48
1739452041593 0.12366275681254571 49
1739452041600 0.12024727335516762 50
1739452041607 0.06302908206462372 51
