1739449693653 35.83897848730603 0
1739449693657 27.36664202465129 1
1739449693662 16.55016576624014 2
1739449693667 5.86355869110614 3
1739449693670 3.4383804664047104 4
1739449693673 0.8581091626615149 5
1739449693679 0.43441211385684864 6
1739449693683 0.20992627775017997 7
1739449693686 0.1705384937179339 8
1739449693689 0.11464853950838523 9
1739449693694 0.18705250696328135 10
1739449693698 0.17218095849229917 11
1739449693702 0.1792128049391648 12
1739449693705 0.09942927470870772 13
1739449693709 0.20603535998632103 14
1739449693715 0.22356345879660758 15
1739449693718 0.13444987857449592 16
1739449693722 0.14090946730771012 17
1739449693726 0.18031252818026514 18
1739449693731 0.2625344696398369 19
1739449693734 0.20990632484558144 20
1739449693738 0.3188515005115178 21
1739449693741 0.13993026798637986 22
1739449693746 0.10324691742741139 23
1739449693750 0.10844188839685814 24
1739449693753 0.2185307148399395 25
1739449693756 0.07656048199531099 26
1739449693761 0.14599220469067678 27
1739449693766 0.16470531535842398 28
1739449693769 0.05980368063284361 29
1739449693772 0.09506787086823594 30
1739449693778 0.2068674522549412 31
1739449693782 0.20031035563081231 32
1739449693786 0.14279247063749256 33
1739449693789 0.4903905767090008 34
1739449693793 0.1945998899031387 35
1739449693798 0.29210474260905006 36
1739449693802 0.2518802088577504 37
1739449693805 0.118099674544437 38
1739449693809 0.16439680411013832 39
1739449693815 0.1499445269938513 40
1739449693818 0.07645964464589974 41
1739449693821 0.25267130022806006 42
1739449693825 0.161319143461273 43
1739449693830 0.16237714496349354 44
1739449693833 0.39062370623162934 45
1739449693837 0.07592763180398332 46
1739449693840 0.13366507983433668 47
1739449693846 0.28353013079415496 48
1739449693850 0.1127618736682232 49
1739449693854 0.16346892958511444 50
1739449693860 0.1520079769665804 51
1739449693866 0.18910711290787424 52
1739449693869 0.13399704849256652 53
1739449693873 0.07893739074071797 54
1739449693879 0.1794422316962699 55
1739449693883 0.14199253564113667 56
1739449693887 0.13119792421242188 57
1739449693890 0.10156056262910133 58
1739449693895 0.09122111085000403 59
1739449693899 0.14997850039141408 60
1739449693903 0.236391818577012 61
1739449693906 0.10629739992423681 62
1739449693910 0.18736182522885736 63
1739449693916 0.13123881386498365 64
1739449693920 0.15394981553570386 65
1739449693923 0.1254490299887673 66
1739449693928 0.1977778527451321 67
1739449693932 0.08580955660838042 68
1739449693936 0.07325982892123946 69
1739449693939 0.12567567786407635 70
1739449693942 0.13740473498769004 71
1739449693947 0.26140312300967505 72
1739449693951 0.16734613422763753 73
1739449693954 0.154698857622499 74
1739449693958 0.10680957157114737 75
1739449693962 0.3226548660855998 76
