1739453122947 15.738998587559154 0
1739453123043 0.017000993432582292 1
1739453123137 0.07887963389494056 2
1739453123232 0.015977042131787324 3
1739453123327 0.018768480620757144 4
1739453123419 0.15678279227615466 5
1739453123511 0.5115179406308465 6
1739453123604 0.09376719556156708 7
1739453123697 0.010806737737770182 8
1739453123790 0.0816009633673464 9
1739453123885 1.4756342628870063 10
1739453123978 0.1361139350240533 11
1739453124071 0.0314957764303219 12
1739453124192 1.5397259475972875 13
1739453124287 0.12214011722750567 14
1739453124382 0.08995490983926044 15
1739453124475 0.056148602136901454 16
1739453124568 0.017981332156125577 17
1739453124660 0.10479449323829836 18
1739453124753 0.2569278766663146 19
1739453124847 0.013894244211596095 20
1739453124939 0.034546842381365635 21
1739453125033 0.23778396460210263 22
1739453125126 0.7132649413016281 23
1739453125219 0.024420454130551005 24
1739453125313 0.05794980106758229 25
1739453125407 0.005327583608811398 26
1739453125500 0.0038862012185811442 27
1739453125594 0.0782658906864664 28
1739453125687 0.06949912366702438 29
1739453125781 0.04882282149474635 30
1739453125875 0.06269686274009703 31
1739453125969 0.0020454116802631765 32
1739453126064 0.11866165257139853 33
1739453126157 0.030793517124459092 34
1739453126251 0.02839666671939927 35
1739453126345 2.2662910293752903e-05 36
1739453126439 0.07490535134879335 37
1739453126532 0.13175817578573626 38
1739453126623 0.008730157660702552 39
1739453126713 0.013728603977342366 40
1739453126809 0.12733615836975545 41
1739453126900 0.01713739988508432 42
1739453126991 0.06017328870406219 43
1739453127082 0.05230530979257848 44
1739453127174 0.017144586516907638 45
1739453127264 0.08882610615887414 46
1739453127355 0.0038297920733018393 47
1739453127447 0.0751557084677432 48
1739453127538 0.013064815523097309 49
1739453127629 0.010117644176910294 50
1739453127718 0.09695126727005084 51
1739453127809 0.18053809511681887 52
1739453127900 0.03228015829467275 53
1739453127991 0.004544166887002505 54
1739453128083 0.002580191066356918 55
1739453128175 0.10319141590375203 56
1739453128265 4.131607498736823e-05 57
1739453128358 0.1114627909759964 58
1739453128450 0.15328704137868013 59
1739453128542 0.012046593626619908 60
1739453128634 0.026507527694912162 61
1739453128726 0.03214389826574095 62
1739453128818 0.19415463730396398 63
1739453128913 0.1042904168298791 64
1739453129006 0.017448213851716073 65
1739453129098 0.039532072781310296 66
1739453129190 0.004440890143867401 67
1739453129280 0.004235654294859912 68
1739453129373 0.05141614245929164 69
1739453129467 0.03905942150051238 70
1739453129562 7.91665207538825e-05 71
1739453129654 0.07153544450356293 72
1739453129744 0.5560596535205656 73
1739453129834 0.01896609088143427 74
1739453129927 0.04994165672902535 75
1739453130018 0.22117144648384876 76
1739453130110 0.2047619510510101 77
1739453130199 0.7684605883184797 78
1739453130291 0.01100560840313224 79
1739453130382 0.018195210796311763 80
1739453130473 0.0709362926759523 81
1739453130564 0.010302172560080211 82
1739453130655 0.008700267088562858 83
1739453130749 1.3233597179290346e-05 84
1739453130843 0.006420750423581321 85
1739453130936 0.03207668111571518 86
1739453131029 0.12797896693200464 87
1739453131122 0.03556098438149007 88
1739453131217 0.005226906442842294 89
1739453131308 0.00023340709247514853 90
1739453131400 0.002231672212299312 91
1739453131492 0.05858249867308198 92
1739453131585 0.021324079267724397 93
1739453131678 0.002672833378794824 94
1739453131770 0.04689866780624422 95
1739453131863 0.00417760212876306 96
1739453131956 0.09952428006213086 97
1739453132049 0.014863982190265879 98
1739453132143 1.3746654235778926 99
