1739449385583 75.21311739305057 0
1739449385586 23.109636194046708 1
1739449385589 0.4041461452515422 2
1739449385592 0.14540651868768995 3
1739449385596 0.058178987225854406 4
1739449385599 0.04700207000148664 5
1739449385602 0.1932290591293657 6
1739449385604 0.00343462482655053 7
1739449385607 0.04609062805013508 8
1739449385610 0.21533042236546232 9
1739449385614 0.40422225829952424 10
1739449385617 0.11286573363610465 11
1739449385620 0.06524274721209944 12
1739449385623 0.04786388341649382 13
1739449385626 0.010075055416974576 14
1739449385630 0.02094873789643925 15
1739449385633 0.13384589338938868 16
1739449385636 0.1678957336442061 17
1739449385639 0.14198907809211017 18
1739449385642 0.06062255975225658 19
1739449385645 0.6713083133592361 20
1739449385649 0.17228431344724848 21
1739449385651 0.11919502536591665 22
1739449385654 0.27390676790244217 23
1739449385657 0.3745438228037 24
1739449385661 0.07504991101991579 25
1739449385664 0.055244147237569124 26
1739449385667 0.2354819226809864 27
1739449385670 0.10483733024573912 28
1739449385673 0.04066085211328324 29
1739449385676 0.16598511736229868 30
1739449385680 0.3260023958224548 31
1739449385683 0.09601337049229032 32
1739449385686 0.019781132268705776 33
1739449385688 0.026449138276024072 34
1739449385691 0.10814003497535471 35
1739449385695 0.028737937381369483 36
1739449385698 0.08502915059926466 37
1739449385701 0.1290651643846778 38
1739449385704 0.23486553553563938 39
1739449385706 0.06985679879488912 40
1739449385710 0.04246847025537742 41
