1739448918373 83.87889592492039 0
1739448918377 23.85056067112036 1
1739448918380 0.9447127079588682 2
1739448918383 0.036980021981978646 3
1739448918388 0.030464097001934046 4
1739448918391 0.10326879317129516 5
1739448918394 0.22143455032796222 6
1739448918397 0.39719427110118805 7
1739448918401 0.29544169416194604 8
1739448918405 0.07455302053237567 9
1739448918408 0.053757419564967907 10
1739448918411 0.05344090973698205 11
1739448918414 0.03033562076732318 12
1739448918417 0.405485954333682 13
1739448918423 0.04342966850799751 14
1739448918427 0.09089170179841462 15
1739448918430 0.028402109311273623 16
1739448918433 0.024547129339723438 17
1739448918438 0.05687843486098407 18
1739448918441 0.21291470678360455 19
1739448918444 0.026823611105279352 20
1739448918447 0.13780500652367203 21
1739448918451 0.037938329993343275 22
1739448918456 0.014277578762791404 23
1739448918459 0.048636100030212806 24
1739448918461 0.08015331627280856 25
1739448918465 0.060366637339070266 26
1739448918469 0.07965207556976305 27
1739448918473 0.11403605016097512 28
1739448918475 0.059726158260620124 29
1739448918479 0.06418998633119977 30
1739448918481 0.01948219817951716 31
1739448918486 0.35244826548070307 32
1739448918490 0.083075478170859 33
1739448918493 0.012197728442598615 34
1739448918496 0.1173220330510401 35
1739448918499 0.10039631765953452 36
1739448918503 0.01343929883300548 37
1739448918508 0.05663824158032714 38
1739448918511 0.13403904660998545 39
1739448918514 0.13982317371528125 40
1739448918518 0.04863067784824347 41
1739448918523 0.03825548699106523 42
1739448918526 0.05156617552505399 43
1739448918529 0.09574993031330639 44
1739448918532 0.281321169620511 45
1739448918537 0.05424047831959779 46
1739448918542 0.06807738199765691 47
1739448918545 0.05374515731760171 48
1739448918548 0.22416301792167065 49
1739448918552 0.05772956820053123 50
1739448918557 0.092440022923044 51
1739448918561 0.456234472384046 52
1739448918567 0.18943265615292265 53
1739448918572 0.5389429981610603 54
1739448918576 0.20160464342568055 55
1739448918580 0.08523915637068802 56
