1739450894083 36.2549412064392 0
1739450894089 0.0900250917633222 1
1739450894095 0.07845473287465751 2
1739450894102 0.18619404490888275 3
1739450894107 0.10624474242553954 4
1739450894115 0.13631625863399668 5
1739450894121 0.11551837600464976 6
1739450894129 0.10809693359149392 7
1739450894138 0.22527274508895956 8
1739450894149 0.11837489179398715 9
1739450894160 0.09900877152754547 10
1739450894171 0.1186443603834237 11
1739450894182 0.33784646169013993 12
1739450894194 0.11348659656854673 13
1739450894204 0.08997059473591394 14
1739450894213 0.101159177618745 15
1739450894219 0.09786014500451103 16
1739450894229 0.19842162662111923 17
1739450894237 0.15556824941641886 18
1739450894242 0.11818419087924825 19
1739450894251 0.11032688573590364 20
1739450894255 0.21112642682812016 21
1739450894261 0.12959138402958864 22
1739450894267 0.17467500281443166 23
1739450894271 0.10612765275597846 24
1739450894276 0.12187780152342975 25
1739450894280 0.3033713144667912 26
1739450894284 0.10915492487355176 27
1739450894288 0.17122266159988048 28
1739450894291 0.1854529249596039 29
1739450894295 0.08137743544567326 30
1739450894299 0.11725755278783272 31
1739450894302 0.07237191582715473 32
