1739449906166 136.8715762406288 0
1739449906173 113.54934193210175 1
1739449906177 88.09008162915812 2
1739449906187 64.14605933384266 3
1739449906197 43.49635009677094 4
1739449906207 28.40954891221675 5
1739449906213 15.961917481186273 6
1739449906219 7.820239872326681 7
1739449906224 2.366023682597082 8
1739449906228 0.5040897311206941 9
1739449906234 0.11240352914051245 10
1739449906238 0.2618774853314787 11
1739449906243 0.228429878370993 12
1739449906250 0.23216232241996096 13
1739449906256 0.1822232006985415 14
