1739449678195 97.74355930851982 0
1739449678200 45.8423637174144 1
1739449678203 13.90136178472879 2
1739449678206 0.5465494294894144 3
1739449678210 0.14716262004162686 4
1739449678214 0.15628671392746488 5
1739449678218 0.14740741158059348 6
1739449678220 0.057275012389491016 7
1739449678223 0.0966825484259443 8
1739449678228 0.07726406915203901 9
1739449678231 0.15654574105438987 10
1739449678234 0.10784493163386226 11
1739449678237 0.0675966289651018 12
1739449678239 0.3053698658204975 13
1739449678242 0.06810348315641651 14
1739449678247 0.20680291930372285 15
1739449678250 0.11471104199713575 16
1739449678252 0.06062709543324875 17
1739449678255 0.11740143944951412 18
1739449678257 0.16264731076373545 19
1739449678261 0.16834186401263976 20
1739449678265 0.11267167207252886 21
1739449678268 0.13765753626210184 22
1739449678271 0.11736222589822634 23
1739449678273 0.22073837586315292 24
1739449678278 0.07684186770488537 25
1739449678282 0.24976562080799058 26
1739449678285 0.1772683836706916 27
1739449678288 0.14478872026578127 28
1739449678291 0.14025107486214775 29
1739449678294 0.054729151159007276 30
1739449678298 0.03371223585286404 31
1739449678302 0.12887229708787679 32
1739449678304 0.13559879089704727 33
1739449678307 0.08501892045478956 34
1739449678311 0.1512209781611044 35
1739449678315 0.3256478522188285 36
1739449678318 0.17635604355435347 37
1739449678321 0.04808761613750537 38
1739449678324 0.2107029746951162 39
1739449678327 0.1941597648190235 40
1739449678332 0.09913490094990017 41
1739449678335 0.08801922066763786 42
1739449678338 0.13700847518937315 43
1739449678340 0.11361257296932675 44
1739449678345 0.1031107644882024 45
1739449678349 0.10952126986617174 46
1739449678352 0.06906431112764908 47
1739449678355 0.13523783475362572 48
1739449678358 0.19482337749702522 49
1739449678362 0.07999653581830904 50
1739449678365 0.08115115650677399 51
1739449678368 0.16940608103406737 52
1739449678370 0.18590336267612978 53
1739449678373 0.12272655292530206 54
1739449678376 0.1387990787420294 55
1739449678380 0.11631087530060875 56
1739449678383 0.1572182138404319 57
1739449678386 0.12279869696916057 58
1739449678389 0.19221722870439276 59
1739449678392 0.058502884267980046 60
1739449678396 0.09005599961894088 61
1739449678400 0.1186834774464524 62
1739449678403 0.0852961999990088 63
1739449678406 0.09043377578069273 64
1739449678409 0.07457793149511376 65
1739449678413 0.162219126050378 66
1739449678417 0.21658113890278555 67
1739449678420 0.1827314335253239 68
1739449678423 0.10486403295686345 69
1739449678427 0.1250519433905185 70
1739449678431 0.08309099048581026 71
1739449678434 0.20641009868223562 72
1739449678436 0.11085238395875766 73
1739449678439 0.19746258649359436 74
1739449678442 0.2619060273071184 75
1739449678446 0.13732214849377622 76
1739449678449 0.07926211340818592 77
1739449678451 0.18958670166532904 78
1739449678454 0.14556408075678057 79
1739449678456 0.20879940555040832 80
1739449678459 0.09805945428847666 81
1739449678464 0.14760146579160097 82
1739449678466 0.2236318250752074 83
1739449678469 0.10045512476831876 84
1739449678471 0.16282963231371786 85
1739449678474 0.13774898712575626 86
1739449678479 0.14200716987344225 87
1739449678481 0.09696132454880162 88
1739449678484 0.32884905377834545 89
1739449678487 0.05754358235790275 90
1739449678489 0.13986824083723284 91
1739449678492 0.15519851890351782 92
1739449678497 0.07523751338479687 93
1739449678500 0.15532495646454778 94
1739449678503 0.2510163162756173 95
1739449678505 0.043353848375616885 96
1739449678509 0.1456949872779932 97
1739449678512 0.14435671267347777 98
1739449678516 0.2264644074201591 99
