1739450742448 137.08453194458386 0
1739450742453 108.23780340677153 1
1739450742458 80.92141987805492 2
1739450742463 61.48750034496521 3
1739450742466 42.97585656548559 4
1739450742474 28.279376492256883 5
1739450742482 17.055745787156766 6
1739450742493 7.166736510622064 7
1739450742501 1.9297467602242488 8
1739450742509 0.2775646788567916 9
1739450742514 0.26578299770841246 10
1739450742520 0.07215051983102874 11
1739450742529 0.10202561346780319 12
1739450742536 0.14660836384088563 13
1739450742547 0.26694423819050406 14
1739450742556 0.17894661544964868 15
1739450742564 0.09088831669492034 16
1739450742575 0.1562294920909636 17
1739450742584 0.1724839038842885 18
1739450742594 0.2553124423253247 19
1739450742605 0.13364427540043092 20
1739450742614 0.20971704947589973 21
1739450742623 0.09038630970542863 22
1739450742633 0.22061224467246293 23
1739450742645 0.17371540766749768 24
