1739450009403 145.83499674708455 0
1739450009415 127.02848081133013 1
1739450009424 109.67938387333615 2
1739450009433 89.11292993012765 3
1739450009437 64.65612769035741 4
1739450009444 53.935988357925126 5
1739450009450 37.899453518604204 6
1739450009454 28.169959670431002 7
1739450009462 18.99472907222403 8
1739450009467 11.280657062462467 9
1739450009471 5.861958196864369 10
1739450009477 2.1807412435888796 11
1739450009482 0.6008611969145645 12
1739450009486 0.35422557839203855 13
1739450009490 0.15937578963360047 14
1739450009496 0.31624748983047146 15
1739450009500 0.1434875891725464 16
1739450009503 0.24630967669070167 17
1739450009507 0.19746494069355222 18
1739450009514 0.1783337835927447 19
1739450009519 0.25345917046083716 20
1739450009522 0.11483943769755219 21
1739450009527 0.13901839321361883 22
1739450009533 0.05317717538847706 23
1739450009536 0.10767458683569013 24
1739450009539 0.17640823131732386 25
1739450009546 0.08254960232719348 26
1739450009549 0.17169368910135646 27
1739450009552 0.25080429552621003 28
1739450009556 0.35570688110046916 29
1739450009564 0.19576337622841056 30
1739450009568 0.2233096651357566 31
1739450009571 0.09638086587719505 32
1739450009577 0.2044690901473203 33
1739450009582 0.1376564725176595 34
