1739453029779 168.91119730653813 0
1739453029782 166.89381346900842 1
1739453029785 164.80938430147455 2
1739453029787 162.68466255100574 3
1739453029789 160.5383364391251 4
1739453029792 158.38341433710042 5
1739453029794 156.22892730804244 6
1739453029797 154.0811325388673 7
1739453029800 151.9443581764795 8
1739453029802 149.82159360168075 9
1739453029804 147.71490045780965 10
1739453029807 145.62569817474207 11
1739453029809 143.5549619624052 12
1739453029812 141.50335992894745 13
1739453029815 139.47134794698562 14
1739453029817 137.45923523718105 15
1739453029819 135.46722967970865 16
1739453029822 133.4954691031836 17
1739453029824 131.54404288019654 18
1739453029826 129.61300682548918 19
1739453029829 127.70239346870144 20
1739453029831 125.81221913373075 21
1739453029833 123.94248881401376 22
1739453029836 122.09319952691321 23
1739453029838 120.26434261882848 24
1739453029840 118.45590534649271 25
1739453029842 116.66787195899262 26
1739453029844 114.90022443536596 27
1739453029847 113.1529429845437 28
1739453029850 111.4260063812217 29
1739453029852 109.71939218835684 30
1739453029854 108.03307690119661 31
1739453029856 106.36703603686576 32
1739453029858 104.7212441860288 33
1739453029861 103.09567503797525 34
1739453029865 101.49030138690809 35
1739453029867 99.9050951247595 36
1739453029869 98.34002722416326 37
1739453029872 96.7950677140454 38
1739453029874 95.27018564948851 39
1739453029876 93.76534907696843 40
1739453029879 92.2805249956762 41
1739453029881 90.8156793153707 42
1739453029884 89.37077681102043 43
1739453029887 87.94578107436153 44
1739453029889 86.54065446240534 45
1739453029891 85.15535804286193 46
1739453029894 83.78985153639516 47
1739453029897 82.44409325558685 48
1739453029899 81.11804004045825 49
1739453029902 79.8116471903705 50
1739453029904 78.52486839210552 51
1739453029906 77.25765564390845 52
1739453029908 76.00995917525451 53
1739453029911 74.7817273620858 54
1739453029914 73.57290663724606 55
1739453029916 72.3834413958234 56
1739453029918 71.21327389509459 57
1739453029921 70.06234414874604 58
1739453029923 68.93058981502902 59
1739453029925 67.81794607848923 60
1739453029928 66.72434552489257 61
1739453029930 65.64971800895269 62
1739453029932 64.59399051444849 63
1739453029935 63.55708700630471 64
1739453029937 62.53892827419533 65
1739453029939 61.539431767217565 66
1739453029941 60.558511419176064 67
1739453029943 59.59607746401246 68
1739453029946 58.65203624091649 69
1739453029948 57.72628998866155 70
1739453029951 56.818736628724054 71
1739453029953 55.92926953677083 72
1739453029955 55.057777302137524 73
1739453029957 54.20414347497474 74
1739453029959 53.36824630081035 75
1739453029964 52.54995844237105 76
1739453029967 51.74914668862757 77
1739453029971 50.96567165118037 78
1739453029973 50.19938744829295 79
1739453029975 49.450141377113376 80
1739453029978 48.71777357490928 81
1739453029982 48.00211667048443 82
1739453029985 47.302995427353835 83
1739453029988 46.62022638073928 84
1739453029990 45.95361747101494 85
1739453029992 45.30296767689209 86
1739453029996 44.668066652390436 87
1739453030000 44.04869437250478 88
1739453030003 43.444620793442894 89
1739453030005 42.85560553437987 90
1739453030007 42.28139758883665 91
1739453030009 41.72173507502933 92
1739453030014 41.17634503582065 93
1739453030017 40.64494330019565 94
1739453030020 40.12723441942007 95
1739453030022 39.62291169214652 96
1739453030024 39.131657293613394 97
1739453030026 38.65314252461697 98
1739453030029 38.18702819599477 99
