1739451516675 41.06400499785589 0
1739451516684 0.28829968447638676 1
1739451516689 0.09732835969111822 2
1739451516695 0.09170145975752846 3
1739451516702 0.11052519878075426 4
1739451516706 0.2093216353093275 5
1739451516714 0.10633116708321866 6
1739451516719 0.14787743669063316 7
1739451516723 0.11999752478369799 8
1739451516729 0.24446267252612036 9
1739451516736 0.055736966764976734 10
1739451516741 0.19436739873944378 11
1739451516749 0.2602855038587699 12
1739451516754 0.09157478033664324 13
1739451516758 0.1347686521869773 14
1739451516766 0.19044989551914165 15
1739451516771 0.16075116417407895 16
1739451516778 0.21797410769552367 17
1739451516785 0.20356833254817702 18
1739451516790 0.256177997229946 19
1739451516797 0.10541953212117101 20
1739451516803 0.1593113684995618 21
1739451516807 0.1101713578469773 22
1739451516814 0.23472357948405229 23
1739451516819 0.17494975870417134 24
1739451516823 0.10456059378514192 25
1739451516828 0.096133748939849 26
1739451516833 0.16877544022427868 27
1739451516837 0.0909453307499773 28
1739451516841 0.0868309267615924 29
1739451516847 0.09933939162848945 30
1739451516851 0.15032311605238058 31
1739451516855 0.06082340116945177 32
1739451516861 0.2323214622781551 33
1739451516867 0.10754741344307445 34
1739451516871 0.2066299534082691 35
1739451516877 0.10946919083416702 36
1739451516886 0.09309717210897758 37
1739451516892 0.16961695055205026 38
1739451516899 0.2547842179639297 39
