1739453009061 168.92543757006746 0
1739453009066 168.60035499032486 1
1739453009069 168.2755607130694 2
1739453009071 167.95107576524572 3
1739453009073 167.6269043284327 4
1739453009075 167.30304723064174 5
1739453009077 166.97950463270337 6
1739453009080 166.6562765627396 7
1739453009083 166.33336302248105 8
1739453009086 166.01076400841418 9
1739453009088 165.68847951598752 10
1739453009090 165.36650954044828 11
1739453009092 165.04485407700864 12
1739453009094 164.7235131208789 13
1739453009098 164.40248666727405 14
1739453009101 164.0817747114151 15
1739453009104 163.76137724852936 16
1739453009106 163.44129427385036 17
1739453009108 163.1215257826179 18
1739453009110 162.80207177007824 19
1739453009113 162.4829322314838 20
1739453009117 162.16410716209342 21
1739453009119 161.84559655717212 22
1739453009121 161.52740041199135 23
1739453009123 161.20951872182877 24
1739453009125 160.8919514819683 25
1739453009127 160.57469868770025 26
1739453009131 160.25776033432115 27
1739453009134 159.9411364171338 28
1739453009136 159.6248269314473 29
1739453009138 159.30883187257712 30
1739453009140 158.99315123584475 31
1739453009142 158.67778501657824 32
1739453009144 158.36273321011174 33
1739453009147 158.04799581178565 34
1739453009150 157.73357281694675 35
1739453009152 157.41946422094796 36
1739453009154 157.10567001914853 37
1739453009156 156.79219020691394 38
1739453009159 156.47902477961586 39
1739453009165 156.16617373263227 40
1739453009169 155.85363706134743 41
1739453009172 155.54141476115174 42
1739453009174 155.22950682744187 43
1739453009176 154.9179132556208 44
1739453009179 154.60663404109758 45
1739453009183 154.29566917928764 46
1739453009185 153.98501866561253 47
1739453009187 153.67468249550012 48
1739453009189 153.3646606643844 49
1739453009191 153.05495316770558 50
1739453009193 152.7455600009102 51
1739453009196 152.43648115945084 52
1739453009200 152.12771663878635 53
1739453009202 151.81926643438186 54
1739453009205 151.51113054170858 55
1739453009207 151.203308956244 56
1739453009209 150.8958016734718 57
1739453009211 150.58860868888175 58
1739453009215 150.28172999796982 59
1739453009217 149.97516559623838 60
1739453009220 149.66891547919568 61
1739453009222 149.3629796423563 62
1739453009224 149.057358081241 63
1739453009226 148.75205079137663 64
1739453009229 148.44705776829633 65
1739453009232 148.14237900753926 66
1739453009235 147.83801450465083 67
1739453009237 147.53396425518258 68
1739453009239 147.2302282546922 69
1739453009241 146.92680649874356 70
1739453009243 146.6236989829066 71
1739453009246 146.32090570275756 72
1739453009249 146.0184266538786 73
1739453009252 145.71626183185822 74
1739453009254 145.4144112322909 75
1739453009256 145.11287485077733 76
1739453009259 144.81165268292438 77
1739453009261 144.51074472434487 78
1739453009266 144.21015097065796 79
1739453009270 143.90987141748877 80
1739453009272 143.60990606046857 81
1739453009274 143.31025489523478 82
1739453009276 143.0109179174309 83
1739453009278 142.71189512270652 84
1739453009283 142.41318650671735 85
1739453009286 142.1147920651252 86
1739453009288 141.81671179359796 87
1739453009291 141.5189456878096 88
1739453009293 141.2214937434403 89
1739453009295 140.9243559561761 90
1739453009300 140.62753232170937 91
1739453009303 140.3310228357383 92
1739453009305 140.0348274939674 93
1739453009307 139.7389462921071 94
1739453009309 139.4433792258739 95
1739453009311 139.14812629099052 96
1739453009315 138.85318748318554 97
1739453009317 138.55856279819366 98
1739453009320 138.26425223175573 99
