1739449620116 148.02213440930387 0
1739449620120 137.5822768429637 1
1739449620124 132.5617315642692 2
1739449620127 124.32208414496101 3
1739449620130 113.85066826746346 4
1739449620135 108.15329591574516 5
1739449620139 96.74999966293807 6
1739449620142 88.20818176108448 7
1739449620146 82.24144558252048 8
1739449620150 78.42668286190923 9
1739449620154 73.8731840966843 10
1739449620157 62.34207978867994 11
1739449620162 55.06210594432725 12
1739449620169 54.14454502622228 13
1739449620174 47.019206678968466 14
1739449620180 42.84373841470221 15
1739449620185 37.67687104134917 16
1739449620190 32.43901230241599 17
1739449620193 28.44563653617691 18
1739449620196 24.475732172668657 19
1739449620201 19.643373431361667 20
1739449620206 18.95938358855478 21
1739449620209 12.983900757620994 22
1739449620214 11.390085212745962 23
1739449620219 9.202759528714065 24
1739449620223 6.4916607875213135 25
1739449620227 4.989305920348076 26
1739449620230 3.6137747560243816 27
1739449620236 2.093527215353226 28
1739449620239 1.4454195890803352 29
1739449620242 0.8949753530413463 30
1739449620245 0.3339588135805656 31
1739449620250 0.30804660880601603 32
1739449620254 0.1558746805855159 33
1739449620257 0.15365416487648767 34
1739449620260 0.17740952987774955 35
1739449620264 0.05339614752393965 36
1739449620269 0.20553071282328753 37
1739449620272 0.16607368894736024 38
1739449620275 0.34829261821861096 39
1739449620278 0.09971906445125522 40
1739449620282 0.07785838685127124 41
1739449620286 0.22241020093124392 42
1739449620290 0.15578020173417886 43
1739449620293 0.08276567757982972 44
