1739453045806 168.9111973065381 0
1739453045809 168.07796222835273 1
1739453045813 166.64556258175256 2
1739453045816 164.6818285291931 3
1739453045818 162.25123855478495 4
1739453045820 159.41445856828483 5
1739453045823 156.22809131949995 6
1739453045825 152.7445825789672 7
1739453045829 149.0122421735324 8
1739453045833 145.0753472362475 9
1739453045835 140.97430240136896 10
1739453045838 136.74583752113836 11
1739453045840 132.42322810344328 12
1739453045845 128.03652731199475 13
1739453045848 123.61280122962664 14
1739453045850 119.17636131871213 15
1739453045852 114.74898974753071 16
1739453045855 110.35015458966788 17
1739453045857 105.99721292691163 18
1739453045859 101.70560065998713 19
1739453045863 97.48900840797816 20
1739453045865 93.35954329786446 21
1739453045868 89.32787674302872 22
1739453045870 85.40337850958761 23
1739453045872 81.5942374919466 24
1739453045874 77.90756967929667 25
1739453045877 74.34951380413027 26
1739453045881 70.92531513015305 27
1739453045883 67.63939776519292 28
1739453045885 64.49542577725673 29
1739453045888 61.49635324886201 30
1739453045890 58.64446322432342 31
1739453045892 55.94139528356262 32
1739453045896 53.38816121078396 33
1739453045899 50.98514791575252 34
1739453045901 48.73210641524751 35
1739453045903 46.62812531498103 36
1739453045905 44.671586904848745 37
1739453045908 42.86010381633575 38
1739453045912 41.190434433717456 39
1739453045915 39.65837634311364 40
1739453045918 38.25863977946679 41
1739453045921 36.98470835209975 42
1739453045924 35.828703468897565 43
1739453045928 34.78128229153628 44
1739453045931 33.83161465613183 45
1739453045933 32.96749524226961 46
1739453045936 32.1756414452755 47
1739453045938 31.442194416878333 48
1739453045940 30.753384051570038 49
1739453045942 30.09626210090688 50
1739453045945 29.459381768636383 51
1739453045948 28.833320008323724 52
1739453045951 28.210986376770276 53
1739453045953 27.58771365233352 54
1739453045955 26.961161752444706 55
1739453045957 26.33108293534815 56
1739453045960 25.698997228611404 57
1739453045964 25.067819351911716 58
1739453045966 24.44146763053086 59
1739453045968 23.82447485904336 60
1739453045970 23.221612398242865 61
1739453045973 22.63753269870454 62
1739453045975 22.076432454125353 63
1739453045978 21.541739462925037 64
1739453045980 21.03583214753496 65
1739453045983 20.55981235066843 66
1739453045985 20.11336777373615 67
1739453045987 19.69477250186993 68
1739453045989 19.3010678221331 69
1739453045992 18.92842854374925 70
1739453045995 18.572660049889578 71
1739453045998 18.229721322236273 72
1739453046001 17.896161549335407 73
1739453046003 17.569393847093185 74
1739453046005 17.247782371025547 75
1739453046008 16.93056200826985 76
1739453046013 16.617633315045232 77
1739453046016 16.309283685335014 78
1739453046018 16.005887008714907 79
1739453046020 15.707633400159553 80
1739453046023 15.414337415683645 81
1739453046025 15.1253621414018 82
1739453046028 14.839672585732153 83
1739453046031 14.555997887728706 84
1739453046033 14.273051495832078 85
1739453046035 13.989746736688975 86
1739453046038 13.70535609421496 87
1739453046040 13.419587014890922 88
1739453046042 13.132572266801306 89
1739453046046 12.84479087295912 90
1739453046049 12.556944993068287 91
1739453046051 12.26982086339061 92
1739453046054 11.984160306018556 93
1739453046056 11.700564519393623 94
1739453046058 11.419444063188282 95
1739453046061 11.141018561919717 96
1739453046064 10.865358380959995 97
1739453046066 10.59245138443193 98
1739453046069 10.322273781651859 99
