1739451668362 168.92543757006746 0
1739451668367 168.05952327894016 1
1739451668378 167.19573021070667 2
1739451668387 166.33409335963648 3
1739451668391 165.47463727444716 4
1739451668394 164.61737907809987 5
1739451668397 163.7623306611 6
1739451668399 162.90950024959548 7
1739451668404 162.05889351468545 8
1739451668408 161.21051435147825 9
1739451668410 160.3643654234308 10
1739451668413 159.5204485413083 11
1739451668416 158.67876492631845 12
1739451668421 157.83931539246996 13
1739451668424 157.0021004727713 14
1739451668427 156.16712050646944 15
1739451668430 155.33437569930584 16
1739451668434 154.50386616510704 17
1739451668440 153.67559195447578 18
1739451668444 152.8495530745744 19
1739451668446 152.0257495027601 20
1739451668449 151.20418119597934 21
1739451668453 150.38484809723792 22
1739451668458 149.56775014005555 23
1739451668462 148.75288725153192 24
1739451668464 147.94025935445578 25
1739451668467 147.12986636875587 26
1739451668473 146.32170821249827 27
1739451668477 145.51578480257174 28
1739451668480 144.71209605515884 29
1739451668483 143.9106418860587 30
1739451668488 143.11142221090935 31
1739451668492 142.3144369453395 32
1739451668496 141.51968600507286 33
1739451668499 140.72716930599947 34
1739451668507 139.93688676422434 35
1739451668512 139.14883829610082 36
1739451668518 138.36302381825328 37
1739451668525 137.5794432475922 38
1739451668530 136.79809650132475 39
1739451668538 136.01898349696162 40
1739451668543 135.24210415232164 41
1739451668546 134.46745838553468 42
1739451668549 133.69504611504362 43
1739451668556 132.9248672596054 44
1739451668560 132.15692173829174 45
1739451668563 131.39120947048926 46
1739451668569 130.6277303758997 47
1739451668575 129.86648437453954 48
1739451668579 129.10747138674003 49
1739451668582 128.35069133314664 50
1739451668588 127.59614413471876 51
1739451668594 126.84382971272929 52
1739451668597 126.09374798876415 53
1739451668602 125.34589888472198 54
1739451668607 124.60028232281343 55
1739451668612 123.8568982255609 56
1739451668615 123.11574651579785 57
1739451668620 122.37682711666852 58
1739451668624 121.6401399516273 59
1739451668628 120.90568494443829 60
1739451668632 120.17346201917469 61
1739451668636 119.44347110021846 62
1739451668640 118.71571211225975 63
1739451668644 117.99018498029633 64
1739451668647 117.26688962963316 65
1739451668650 116.54582598588192 66
1739451668655 115.82699397496029 67
1739451668658 115.1103935230917 68
1739451668662 114.3960245568047 69
1739451668664 113.68388700293241 70
1739451668666 112.97398078861204 71
1739451668672 112.26630584128434 72
1739451668675 111.56086208869314 73
1739451668678 110.85764945888481 74
1739451668680 110.15666788020772 75
1739451668682 109.45791728131168 76
1739451668685 108.76139759114747 77
1739451668689 108.06710873896628 78
1739451668691 107.37505065431921 79
1739451668694 106.68522326705671 80
1739451668696 105.99762650732806 81
1739451668698 105.31226030558085 82
1739451668700 104.62912459256034 83
1739451668705 103.94821929930909 84
1739451668708 103.26954435716632 85
1739451668711 102.59309969776737 86
1739451668713 101.91888525304316 87
1739451668716 101.24690095521967 88
1739451668721 100.57714673681737 89
1739451668725 99.90962253065065 90
1739451668728 99.24432826982736 91
1739451668730 98.58126388774814 92
1739451668733 97.92042931810595 93
1739451668738 97.26182449488547 94
1739451668741 96.60544935236253 95
1739451668743 95.95130382510365 96
1739451668745 95.29938784796535 97
1739451668747 94.6497013560936 98
1739451668749 94.00224428492344 99
