1739451123085 38.45563947925568 0
1739451123090 0.14202726149791498 1
1739451123093 0.17966092563212321 2
1739451123098 0.20307318080238937 3
1739451123104 0.12658282591072723 4
1739451123109 0.11176855456242069 5
1739451123114 0.2009568886115072 6
1739451123120 0.11790813240411081 7
1739451123125 0.17676020310810037 8
1739451123129 0.1952790986377702 9
1739451123135 0.10950033767888771 10
1739451123140 0.08905082414929906 11
1739451123144 0.12203906879249604 12
1739451123148 0.12488821275897781 13
1739451123154 0.25731514097337993 14
1739451123158 0.06387134621701404 15
1739451123162 0.16107305759714577 16
1739451123168 0.09307265385479835 17
1739451123173 0.13972930547827386 18
1739451123177 0.09871969468695652 19
1739451123182 0.1523327946817314 20
1739451123189 0.1767666497653841 21
1739451123193 0.14704863596773018 22
1739451123196 0.31560916392384636 23
1739451123203 0.05626111632051208 24
1739451123207 0.1161240724260582 25
1739451123211 0.21343007204637027 26
1739451123218 0.29700987284329694 27
1739451123223 0.1638189370955289 28
1739451123228 0.23734586632787671 29
1739451123232 0.08876994365540479 30
1739451123239 0.07077790433857133 31
1739451123242 0.16507382459481984 32
1739451123246 0.15974678794647476 33
1739451123254 0.11946471092011558 34
1739451123258 0.10157240797870673 35
1739451123262 0.10701367698777678 36
1739451123268 0.06948091369814088 37
1739451123273 0.14978836934517853 38
1739451123277 0.24258169818138234 39
1739451123285 0.14149515850326222 40
1739451123292 0.15200211352545923 41
1739451123298 0.2926960155837473 42
1739451123306 0.21862938595874476 43
1739451123311 0.19122686953586385 44
1739451123320 0.16357428470823274 45
1739451123325 0.20177459239145407 46
1739451123331 0.19869094333892012 47
1739451123341 0.1036141769252737 48
1739451123348 0.11037856225976536 49
1739451123357 0.11382004373767197 50
1739451123363 0.14080241276310246 51
1739451123373 0.12235781383319991 52
1739451123378 0.14045586179525005 53
1739451123386 0.1835483779920666 54
1739451123394 0.3756828658897997 55
1739451123400 0.072415896996187 56
1739451123407 0.15040730185414858 57
1739451123413 0.13203749883566046 58
1739451123420 0.18787004601479035 59
1739451123426 0.15111886602357658 60
1739451123432 0.2786915135539463 61
1739451123438 0.17031577238264659 62
1739451123444 0.13330850114759346 63
1739451123450 0.09323337920165287 64
1739451123456 0.11524785570020574 65
1739451123461 0.08460415844378914 66
1739451123467 0.1487680690189538 67
1739451123473 0.16627090294039015 68
1739451123479 0.21702120815872977 69
1739451123485 0.17532722045317234 70
1739451123491 0.12973435270699152 71
1739451123498 0.22465700808952838 72
1739451123504 0.17448507740842617 73
1739451123510 0.18845360076016623 74
1739451123516 0.1495655484635463 75
1739451123522 0.10134012277735793 76
1739451123527 0.1222945519230785 77
1739451123532 0.1657771404293875 78
1739451123539 0.166768179727087 79
1739451123544 0.08599127397445057 80
1739451123550 0.213826791719146 81
1739451123557 0.14228536244053103 82
1739451123563 0.12894310632385936 83
1739451123570 0.18010196315751403 84
1739451123575 0.13184464825250253 85
1739451123582 0.06744662438454903 86
1739451123590 0.08471740945327835 87
1739451123599 0.08716053689820355 88
1739451123608 0.11074094865312285 89
1739451123614 0.20695326574911022 90
1739451123623 0.1720088122098328 91
1739451123629 0.2217894308046514 92
1739451123636 0.20362796991055276 93
1739451123641 0.22097245440364843 94
1739451123645 0.1366940956899379 95
1739451123654 0.1523208389917255 96
1739451123660 0.21291655922348646 97
1739451123665 0.12516633088271772 98
1739451123672 0.2252996374398133 99
