1739453079511 19.57535045456847 0
1739453079515 18.29782854284904 1
1739453079519 7.825630181731319 2
1739453079524 2.978664676346741 3
1739453079528 0.5364853831387245 4
1739453079532 0.4292384656405344 5
1739453079537 0.1044662524381765 6
1739453079542 0.20734018262862536 7
1739453079548 0.1758884931816017 8
1739453079553 0.1355408464533494 9
1739453079558 0.05574367064704069 10
1739453079562 0.09396646872170164 11
1739453079566 0.04727283975013378 12
1739453079570 0.10271317331481004 13
1739453079575 0.07873084139671427 14
1739453079579 0.048800621017341166 15
1739453079584 0.09534713195910849 16
1739453079588 0.10909784229153852 17
1739453079592 0.13109013240725695 18
1739453079597 0.10059818194282052 19
1739453079601 0.0981759486497501 20
1739453079606 0.0743609064579011 21
1739453079611 0.22552289269835946 22
1739453079615 0.10312146793715463 23
1739453079619 0.13323327040278726 24
