1739449810780 105.58620492776033 0
1739449810785 50.53690624579723 1
1739449810791 21.08632376727285 2
1739449810796 1.7969855109786521 3
1739449810799 0.19417507729995595 4
1739449810806 0.14808506185302822 5
1739449810811 0.07098707448719686 6
1739449810817 0.16092030727580187 7
1739449810823 0.160298358919731 8
1739449810827 0.4897964056008883 9
1739449810832 0.12843859084932893 10
1739449810839 0.09431997103311493 11
1739449810845 0.09310045671570401 12
1739449810849 0.33713679882593983 13
1739449810855 0.12922188805347534 14
1739449810861 0.10815149679547838 15
1739449810865 0.11664568059326647 16
1739449810870 0.1668778948467068 17
1739449810876 0.10090395878171263 18
1739449810881 0.19677453250977983 19
1739449810887 0.09369217108032353 20
1739449810893 0.07567086756793431 21
1739449810897 0.2577700542017011 22
1739449810902 0.20109125703217734 23
1739449810908 0.13522241040211216 24
1739449810913 0.09851626876819657 25
1739449810917 0.13290379888132775 26
1739449810923 0.10812963187701358 27
1739449810928 0.08133118331260673 28
1739449810933 0.18530262525350144 29
1739449810939 0.11384313550931595 30
1739449810944 0.09771355179156972 31
1739449810948 0.1656375634826568 32
1739449810955 0.08660893373825554 33
1739449810960 0.11322213877843729 34
1739449810964 0.18957355775839765 35
1739449810970 0.21898346220879064 36
1739449810977 0.24435910338056735 37
1739449810982 0.1609219330805151 38
1739449810989 0.2258046950319739 39
1739449810994 0.21822279220003712 40
1739449810999 0.223922905963041 41
1739449811004 0.23671671575837377 42
1739449811010 0.17699114950575798 43
1739449811015 0.12523012190434932 44
1739449811020 0.17031043735006796 45
1739449811027 0.16019637484175978 46
1739449811031 0.15023903580635747 47
