1739453033417 168.90082104802957 0
1739453033419 167.6026806768726 1
1739453033422 166.3094490343595 2
1739453033424 165.02115066400643 3
1739453033426 163.73780540056586 4
1739453033429 162.45942916156883 5
1739453033432 161.1860346458077 6
1739453033435 159.9176319320302 7
1739453033437 158.654228981828 8
1739453033439 157.39583205589577 9
1739453033441 156.14244605481426 10
1739453033443 154.89407479569846 11
1739453033446 153.6507212353022 12
1739453033449 152.41238764899902 13
1739453033451 151.17907577375888 14
1739453033453 149.95078692196896 15
1739453033455 148.72752207178468 16
1739453033457 147.5092819386793 17
1739453033459 146.29606703198948 18
1739453033462 145.08787769952562 19
1739453033464 143.88471416271307 20
1739453033467 142.68657654423743 21
1739453033469 141.49346488976664 22
1739453033471 140.30537918500093 23
1739453033473 139.1223193690417 24
1739453033475 137.9442853448649 25
1739453033478 136.77127698751826 26
1739453033480 135.60329415053133 27
1739453033483 134.4403366709245 28
1739453033486 133.28240437311902 29
1739453033488 132.12949707198743 30
1739453033490 130.98161457523028 31
1739453033492 129.83875668522748 32
1739453033495 128.70092320047814 33
1739453033497 127.5681139167195 34
1739453033500 126.44032862779589 35
1739453033503 125.31756712633243 36
1739453033506 124.19982920425699 37
1739453033508 123.08711465320354 38
1739453033512 121.97942326482436 39
1739453033515 120.87675483103028 40
1739453033517 119.77910914417548 41
1739453033520 118.68648599719998 42
1739453033522 117.59888518373843 43
1739453033524 116.5163064982031 44
1739453033526 115.43874973584732 45
1739453033528 114.36621469281359 46
1739453033531 113.29870116616947 47
1739453033533 112.23620895393489 48
1739453033535 111.17873785510221 49
1739453033537 110.12628766965094 50
1739453033539 109.07885819855846 51
1739453033542 108.0364492438075 52
1739453033544 106.99906060839132 53
1739453033546 105.96669209631695 54
1739453033549 104.9393435126073 55
1739453033551 103.91701466330198 56
1739453033553 102.89970535545739 57
1739453033555 101.88741539714616 58
1739453033557 100.88014459745654 59
1739453033559 99.87789276649082 60
1739453033562 98.88065971536398 61
1739453033564 97.88844525620202 62
1739453033567 96.90124920214006 63
1739453033569 95.91907136732051 64
1739453033571 94.94191156689097 65
1739453033573 93.96976961700226 66
1739453033575 93.0026453348063 67
1739453033578 92.04053853845397 68
1739453033580 91.08344904709301 69
1739453033583 90.1313766808658 70
1739453033586 89.1843212609072 71
1739453033588 88.24228260934235 72
1739453033590 87.30526054928455 73
1739453033592 86.3732549048329 74
1739453033595 85.44626550107023 75
1739453033598 84.52429216406074 76
1739453033600 83.60733472084786 77
1739453033602 82.69539299945197 78
1739453033604 81.78846682886814 79
1739453033607 80.88655603906385 80
1739453033609 79.98966046097676 81
1739453033613 79.09777992651239 82
1739453033615 78.21091426854184 83
1739453033617 77.32906332089948 84
1739453033620 76.4522269183806 85
1739453033623 75.58040489673915 86
1739453033625 74.71359709268538 87
1739453033628 73.85180334388342 88
1739453033632 72.99502348894902 89
1739453033634 72.14325736744709 90
1739453033637 71.29650481988938 91
1739453033639 70.45476568773199 92
1739453033641 69.61803981337307 93
1739453033643 68.78632704015031 94
1739453033646 67.95962721233846 95
1739453033649 67.13794017514701 96
1739453033651 66.32126577471759 97
1739453033653 65.50960385812152 98
1739453033655 64.70295427335736 99
