1739449367565 85.27205956240687 0
1739449367573 25.02141519403783 1
1739449367579 0.5353406517247503 2
1739449367584 0.4993007466839138 3
1739449367588 0.10432439418232914 4
1739449367593 0.33545647456300065 5
1739449367598 0.20904537260831177 6
1739449367602 0.2372295695205265 7
1739449367606 0.510401909328443 8
1739449367611 0.06660477018182503 9
1739449367615 0.3200434181076213 10
1739449367619 0.024328966310680326 11
1739449367622 0.49301230270083224 12
1739449367625 0.021002163912933972 13
1739449367632 0.4091052798753476 14
1739449367635 0.5582051763474845 15
1739449367640 0.01222935038742174 16
1739449367645 0.13006054030941547 17
1739449367650 0.17396576612741382 18
1739449367655 0.20299727802897163 19
1739449367661 0.35703002043480353 20
1739449367666 0.018284461615239563 21
1739449367670 0.0407378041365829 22
1739449367673 0.6079859929814798 23
1739449367677 0.062363503497748524 24
1739449367682 0.09041950197316428 25
1739449367685 0.06316613467848255 26
1739449367687 0.0900621210158367 27
1739449367690 0.03572088513625141 28
1739449367694 0.17475655014419553 29
1739449367699 0.14764284174810977 30
1739449367702 0.5076174497861896 31
1739449367704 0.06444425592026529 32
1739449367707 0.025183496653374486 33
1739449367713 0.2692869594790074 34
1739449367716 0.30712395000198794 35
1739449367718 0.17502996958118616 36
1739449367721 0.6696901057055666 37
1739449367724 0.1214479483044927 38
1739449367727 0.12311965483185625 39
1739449367732 0.026069263643844383 40
1739449367735 0.0963870252031749 41
1739449367737 0.42712483233552356 42
1739449367740 0.16159422169305637 43
1739449367743 0.0338404200485069 44
1739449367748 0.024385893217823345 45
1739449367752 0.019027587035537478 46
1739449367754 0.08769771577385814 47
1739449367758 0.07204197386595482 48
1739449367763 0.04393588357906645 49
1739449367766 0.0770496861275945 50
1739449367770 0.09937646723085748 51
1739449367774 0.3675193576753402 52
1739449367780 0.7901076752950387 53
1739449367784 0.05610891914613114 54
1739449367787 0.13932716273319273 55
1739449367790 0.04822090218579071 56
1739449367795 0.01619317540279635 57
1739449367800 0.23291220404005758 58
1739449367804 0.026955424577750645 59
1739449367806 0.06791297769775907 60
1739449367810 0.1704959123577156 61
1739449367817 0.016145611048861398 62
