1739353487094 145.46867463275805 0
1739353487104 97.47763649973584 1
1739353487114 74.60186938545803 2
1739353487123 48.51957440632144 3
1739353487132 33.718660110678954 4
1739353487141 14.288286292330067 5
1739353487150 5.90431932778241 6
1739353487159 0.5761395319173704 7
1739353487168 0.08737237264926732 8
1739353487175 0.0988155293654964 9
1739353487184 0.06761457663061654 10
1739353487193 0.10640884337996467 11
1739353487205 0.05468531162427451 12
1739353487216 0.06924598950641601 13
1739353487229 0.09981896565581862 14
1739353487241 0.002025566519126014 15
1739353487250 0.046851430066483665 16
