1739451610716 45.73344098113825 0
1739451610722 0.16977646573557784 1
1739451610728 0.07813309254857748 2
1739451610732 0.11388273265034789 3
1739451610737 0.10980760105970834 4
1739451610743 0.0604669017810692 5
1739451610747 0.08063967261539899 6
1739451610751 0.1530291482615775 7
1739451610758 0.11121555844997644 8
1739451610763 0.1491177270351679 9
1739451610767 0.04235591549223817 10
1739451610775 0.14574192926168011 11
1739451610782 0.13919707361623584 12
1739451610788 0.3854996515711029 13
1739451610794 0.21127575331043189 14
1739451610799 0.1755998898288223 15
1739451610805 0.12546594703454653 16
1739451610813 0.1334489158726005 17
1739451610818 0.11835726537535105 18
1739451610823 0.10834428387508672 19
1739451610829 0.05601875092042774 20
1739451610833 0.2103795418898533 21
1739451610839 0.27076379923674637 22
1739451610845 0.1326306349826169 23
1739451610849 0.10297178019733091 24
1739451610853 0.1344907926035968 25
1739451610861 0.15593423313547627 26
1739451610865 0.06925423245547839 27
1739451610869 0.17490387984993883 28
1739451610876 0.20301848284000804 29
1739451610881 0.13552309471072932 30
1739451610884 0.12432609462486997 31
1739451610891 0.09913386143099281 32
1739451610897 0.13499447986240226 33
1739451610902 0.07934468857726376 34
1739451610908 0.17325572193212577 35
1739451610916 0.10861364868104144 36
1739451610922 0.20328200948749514 37
1739451610930 0.09776253012925233 38
1739451610935 0.15056656515986735 39
1739451610940 0.16498132917092675 40
1739451610945 0.13292562013242387 41
1739451610949 0.15400187638121546 42
1739451610953 0.32843383977194573 43
1739451610960 0.23643374971798578 44
1739451610964 0.414998729226986 45
1739451610969 0.171350256645369 46
1739451610975 0.19271398864164985 47
1739451610981 0.05697045495999893 48
1739451610985 0.16731336736880426 49
1739451610992 0.15535014602510927 50
1739451610997 0.1137866721274212 51
1739451611001 0.16323374916131334 52
1739451611008 0.19461276115752577 53
1739451611013 0.17337987380262052 54
1739451611017 0.07298425614259725 55
1739451611022 0.10781497839160584 56
1739451611028 0.0970598804351421 57
1739451611034 0.115215967577322 58
1739451611039 0.1725935050232917 59
1739451611045 0.17888851395532473 60
1739451611049 0.1718801525653146 61
1739451611053 0.07916579097103038 62
1739451611060 0.24663341433111513 63
1739451611065 0.11027668560127235 64
